10 13
10 1 0 29 2 1 78 12 78 2 2 9 11 9 2 3 36 10 36 1 4 49 1 5 11 1 6 62 1 7 56 1 8 44 1 9 21
10 1 0 43 2 2 90 11 90 1 4 75 1 9 11 2 3 69 10 69 2 1 28 12 28 1 6 46 1 5 46 1 7 72 1 8 30
10 2 1 91 12 91 1 0 85 2 3 39 10 39 2 2 74 11 74 1 8 90 1 5 10 1 7 12 1 6 89 1 9 45 1 4 33
10 2 1 81 12 81 2 2 95 11 95 1 0 71 1 4 99 1 6 9 1 8 52 1 7 85 2 3 98 10 98 1 9 22 1 5 43
10 2 2 14 11 14 1 0 6 2 1 22 12 22 1 5 61 2 3 26 10 26 1 4 69 1 8 21 1 7 49 1 9 72 1 6 53
10 2 2 84 11 84 2 1 2 12 2 1 5 52 2 3 95 10 95 1 8 48 1 9 72 1 0 47 1 6 65 1 4 6 1 7 25
10 2 1 46 12 46 1 0 37 2 3 61 10 61 2 2 13 11 13 1 6 32 1 5 21 1 9 32 1 8 89 1 7 30 1 4 55
10 2 2 31 11 31 1 0 86 2 1 46 12 46 1 5 74 1 4 32 1 6 88 1 8 19 1 9 48 1 7 36 2 3 79 10 79
10 1 0 76 2 1 69 12 69 2 3 76 10 76 1 5 51 2 2 85 11 85 1 9 11 1 6 40 1 7 89 1 4 26 1 8 74
10 2 1 85 12 85 1 0 13 2 2 61 11 61 1 6 7 1 8 64 1 9 76 1 5 47 2 3 52 10 52 1 4 90 1 7 45
