15 13
10 1 7 8 2 9 75 10 75 1 0 72 2 6 74 11 74 1 4 30 1 8 43 2 2 38 12 38 1 5 98 1 1 26 1 3 19
10 2 6 19 11 19 1 8 73 1 3 43 1 0 23 1 1 85 1 4 39 1 5 13 2 9 26 10 26 2 2 67 12 67 1 7 9
10 1 1 50 1 3 93 1 5 80 1 4 7 1 0 55 2 2 61 12 61 2 6 57 11 57 1 8 72 2 9 42 10 42 1 7 46
10 1 1 68 1 7 43 1 4 99 2 6 60 11 60 1 5 68 1 0 91 1 8 11 1 3 96 2 9 11 10 11 2 2 72 12 72
10 1 7 84 2 2 34 12 34 1 8 40 1 5 7 1 1 70 2 6 74 11 74 1 3 12 1 0 43 2 9 69 10 69 1 4 30
10 1 8 60 1 0 49 1 4 59 1 5 72 2 9 63 10 63 1 1 69 1 7 99 2 6 45 11 45 1 3 27 2 2 9 12 9
10 2 6 71 11 71 2 2 91 12 91 1 8 65 1 1 90 2 9 98 10 98 1 4 8 1 7 50 1 0 75 1 5 37 1 3 17
10 1 8 62 1 7 90 1 5 98 1 3 31 2 2 91 12 91 1 4 38 2 9 72 10 72 1 1 9 1 0 72 2 6 49 11 49
10 1 4 35 1 0 39 2 9 74 10 74 1 5 25 1 7 47 1 3 52 2 2 63 12 63 1 8 21 2 6 35 11 35 1 1 80
10 2 9 58 10 58 1 0 5 1 3 50 1 8 52 1 1 88 2 6 20 11 20 2 2 68 12 68 1 5 24 1 4 53 1 7 57
10 1 7 99 1 3 91 1 4 33 1 5 19 2 2 18 12 18 2 6 38 11 38 1 0 24 2 9 35 10 35 1 1 49 1 8 9
10 1 0 68 1 3 60 2 2 77 12 77 1 7 10 1 8 60 1 5 15 2 9 72 10 72 1 1 18 2 6 90 11 90 1 4 18
10 2 9 79 10 79 1 1 60 1 3 56 2 6 91 11 91 2 2 40 12 40 1 8 86 1 7 72 1 0 80 1 5 89 1 4 51
10 1 4 10 2 2 92 12 92 1 5 23 2 6 46 11 46 1 8 40 1 7 72 1 3 6 1 1 23 1 0 95 2 9 34 10 34
10 2 2 24 12 24 1 5 29 2 9 49 10 49 1 8 55 1 0 47 2 6 77 11 77 1 3 77 1 7 8 1 1 28 1 4 48
