15 17
15 1 9 65 1 10 28 1 4 74 1 12 33 1 2 51 3 14 75 15 75 16 75 1 5 73 1 8 32 1 6 13 1 3 81 1 1 35 1 7 59 1 13 38 1 11 55 1 0 27
15 1 0 64 1 1 53 1 11 83 1 2 33 1 4 6 1 9 52 3 14 72 15 72 16 72 1 8 7 1 13 90 1 12 21 1 6 23 1 3 10 1 10 39 1 5 49 1 7 72
15 3 14 73 15 73 16 73 1 3 82 1 1 23 1 12 62 1 6 88 1 5 21 1 8 65 1 11 70 1 7 53 1 10 81 1 2 93 1 13 77 1 0 61 1 9 28 1 4 78
15 1 1 12 1 6 51 1 7 33 1 4 15 3 14 72 15 72 16 72 1 10 98 1 9 94 1 5 12 1 11 42 1 2 24 1 13 15 1 8 28 1 3 6 1 12 99 1 0 41
15 1 12 97 1 5 7 1 9 96 1 4 15 3 14 73 15 73 16 73 1 13 43 1 0 32 1 8 22 1 11 42 1 1 94 1 2 23 1 7 86 1 6 78 1 10 24 1 3 31
15 1 1 72 1 5 88 1 2 93 1 13 13 1 4 44 3 14 66 15 66 16 66 1 6 63 1 7 14 1 9 67 1 10 17 1 11 85 1 0 35 1 3 68 1 12 5 1 8 49
15 1 9 15 1 7 82 1 6 21 3 14 53 15 53 16 53 1 3 72 1 13 49 1 2 99 1 4 26 1 12 56 1 8 45 1 1 68 1 10 51 1 0 8 1 5 27 1 11 96
15 1 3 54 1 7 24 1 4 14 1 8 38 1 5 36 1 2 52 3 14 55 15 55 16 55 1 12 37 1 11 48 1 0 93 1 13 60 1 10 70 1 1 23 1 6 23 1 9 83
15 1 3 12 1 8 69 1 6 26 1 9 23 3 14 28 15 28 16 28 1 1 82 1 5 33 1 4 45 1 13 64 1 7 15 1 11 9 1 12 73 1 10 59 1 2 37 1 0 62
15 1 0 87 1 5 12 1 7 80 1 4 50 1 10 48 1 12 90 1 1 72 1 13 24 1 6 14 1 8 71 1 11 44 1 9 46 1 2 15 3 14 61 15 61 16 61 1 3 92
15 1 2 54 1 0 22 1 6 61 1 4 46 1 3 73 1 5 16 1 12 6 1 9 94 3 14 93 15 93 16 93 1 13 67 1 8 54 1 7 75 1 11 32 1 10 40 1 1 97
15 1 10 92 3 14 36 15 36 16 36 1 4 22 1 9 9 1 3 47 1 1 77 1 12 79 1 13 36 1 6 30 1 8 98 1 11 79 1 7 7 1 5 55 1 2 6 1 0 30
15 1 0 49 1 13 83 1 3 73 1 6 82 1 1 82 3 14 92 15 92 16 92 1 11 73 1 4 31 1 10 35 1 9 54 1 5 7 1 8 37 1 7 72 1 2 52 1 12 76
15 1 10 98 1 12 34 1 13 52 1 4 26 1 1 28 1 3 39 1 8 80 1 5 29 1 9 70 1 0 43 1 6 48 1 7 58 1 2 45 3 14 94 15 94 16 94 1 11 96
15 1 1 70 1 10 17 1 6 90 1 12 67 1 4 14 1 8 23 1 3 21 1 7 18 1 13 43 1 11 84 1 5 26 1 9 36 1 2 93 3 14 84 15 84 16 84 1 0 42
