20 5
5 2 1 4 0 15 2 2 18 0 15 1 1 4 1 3 18 5 2 8 4 2 3 5 0 7 1 7
5 2 0 3 4 13 5 2 8 4 2 3 5 0 7 1 7 2 1 4 0 15 3 0 8 4 1 1 5 3 0 3 4 13 2 2
5 5 1 18 4 1 3 19 0 9 2 3 1 3 18 2 3 11 2 9 1 1 4 3 4 12 2 14 3 19
5 2 1 4 0 15 4 3 10 2 10 1 17 4 8 4 4 18 2 13 1 2 0 5 5 3 10 4 15 0 2 2 9 1 16 2 2 15 0 6
5 3 0 3 4 13 2 2 2 2 18 0 15 5 1 18 4 1 3 19 0 9 2 3 3 4 12 2 14 3 19 1 3 5
5 5 2 8 4 2 3 5 0 7 1 7 2 2 18 0 15 2 0 15 4 7 2 1 7 0 17 2 1 4 0 15
5 1 3 5 2 0 15 4 7 2 1 4 0 15 3 0 3 4 13 2 2 4 3 6 1 17 2 15 4 7
5 4 3 6 1 17 2 15 4 7 3 2 18 0 2 3 15 4 1 14 3 14 2 19 4 15 1 1 4 2 1 7 0 17
5 5 1 18 4 1 3 19 0 9 2 3 4 3 6 1 17 2 15 4 7 3 0 8 4 1 1 5 4 1 14 3 14 2 19 4 15 2 0 17 4 15
5 2 0 15 4 7 4 3 10 2 10 1 17 4 8 2 2 15 0 6 1 3 5 5 2 16 4 17 3 10 1 10 0 7
5 1 3 18 3 0 8 4 1 1 5 5 2 8 4 2 3 5 0 7 1 7 2 0 15 4 7 2 0 17 4 15
5 3 4 12 2 14 3 19 4 3 10 2 10 1 17 4 8 2 2 15 0 6 5 2 8 4 2 3 5 0 7 1 7 5 2 16 4 17 3 10 1 10 0 7
5 2 0 17 4 15 1 3 18 4 1 17 4 19 3 5 2 12 3 2 18 0 2 3 15 3 0 8 4 1 1 5
5 2 4 1 2 5 3 2 18 0 2 3 15 4 3 10 2 10 1 17 4 8 2 2 18 0 15 5 2 8 4 2 3 5 0 7 1 7
5 5 2 8 4 2 3 5 0 7 1 7 2 4 1 2 5 3 4 12 2 14 3 19 5 2 16 4 17 3 10 1 10 0 7 2 0 17 4 15
5 5 3 10 4 15 0 2 2 9 1 16 2 3 11 2 9 1 1 4 2 0 15 4 7 1 3 5
5 5 2 8 4 2 3 5 0 7 1 7 4 1 14 3 14 2 19 4 15 3 2 18 0 2 3 15 2 2 15 0 6 5 1 18 4 1 3 19 0 9 2 3
5 1 1 4 3 0 8 4 1 1 5 2 4 1 2 5 2 2 18 0 15 2 0 15 4 7
5 3 0 3 4 13 2 2 4 3 6 1 17 2 15 4 7 4 4 18 2 13 1 2 0 5 1 3 18 2 0 3 4 13
5 1 3 5 2 1 4 0 15 1 3 18 2 0 15 4 7 5 3 10 4 15 0 2 2 9 1 16
