10 10
10 1 4 88 1 8 68 2 6 94 2 94 2 5 99 0 99 2 1 67 7 67 2 2 89 7 89 3 9 77 6 77 3 77 2 7 99 0 99 3 0 86 6 86 2 86 2 3 92 2 92
10 2 5 72 1 72 2 3 50 5 50 3 6 69 3 69 0 69 1 4 75 2 2 94 8 94 1 8 66 1 0 92 3 1 82 8 82 0 82 2 7 94 8 94 3 9 63 3 63 7 63
10 3 9 83 3 83 2 83 2 8 61 5 61 1 0 83 1 1 65 3 6 64 2 64 1 64 1 5 85 2 7 78 9 78 3 4 85 1 85 9 85 1 2 55 3 3 77 9 77 1 77
10 1 7 94 3 2 68 1 68 9 68 2 1 61 4 61 3 4 99 1 99 3 99 3 3 54 4 54 2 54 1 6 75 1 5 66 2 0 76 8 76 2 9 63 2 63 3 8 67 1 67 0 67
10 2 3 69 2 69 2 4 88 8 88 1 9 82 2 8 95 1 95 2 0 99 4 99 3 2 67 7 67 5 67 2 6 95 1 95 3 5 68 8 68 4 68 2 7 67 2 67 3 1 86 7 86 2 86
10 1 1 99 2 4 81 5 81 2 5 64 4 64 2 6 66 9 66 1 8 80 2 2 80 5 80 2 7 69 5 69 2 9 62 1 62 2 3 79 6 79 1 0 88
10 2 7 50 8 50 3 1 86 8 86 2 86 1 4 97 1 3 96 1 0 95 3 8 97 2 97 7 97 1 2 66 2 5 99 0 99 1 6 52 2 9 71 6 71
10 3 4 98 0 98 2 98 2 6 73 5 73 2 3 82 4 82 1 2 51 1 1 71 1 5 94 3 7 85 1 85 4 85 3 0 62 9 62 7 62 3 8 95 1 95 6 95 3 9 79 8 79 4 79
10 2 0 94 4 94 3 6 71 8 71 0 71 1 3 81 3 7 85 2 85 1 85 1 1 66 1 2 90 3 4 76 0 76 7 76 3 5 58 0 58 4 58 1 8 93 3 9 97 0 97 4 97
10 2 3 50 4 50 2 0 59 5 59 1 1 82 1 8 67 1 7 56 3 9 96 3 96 6 96 3 6 58 3 58 2 58 1 4 81 3 5 59 6 59 1 59 1 2 96
