10 10
10 1 7 62 1 8 24 2 5 25 2 25 2 3 84 5 84 1 4 47 2 6 38 7 38 2 2 82 7 82 3 0 93 9 93 6 93 3 9 24 3 24 0 24 3 1 66 6 66 2 66
10 2 5 47 2 47 2 2 97 5 97 2 8 92 3 92 3 9 22 8 22 3 22 3 1 93 3 93 7 93 2 4 29 6 29 1 7 56 3 3 80 8 80 0 80 2 0 78 8 78 3 6 67 3 67 9 67
10 1 1 45 3 7 46 3 46 9 46 1 6 22 2 2 26 5 26 1 9 38 1 0 69 3 4 40 2 40 1 40 1 3 33 2 8 75 9 75 3 5 96 1 96 9 96
10 1 4 85 3 8 76 9 76 1 76 1 5 68 3 9 88 1 88 2 88 2 3 36 2 36 1 6 75 3 2 56 1 56 3 56 3 1 35 4 35 2 35 1 0 77 1 7 85
10 2 8 60 0 60 2 9 20 0 20 2 7 25 9 25 2 3 63 0 63 2 4 81 3 81 2 0 52 8 52 1 1 30 2 5 98 1 98 2 6 54 4 54 3 2 86 7 86 5 86
10 2 3 87 1 87 3 9 73 8 73 5 73 3 5 51 4 51 7 51 2 2 95 6 95 1 4 65 1 1 86 1 6 22 2 8 58 4 58 1 0 80 2 7 65 5 65
10 3 5 81 6 81 9 81 1 2 53 2 7 57 2 57 3 6 71 7 71 5 71 2 9 81 1 81 2 0 43 6 43 1 4 26 2 8 54 6 54 2 3 58 8 58 2 1 69 0 69
10 1 4 20 1 6 86 3 5 21 2 21 7 21 1 8 79 2 9 62 0 62 1 2 34 2 0 27 6 27 3 1 81 0 81 2 81 2 7 30 5 30 2 3 46 4 46
10 1 9 68 1 6 66 1 5 98 3 8 86 1 86 4 86 3 7 66 9 66 4 66 2 0 56 8 56 1 3 82 3 1 95 8 95 9 95 1 4 47 2 2 78 0 78
10 3 0 30 8 30 5 30 2 3 50 1 50 1 7 34 1 2 58 3 1 77 0 77 7 77 3 5 34 0 34 4 34 1 8 84 3 4 40 0 40 9 40 1 9 46 2 6 44 3 44
