20 15
15 1 2 24 1 3 12 2 9 17 2 17 2 4 27 0 27 1 0 21 2 6 25 7 25 2 8 27 12 27 3 7 26 14 26 6 26 3 1 30 13 30 4 30 2 5 31 11 31 3 11 18 4 18 7 18 2 14 16 10 16 2 13 39 5 39 3 10 19 13 19 5 19 1 12 26
15 2 6 30 13 30 1 3 15 1 12 20 3 11 19 13 19 10 19 2 1 24 8 24 3 13 15 3 15 14 15 1 10 28 3 2 36 13 36 9 36 1 5 26 2 7 15 5 15 1 0 11 1 8 23 3 14 20 2 20 1 20 1 9 26 2 4 28 14 28
15 3 6 35 4 35 3 35 3 0 22 9 22 1 22 1 13 23 3 7 32 6 32 2 32 2 2 20 7 20 1 3 12 3 12 19 6 19 13 19 3 10 23 4 23 7 23 1 9 17 1 1 14 2 5 16 13 16 2 11 29 7 29 3 8 16 1 16 0 16 2 4 22 8 22 2 14 22 10 22
15 1 9 20 1 6 29 2 1 19 11 19 2 7 14 4 14 3 12 33 7 33 0 33 2 4 30 1 30 3 0 32 8 32 4 32 2 5 21 7 21 3 11 29 12 29 9 29 2 10 24 4 24 1 14 25 2 2 29 5 29 3 3 13 1 13 4 13 1 8 20 2 13 18 2 18
15 3 11 23 7 23 0 23 2 13 20 1 20 2 1 28 3 28 2 6 32 8 32 3 7 16 1 16 8 16 2 5 18 0 18 1 8 24 1 9 23 3 3 24 12 24 9 24 2 10 34 5 34 1 2 24 2 0 24 6 24 3 14 28 5 28 2 28 2 12 15 10 15 2 4 18 12 18
15 1 8 24 1 11 19 3 14 21 6 21 4 21 3 1 33 9 33 12 33 3 7 34 1 34 13 34 1 6 35 3 5 40 3 40 4 40 1 10 36 2 3 23 5 23 3 2 26 5 26 3 26 2 4 15 3 15 3 9 28 7 28 6 28 1 13 38 1 12 13 3 0 25 5 25 7 25
15 3 13 27 0 27 4 27 1 3 30 3 6 21 10 21 9 21 1 8 19 2 12 12 3 12 3 4 27 7 27 0 27 1 2 39 1 9 13 1 14 12 3 5 36 8 36 1 36 3 10 21 3 21 11 21 3 11 17 0 17 1 17 1 1 29 1 0 17 1 7 33
15 2 5 27 2 27 2 4 19 9 19 2 6 29 4 29 3 9 20 11 20 13 20 1 3 21 3 10 40 5 40 14 40 3 8 14 1 14 9 14 3 14 39 7 39 12 39 3 13 39 10 39 1 39 2 2 27 6 27 3 1 36 10 36 13 36 2 12 12 5 12 1 11 37 3 7 22 8 22 10 22 1 0 13
15 2 13 32 8 32 1 11 29 1 8 24 2 3 27 2 27 1 5 40 1 4 21 1 9 26 3 0 27 7 27 12 27 2 14 27 5 27 2 6 16 14 16 2 2 21 3 21 2 10 13 1 13 1 7 28 2 12 28 6 28 2 1 32 10 32
15 1 12 35 3 1 11 3 11 9 11 3 5 39 9 39 2 39 3 14 18 12 18 7 18 1 7 23 1 0 34 3 3 24 4 24 13 24 3 13 11 8 11 10 11 2 8 30 14 30 1 11 31 2 4 15 7 15 3 10 15 2 15 11 15 2 2 28 10 28 1 9 26 3 6 33 8 33 5 33
15 2 10 28 9 28 1 5 37 2 12 29 3 29 3 1 31 8 31 10 31 1 7 25 2 8 13 14 13 3 14 14 13 14 8 14 3 4 20 8 20 12 20 3 3 27 12 27 11 27 2 9 25 2 25 3 13 31 7 31 6 31 2 11 14 13 14 2 6 25 9 25 1 2 39 3 0 36 3 36 11 36
15 3 0 22 3 22 4 22 3 11 25 13 25 12 25 2 5 28 12 28 1 13 35 1 4 31 3 8 21 6 21 0 21 1 9 20 3 14 19 12 19 5 19 2 2 29 14 29 3 7 32 12 32 13 32 1 10 18 1 1 18 1 3 11 3 12 17 9 17 3 17 3 6 15 4 15 14 15
15 2 12 39 8 39 2 5 32 10 32 2 2 36 0 36 1 8 14 2 3 28 9 28 1 13 37 2 0 38 1 38 1 6 20 2 7 19 10 19 1 11 12 1 14 22 1 1 36 2 4 15 3 15 2 9 32 6 32 2 10 16 5 16
15 1 8 28 1 1 29 3 14 40 4 40 0 40 2 12 23 10 23 3 4 34 12 34 2 34 1 5 33 3 6 27 4 27 14 27 3 10 17 11 17 0 17 2 0 20 12 20 3 7 28 5 28 10 28 1 11 21 2 2 21 5 21 2 13 20 4 20 2 9 33 12 33 3 3 27 11 27 4 27
15 2 9 21 12 21 1 14 34 1 3 30 1 12 38 2 0 11 1 11 2 11 16 13 16 3 2 14 12 14 4 14 2 5 14 13 14 3 1 34 8 34 2 34 3 8 33 5 33 12 33 3 4 23 3 23 1 23 3 13 40 1 40 14 40 1 10 12 2 6 23 3 23 2 7 27 1 27
15 2 9 13 3 13 2 14 40 4 40 1 7 36 1 4 17 1 0 13 2 5 33 14 33 1 8 25 3 13 24 4 24 2 24 3 10 23 6 23 1 23 3 3 36 10 36 6 36 2 2 29 5 29 1 1 18 1 11 13 3 6 33 12 33 11 33 1 12 13
15 1 3 25 1 5 15 2 2 28 0 28 1 12 40 2 7 39 11 39 1 1 31 2 8 35 12 35 3 6 31 10 31 3 31 3 11 36 6 36 14 36 1 4 12 2 10 33 1 33 2 14 19 3 19 3 9 16 13 16 0 16 1 13 27 3 0 21 3 21 10 21
15 2 12 22 9 22 3 10 14 12 14 2 14 1 0 12 1 2 20 1 5 12 1 1 18 2 11 17 5 17 2 8 39 0 39 2 14 31 10 31 1 3 31 2 7 32 8 32 2 9 20 2 20 2 13 29 3 29 2 4 13 11 13 1 6 26
15 1 5 18 1 10 30 2 7 38 3 38 1 14 22 1 13 15 2 11 20 7 20 2 9 16 14 16 1 3 17 2 1 12 0 12 2 2 13 11 13 2 12 40 7 40 2 6 17 9 17 3 8 30 5 30 4 30 2 4 38 14 38 3 0 13 13 13 7 13
15 2 9 31 14 31 2 8 39 13 39 1 12 27 2 1 14 6 14 2 5 33 4 33 1 3 31 1 11 22 3 13 36 11 36 3 36 1 0 16 2 7 11 3 11 2 14 14 1 14 1 4 29 3 6 28 11 28 13 28 3 2 22 8 22 9 22 3 10 17 9 17 14 17
