20 15
15 1 0 19 1 9 33 2 2 32 1 32 1 13 18 1 10 39 2 8 34 7 34 2 6 25 12 25 3 4 36 14 36 6 36 3 11 40 13 40 4 40 2 12 33 5 33 3 1 31 2 31 4 31 2 14 30 4 30 2 3 34 1 34 2 5 26 8 26 2 7 13 5 13
15 1 9 11 2 10 22 13 22 1 14 19 1 5 12 3 4 25 13 25 10 25 2 6 38 8 38 3 0 29 3 29 14 29 1 7 39 3 13 19 9 19 12 19 2 11 22 5 22 1 1 23 1 3 20 3 2 40 1 40 6 40 2 12 19 14 19 3 8 26 6 26 4 26
15 1 3 25 3 8 17 9 17 1 17 1 11 24 3 13 40 6 40 2 40 2 10 32 7 32 1 14 16 3 5 39 6 39 13 39 3 9 19 4 19 7 19 1 0 24 1 1 39 2 4 17 5 17 2 2 35 10 35 2 7 38 14 38 2 6 20 0 20 2 12 31 8 31
15 2 14 22 10 22 1 3 36 1 2 34 2 12 17 11 17 2 4 30 2 30 2 13 12 0 12 2 1 13 14 13 3 6 25 0 25 8 25 2 9 12 7 12 2 7 18 11 18 1 10 31 1 0 39 1 5 40 2 8 26 4 26 1 11 37
15 2 12 32 5 32 3 14 15 1 15 4 15 1 1 35 2 7 13 2 13 3 8 32 7 32 0 32 2 11 23 1 23 2 6 22 1 22 1 4 21 2 0 38 8 38 3 2 38 1 38 8 38 2 3 40 0 40 1 10 31 1 5 11 3 13 37 12 37 9 37 2 9 16 5 16
15 1 10 23 2 12 38 6 38 3 8 11 5 11 2 11 2 14 27 10 27 2 9 11 4 11 1 6 25 1 5 14 1 4 12 3 2 27 6 27 4 27 3 11 26 9 26 12 26 3 7 29 1 29 13 29 1 3 28 3 13 21 3 21 4 21 1 0 20 2 1 30 5 30
15 3 6 39 5 39 3 39 2 8 38 3 38 3 0 15 7 15 6 15 1 12 27 1 10 22 3 9 27 5 27 7 27 3 2 32 0 32 4 32 1 4 40 3 3 12 10 12 9 12 1 13 20 2 14 21 3 21 3 11 22 7 22 0 22 1 5 17 1 7 38 1 1 27
15 3 11 11 8 11 1 11 3 13 24 3 24 11 24 3 10 38 0 38 11 38 1 8 15 2 9 19 6 19 1 14 13 1 5 30 2 0 26 2 26 2 2 29 9 29 2 6 33 4 33 3 12 21 11 21 13 21 1 1 15 3 3 21 5 21 14 21 3 4 28 8 28 1 28 3 7 33 9 33 2 33
15 2 8 20 12 20 3 6 17 10 17 13 17 2 5 26 10 26 1 3 34 3 9 23 10 23 13 23 2 0 16 5 16 1 2 18 3 4 35 7 35 8 35 2 12 24 3 24 2 10 16 8 16 1 11 26 1 7 12 2 14 13 2 13 1 13 27 1 1 19
15 1 1 18 3 7 37 12 37 4 37 3 14 27 10 27 3 27 2 9 40 1 40 1 5 40 2 6 17 7 17 2 8 22 10 22 1 3 17 3 10 30 3 30 9 30 3 0 38 9 38 2 38 3 4 21 12 21 7 21 1 12 32 1 11 24 3 13 24 4 24 2 24 3 2 30 10 30 4 30
15 3 11 19 12 19 7 19 2 0 22 5 22 3 13 36 11 36 4 36 2 6 18 12 18 3 5 22 8 22 10 22 1 3 17 1 14 35 2 10 34 3 34 3 7 23 8 23 10 23 1 8 19 2 2 29 8 29 3 1 22 5 22 13 22 3 12 17 5 17 8 17 1 4 33 3 9 39 12 39 11 39
15 2 6 32 2 32 3 3 22 7 22 6 22 2 12 24 11 24 2 5 13 1 13 1 4 13 1 1 11 3 0 11 3 11 11 11 3 13 25 3 25 4 25 3 8 13 13 13 12 13 2 2 15 12 15 1 10 33 1 11 17 3 14 16 6 16 0 16 1 9 38 3 7 24 12 24 5 24
15 2 14 16 11 16 1 13 16 2 1 37 12 37 1 8 25 1 2 26 3 3 11 9 11 2 11 2 9 34 14 34 2 4 14 8 14 2 0 20 10 20 2 6 36 0 36 1 12 12 2 5 29 9 29 1 10 25 2 7 32 1 32 1 11 12
15 2 8 20 10 20 1 10 24 1 11 27 1 9 38 2 5 34 3 34 2 12 39 6 39 2 7 33 5 33 1 4 37 1 2 31 3 13 15 4 15 0 15 2 14 34 10 34 3 3 33 4 33 12 33 2 6 26 2 26 1 1 36 3 0 14 4 14 14 14
15 3 8 31 11 31 0 31 2 0 17 12 17 3 9 13 5 13 10 13 1 1 21 2 10 17 5 17 2 7 19 4 19 2 13 14 12 14 3 3 40 11 40 4 40 2 5 32 12 32 1 11 25 1 2 34 1 14 23 2 6 13 1 13 2 12 40 13 40 3 4 26 12 26 2 26
15 2 8 38 4 38 2 12 17 11 17 3 3 14 2 14 14 14 3 13 17 12 17 2 17 2 4 12 3 12 2 1 35 8 35 2 6 35 14 35 1 0 19 2 10 36 3 36 2 7 19 1 19 2 9 29 3 29 2 2 31 14 31 2 5 26 3 26 1 11 35 1 14 37
15 2 14 20 6 20 3 3 16 4 16 2 16 3 0 33 6 33 1 33 3 10 14 3 14 6 14 2 5 27 6 27 1 7 31 3 8 16 12 16 11 16 1 6 31 1 12 28 1 9 37 2 4 37 0 37 1 2 29 2 11 38 0 38 2 1 30 12 30 3 13 36 10 36 3 36
15 3 11 18 6 18 14 18 1 3 37 2 14 16 1 16 2 6 15 3 15 3 8 14 13 14 0 14 1 12 11 3 13 32 3 32 10 32 2 5 12 9 12 3 1 11 12 11 2 11 1 10 29 1 7 19 1 4 12 1 9 18 2 2 26 5 26 2 0 39 7 39
15 2 11 11 3 11 2 2 11 8 11 2 12 22 2 22 2 9 35 3 35 2 14 20 11 20 1 7 31 1 4 19 1 3 39 2 5 28 3 28 1 6 33 1 10 34 2 1 38 7 38 2 0 20 14 20 1 13 17 2 8 28 0 28
15 2 2 12 11 12 2 12 25 7 25 2 5 23 9 23 3 8 21 5 21 4 21 2 6 27 14 27 3 9 30 13 30 7 30 2 14 23 10 23 2 11 39 6 39 2 3 26 6 26 2 13 34 4 34 1 7 17 1 1 24 3 4 12 11 12 3 12 1 0 19 2 10 36 3 36
