20 15
15 1 6 14 1 5 21 2 8 13 2 13 2 4 11 0 11 1 1 11 2 14 35 7 35 2 13 20 12 20 3 11 17 14 17 6 17 3 10 18 13 18 4 18 2 12 11 5 11 3 2 23 4 23 7 23 2 3 13 10 13 2 0 15 13 15 3 7 11 8 11 13 11 3 9 35 3 35 7 35
15 2 1 35 6 35 1 5 31 3 0 13 13 13 10 13 2 3 26 8 26 3 6 14 3 14 14 14 1 9 17 3 7 38 13 38 9 38 1 12 20 2 10 19 5 19 1 13 12 1 8 16 3 4 34 2 34 1 34 1 11 15 2 14 12 6 12 2 2 14 3 14
15 3 0 30 9 30 1 30 1 4 35 3 2 40 6 40 4 40 2 10 35 9 35 3 6 30 13 30 2 30 2 14 23 7 23 1 8 29 1 13 37 2 7 38 5 38 2 3 40 10 40 2 9 26 14 26 2 12 11 0 11 2 1 40 8 40 2 11 36 10 36 1 5 17
15 1 7 40 2 5 18 11 18 2 4 12 2 12 2 8 23 0 23 2 0 23 1 23 3 9 14 8 14 0 14 3 13 16 4 16 7 16 2 12 14 11 14 1 10 23 1 3 12 1 6 16 2 14 32 4 32 1 1 40 2 11 25 5 25 3 2 29 1 29 4 29
15 1 2 35 2 3 15 2 15 3 12 31 7 31 0 31 2 11 28 1 28 2 6 32 1 32 1 4 30 2 10 27 8 27 3 7 29 1 29 8 29 2 0 38 3 38 3 13 11 12 11 9 11 2 1 23 5 23 1 14 17 2 5 27 6 27 3 9 37 5 37 2 37 2 8 29 10 29
15 2 5 33 4 33 1 3 33 1 6 19 1 12 40 3 10 19 6 19 4 19 3 0 33 9 33 12 33 3 13 26 1 26 6 26 3 2 31 3 31 4 31 1 11 28 2 7 36 5 36 3 4 38 5 38 3 38 2 1 21 3 21 3 14 25 7 25 6 25 1 9 40 1 8 35
15 3 13 25 5 25 7 25 3 0 32 4 32 5 32 2 11 33 9 33 1 12 18 2 4 32 3 32 3 6 28 7 28 0 28 1 5 15 1 3 35 1 9 14 3 2 34 8 34 1 34 3 7 23 3 23 11 23 3 10 32 0 32 11 32 1 1 17 2 14 26 6 26 1 8 19
15 1 2 16 2 12 33 2 33 2 9 34 10 34 2 11 30 13 30 1 13 40 3 8 12 5 12 14 12 3 14 26 8 26 1 26 3 5 26 9 26 2 26 2 6 15 12 15 3 3 21 10 21 13 21 2 1 40 10 40 1 4 32 3 0 14 10 14 13 14 2 7 30 5 30 1 10 35
15 3 2 17 7 17 8 17 2 10 16 3 16 2 14 20 8 20 1 6 24 1 8 26 2 3 36 2 36 1 12 22 1 0 14 1 13 11 3 9 20 7 20 12 20 2 7 23 5 23 2 1 29 14 29 2 11 23 3 23 2 4 15 1 15 1 5 40
15 2 4 27 6 27 2 9 37 1 37 2 3 40 6 40 3 11 14 3 14 9 14 3 13 25 9 25 2 25 3 7 30 12 30 9 30 1 0 34 3 2 11 4 11 13 11 3 5 15 8 15 10 15 2 12 32 14 32 1 1 36 2 10 12 7 12 3 14 28 2 28 11 28 2 8 31 10 31 1 6 23
15 3 13 25 8 25 5 25 2 0 22 9 22 1 3 27 2 8 14 3 14 3 5 25 8 25 10 25 1 6 20 2 14 18 8 18 3 7 14 5 14 13 14 3 1 19 5 19 8 19 1 2 17 3 4 27 12 27 11 27 2 9 22 2 22 3 12 22 7 22 6 22 2 11 27 13 27 2 10 21 9 21
15 1 14 34 3 10 15 3 15 11 15 3 0 22 3 22 4 22 3 3 29 13 29 12 29 2 13 34 12 34 1 6 40 1 7 17 3 2 32 6 32 0 32 1 12 20 3 5 39 12 39 13 39 3 4 31 11 31 12 31 2 11 16 12 16 1 1 37 1 8 33 3 9 13 3 13 2 13
15 2 6 12 14 12 2 12 27 8 27 2 4 17 10 17 2 2 24 0 24 1 8 11 2 5 19 9 19 1 14 11 2 3 17 1 17 1 9 25 2 1 11 10 11 1 11 31 1 13 33 1 7 31 2 10 12 3 12 2 0 22 6 22
15 2 5 22 9 22 1 14 15 3 0 16 4 16 10 16 3 8 32 4 32 12 32 2 7 20 2 20 1 4 22 3 9 11 4 11 14 11 3 13 19 11 19 0 19 2 1 30 12 30 3 12 33 5 33 10 33 1 6 29 2 11 18 5 18 2 3 34 4 34 2 10 32 12 32 3 2 18 11 18 4 18
15 2 5 27 12 27 1 3 26 1 10 28 1 6 37 2 4 18 1 18 2 12 12 13 12 3 11 11 12 11 2 11 2 13 26 4 26 2 7 27 11 27 3 9 40 2 40 14 40 3 14 19 12 19 2 19 2 1 24 3 24 2 2 18 8 18 2 0 12 14 12 1 8 34
15 2 8 15 3 15 2 5 28 1 28 2 9 25 3 25 2 6 32 14 32 2 1 13 3 13 1 7 38 1 11 11 2 2 34 14 34 1 4 25 3 0 20 4 20 2 20 3 10 32 6 32 1 32 3 3 23 10 23 6 23 2 12 14 5 14 1 14 16 1 13 20
15 3 1 15 12 15 11 15 1 4 13 1 8 37 1 3 14 2 10 22 0 22 1 5 24 2 12 26 11 26 1 7 22 2 9 34 12 34 3 14 22 10 22 3 22 3 11 19 6 19 14 19 1 13 32 2 0 29 1 29 2 2 13 3 13 3 6 35 13 35 0 35
15 1 7 36 3 5 33 3 33 10 33 2 13 28 9 28 3 9 20 12 20 2 20 1 10 30 1 4 33 1 14 29 1 0 34 2 3 22 5 22 2 11 12 0 12 2 6 30 10 30 1 8 12 2 1 35 8 35 2 2 13 1 13 1 12 35
15 2 14 26 11 26 1 11 31 1 5 35 1 2 38 2 13 19 3 19 1 10 35 1 4 27 2 8 29 7 29 2 3 39 14 39 1 9 13 2 6 14 0 14 2 7 26 11 26 2 0 17 7 17 2 1 22 9 22 3 12 15 5 15 4 15
15 2 1 36 14 36 3 7 34 13 34 10 34 3 11 33 10 33 13 33 1 8 17 2 14 38 6 38 2 6 39 4 39 1 5 16 1 3 27 3 13 29 11 29 3 29 1 2 16 2 0 16 3 16 2 4 19 1 19 1 9 40 3 12 35 11 35 13 35 3 10 39 8 39 2 39
