10 6
6 1 0 333 1 1 991 2 2 996 1 996 1 3 123 1 4 145 2 5 234 1 234
6 2 0 333 3 333 3 1 111 5 111 0 111 3 2 663 1 663 4 663 3 3 456 2 456 1 456 2 4 785 1 785 2 5 532 1 532
6 3 0 252 2 252 1 252 3 1 222 3 222 4 222 1 2 222 1 3 789 3 4 214 2 214 5 214 1 5 586
6 3 0 222 3 222 2 222 2 1 204 3 204 1 2 114 2 3 876 5 876 1 4 752 1 5 532
6 3 0 255 2 255 1 255 1 1 477 2 2 123 5 123 3 3 543 1 543 5 543 1 4 143 2 5 142 0 142
6 3 0 555 3 555 2 555 2 1 566 4 566 1 2 456 3 3 210 1 210 5 210 2 4 698 3 698 1 5 573
6 2 0 558 2 558 2 1 899 4 899 2 2 789 5 789 2 3 124 0 124 2 4 532 5 532 2 5 12 4 12
6 1 0 888 1 1 965 2 2 876 5 876 2 3 537 4 537 3 4 145 1 145 3 145 2 5 14 1 14
6 3 0 889 2 889 3 889 3 1 588 4 588 2 588 1 2 543 1 3 854 1 4 247 2 5 527 4 527
6 1 0 999 2 1 889 5 889 3 2 210 4 210 1 210 1 3 632 2 4 451 2 451 3 5 856 1 856 3 856
