10 5
5 1 1 23 1 2 45 2 0 82 2 82 2 4 84 0 84 1 3 38
5 2 2 21 0 21 1 1 29 3 0 18 4 18 1 18 3 4 41 3 41 0 41 3 3 50 1 50 2 50
5 2 2 38 4 38 2 3 54 1 54 2 4 16 0 16 3 0 52 3 52 2 52 2 1 52 4 52
5 3 4 37 3 37 0 37 2 0 54 3 54 3 2 74 3 74 4 74 1 1 62 3 3 57 4 57 2 57
5 2 4 57 0 57 1 0 81 1 1 61 3 3 68 2 68 1 68 1 2 30
5 2 4 81 1 81 2 0 79 3 79 3 1 89 4 89 0 89 3 2 89 1 89 4 89 2 3 11 4 11
5 3 3 33 1 33 2 33 2 2 20 1 20 1 0 91 2 4 20 0 20 2 1 66 0 66
5 2 4 24 1 24 1 1 84 2 0 32 3 32 2 2 55 0 55 1 3 8
5 1 4 56 2 0 7 1 7 2 3 54 4 54 3 2 64 0 64 1 64 2 1 39 4 39
5 3 4 40 0 40 3 40 2 1 83 2 83 2 0 19 1 19 1 2 8 1 3 7
