15 5
5 1 0 47 1 4 57 2 1 71 2 71 2 3 96 0 96 1 2 14
5 2 0 75 2 75 2 1 60 2 60 3 4 22 1 22 3 22 2 3 79 0 79 3 2 65 1 65 4 65
5 2 3 32 4 32 2 0 33 1 33 2 2 69 0 69 3 1 31 3 31 0 31 1 4 58
5 2 0 44 3 44 1 1 34 1 4 51 3 3 58 0 58 4 58 3 2 47 4 47 3 47
5 3 3 29 2 29 4 29 1 1 44 2 0 62 1 62 1 2 17 3 4 8 2 8 1 8
5 1 1 15 2 2 40 4 40 3 0 97 1 97 4 97 1 4 38 3 3 66 4 66 1 66
5 1 2 58 3 1 39 2 39 4 39 2 0 57 4 57 3 4 20 1 20 3 20 3 3 50 4 50 2 50
5 1 2 57 1 3 32 2 4 87 0 87 2 0 63 2 63 3 1 21 0 21 3 21
5 3 4 56 2 56 0 56 1 0 84 1 2 90 2 1 85 3 85 2 3 61 2 61
5 2 4 15 0 15 2 0 20 1 20 3 1 67 3 67 0 67 3 3 30 4 30 2 30 2 2 70 1 70
5 1 4 84 1 0 82 1 1 23 2 2 45 4 45 1 3 38
5 2 3 50 0 50 3 2 21 1 21 4 21 1 0 18 2 4 41 2 41 3 1 29 2 29 0 29
5 2 4 16 1 16 2 1 52 3 52 2 0 52 3 52 3 2 38 1 38 3 38 2 3 54 0 54
5 1 4 37 1 0 54 3 3 57 2 57 4 57 2 2 74 0 74 1 1 62
5 2 4 57 1 57 3 1 61 0 61 2 61 2 0 81 1 81 2 2 30 3 30 1 3 68
