15 5
5 1 3 92 1 2 94 2 0 12 2 12 2 4 91 0 91 1 1 7
5 2 2 21 0 21 1 1 19 3 0 87 4 87 1 87 3 3 11 4 11 0 11 3 4 66 1 66 2 66
5 2 1 14 2 14 2 3 13 0 13 2 0 75 3 75 3 4 16 3 16 0 16 1 2 20
5 2 2 95 3 95 1 4 66 1 0 7 3 1 77 3 77 0 77 2 3 7 4 7
5 1 2 34 3 4 89 2 89 3 89 1 3 6 1 1 45 2 0 15 1 15
5 1 4 88 3 3 77 2 77 1 77 1 2 20 2 1 53 4 53 3 0 76 1 76 4 76
5 1 4 9 3 3 27 4 27 1 27 1 0 52 3 1 88 2 88 4 88 2 2 74 4 74
5 3 3 69 1 69 2 69 2 2 52 1 52 1 0 62 2 1 88 0 88 2 4 98 0 98
5 2 3 90 4 90 2 0 62 3 62 3 4 9 2 9 0 9 1 2 61 1 1 52
5 2 4 5 1 5 2 2 54 4 54 3 3 59 2 59 0 59 2 0 88 1 88 3 1 15 3 15 0 15
5 3 0 41 4 41 2 41 2 1 50 2 50 1 4 78 1 3 53 2 2 23 4 23
5 1 0 38 2 4 72 0 72 3 2 91 1 91 4 91 1 3 68 2 1 71 2 71
5 3 0 45 2 45 1 45 2 3 95 2 95 2 4 52 3 52 2 2 25 3 25 3 1 6 3 6 2 6
5 1 3 30 1 1 66 1 0 23 3 4 36 2 36 3 36 3 2 17 1 17 4 17
5 1 2 95 3 0 71 2 71 4 71 2 3 76 1 76 2 1 8 2 8 1 4 88
