15 5
5 1 1 66 1 3 85 2 2 84 1 84 1 0 62 1 4 19
5 2 3 59 2 59 2 1 64 2 64 3 2 46 4 46 1 46 3 4 13 3 13 0 13 3 0 25 1 25 2 25
5 2 4 88 2 88 2 3 80 0 80 2 1 73 3 73 3 2 53 3 53 0 53 1 0 41
5 2 0 14 3 14 1 1 67 1 2 57 3 3 74 0 74 4 74 3 4 47 3 47 2 47
5 3 0 84 3 84 4 84 1 4 64 2 2 41 0 41 1 3 84 1 1 78
5 3 0 63 2 63 1 63 1 3 28 2 1 46 4 46 3 2 26 1 26 4 26 1 4 52
5 3 3 10 4 10 1 10 1 2 17 3 4 73 1 73 2 73 2 1 11 2 11 1 0 64
5 3 2 67 1 67 3 67 3 1 97 4 97 2 97 1 3 95 1 4 38 2 0 85 3 85
5 2 2 95 4 95 2 4 46 0 46 2 0 59 3 59 2 1 65 0 65 1 3 93
5 1 2 43 2 4 85 1 85 2 3 32 4 32 3 1 85 2 85 0 85 2 0 60 1 60
5 3 4 49 3 49 0 49 3 3 41 4 41 2 41 2 2 61 1 61 1 0 66 1 1 90
5 1 1 17 2 0 23 4 23 1 3 70 2 4 99 0 99 3 2 49 1 49 4 49
5 1 4 40 2 3 73 2 73 3 0 73 2 73 1 73 2 1 98 2 98 2 2 68 3 68
5 2 3 57 1 57 2 1 9 3 9 2 2 7 0 7 1 0 13 1 4 98
5 3 0 37 2 37 4 37 2 1 85 0 85 1 2 17 2 4 79 1 79 3 3 41 0 41 2 41
