15 5
5 1 1 58 1 2 44 2 3 5 2 5 2 0 9 1 9 2 4 58 0 58
5 1 1 89 3 0 97 4 97 1 97 3 4 96 3 96 0 96 3 3 77 1 77 2 77 2 2 84 4 84
5 2 0 77 1 77 2 1 87 0 87 3 2 81 3 81 0 81 1 4 39 2 3 85 1 85
5 1 3 57 3 1 21 3 21 0 21 2 2 31 3 31 3 0 15 3 15 4 15 1 4 73
5 3 2 48 3 48 4 48 1 0 40 2 1 49 0 49 1 3 70 1 4 71
5 3 3 34 2 34 1 34 1 4 82 2 2 80 4 80 3 0 10 1 10 4 10 1 1 22
5 3 1 91 4 91 0 91 3 4 75 1 75 2 75 2 0 55 2 55 1 2 17 3 3 7 1 7 2 7
5 2 2 62 1 62 1 3 47 2 1 72 0 72 2 4 35 0 35 2 0 11 4 11
5 2 0 64 3 64 3 3 75 2 75 0 75 1 4 50 1 1 90 2 2 94 1 94
5 2 2 67 4 67 3 4 20 2 20 0 20 2 3 15 1 15 3 0 12 3 12 4 12 2 1 71 2 71
5 3 0 52 2 52 4 52 2 4 93 0 93 2 3 68 0 68 3 2 29 1 29 4 29 1 1 57
5 2 2 70 0 70 2 0 58 1 58 2 1 93 2 93 2 4 7 3 7 2 3 77 1 77
5 2 3 27 2 27 1 2 82 1 1 63 1 4 6 3 0 95 2 95 4 95
5 2 1 87 0 87 1 2 56 2 4 36 1 36 3 0 26 2 26 4 26 2 3 48 1 48
5 2 3 76 2 76 1 2 36 1 0 36 3 4 15 1 15 0 15 1 1 8
