20 5
5 1 2 34 1 1 21 2 0 53 2 53 2 3 55 0 55 1 4 95
5 2 0 21 2 21 2 3 52 2 52 3 1 71 4 71 3 71 2 4 16 0 16 3 2 26 1 26 4 26
5 2 0 12 4 12 2 1 42 3 42 3 2 31 3 31 0 31 1 4 98 2 3 39 1 39
5 1 2 66 3 3 77 0 77 4 77 3 4 79 3 79 2 79 3 0 55 3 55 4 55 1 1 77
5 2 0 83 1 83 1 4 37 3 3 34 2 34 1 34 1 1 19 2 2 64 4 64
5 3 4 79 1 79 3 79 3 2 43 4 43 1 43 1 0 92 3 3 62 1 62 2 62 2 1 54 2 54
5 1 0 93 3 4 77 1 77 3 77 3 2 87 4 87 1 87 1 1 87 2 3 69 0 69
5 2 4 83 0 83 2 3 24 4 24 2 1 41 0 41 2 2 38 3 38 2 0 60 3 60
5 1 4 25 2 1 49 3 49 2 0 44 2 44 2 2 98 0 98 2 3 17 1 17
5 3 0 96 3 96 4 96 2 1 75 2 75 3 2 43 4 43 0 43 2 4 77 0 77 3 3 79 1 79 4 79
5 1 0 95 2 3 76 2 76 3 1 7 2 7 0 7 2 4 28 1 28 2 2 35 1 35
5 1 4 10 2 2 95 3 95 3 0 61 1 61 3 61 2 1 9 0 9 1 3 35
5 1 1 91 3 2 59 4 59 3 59 3 4 59 1 59 2 59 3 0 46 2 46 4 46 2 3 16 1 16
5 2 2 27 3 27 1 1 52 3 4 43 1 43 0 43 1 0 28 1 3 50
5 3 4 9 1 9 3 9 1 0 87 3 3 41 4 41 2 41 3 2 39 4 39 0 39 1 1 45
5 2 1 54 3 54 3 0 20 2 20 1 20 1 4 43 1 3 14 3 2 71 0 71 4 71
5 1 4 33 3 1 28 0 28 4 28 1 3 26 2 0 78 3 78 3 2 37 0 37 4 37
5 1 1 89 1 0 33 3 2 8 3 8 1 8 3 3 66 1 66 2 66 1 4 42
5 3 4 84 0 84 1 84 1 0 69 1 2 94 1 1 74 2 3 27 2 27
5 2 4 81 0 81 2 2 45 1 45 3 1 78 3 78 2 78 3 3 69 0 69 4 69 3 0 96 3 96 1 96
