20 5
5 1 1 23 1 0 82 2 4 84 2 84 2 2 45 0 45 1 3 38
5 2 3 50 2 50 2 4 41 2 41 3 1 29 4 29 3 29 2 0 18 1 18 3 2 21 4 21 0 21
5 2 4 16 3 16 3 3 54 0 54 2 54 2 1 52 4 52 3 2 38 3 38 0 38 2 0 52 3 52
5 3 1 62 3 62 4 62 1 3 57 3 4 37 3 37 2 37 2 2 74 0 74 1 0 54
5 1 3 68 3 1 61 2 61 4 61 3 2 30 1 30 4 30 1 0 81 3 4 57 1 57 0 57
5 3 1 89 2 89 4 89 2 2 89 4 89 3 3 11 1 11 2 11 2 0 79 2 79 1 4 81
5 1 1 66 2 0 91 3 91 2 3 33 2 33 3 4 20 1 20 0 20 2 2 20 3 20
5 2 3 8 0 8 1 4 24 1 2 55 2 0 32 1 32 2 1 84 4 84
5 3 0 7 2 7 1 7 2 2 64 4 64 3 1 39 0 39 3 39 2 4 56 2 56 2 3 54 1 54
5 1 0 19 1 4 40 1 3 7 2 2 8 4 8 1 1 83
5 2 0 63 4 63 2 2 64 4 64 1 3 91 2 4 40 2 40 3 1 6 2 6 0 6
5 2 1 42 2 42 2 3 61 1 61 3 4 15 1 15 3 15 2 2 98 0 98 1 0 74
5 1 1 80 3 0 26 2 26 4 26 2 3 75 0 75 1 4 6 2 2 87 1 87
5 3 2 39 0 39 4 39 2 4 22 1 22 2 0 75 2 75 1 3 24 1 1 44
5 3 1 15 4 15 0 15 1 3 79 1 4 8 3 0 12 1 12 3 12 1 2 20
5 3 3 26 4 26 2 26 3 2 43 4 43 0 43 1 0 80 2 4 22 3 22 3 1 61 2 61 4 61
5 1 2 62 3 1 36 0 36 2 36 3 0 63 4 63 1 63 1 3 96 3 4 40 2 40 0 40
5 1 1 33 1 3 18 1 0 22 3 4 5 3 5 1 5 3 2 10 3 10 1 10
5 3 2 64 0 64 1 64 1 4 64 2 0 89 1 89 1 1 96 1 3 95
5 2 2 18 4 18 2 4 23 1 23 3 3 15 2 15 4 15 3 1 38 0 38 4 38 3 0 8 3 8 1 8
