20 5
5 1 3 60 1 0 87 2 1 72 2 72 2 4 95 0 95 1 2 66
5 2 1 54 2 54 2 0 48 2 48 3 2 39 4 39 1 39 3 3 35 4 35 0 35 3 4 5 1 5 2 5
5 2 3 20 2 20 2 1 46 0 46 2 0 97 3 97 3 2 21 3 21 0 21 1 4 55
5 2 2 37 3 37 1 0 59 1 3 19 3 1 34 3 34 0 34 2 4 46 3 46
5 3 2 73 3 73 4 73 1 3 25 3 1 24 3 24 4 24 1 0 28 2 4 23 0 23
5 1 1 78 1 3 28 3 2 83 1 83 4 83 3 0 45 1 45 4 45 1 4 5
5 3 3 71 4 71 1 71 1 1 37 3 2 12 1 12 4 12 2 4 29 1 29 2 0 53 2 53
5 2 4 12 2 12 1 3 33 1 1 55 2 2 87 0 87 2 0 38 2 38
5 3 0 48 1 48 3 48 3 1 40 2 40 0 40 1 2 49 1 3 83 2 4 7 1 7
5 2 0 90 4 90 3 4 27 2 27 0 27 2 2 65 1 65 3 3 17 0 17 4 17 2 1 23 2 23
5 3 0 62 2 62 4 62 2 3 85 4 85 1 1 66 2 2 84 0 84 3 4 19 1 19 2 19
5 3 3 59 2 59 0 59 2 2 46 1 46 2 4 13 1 13 1 1 64 2 0 25 3 25
5 3 2 53 1 53 3 53 2 1 73 0 73 1 3 80 1 4 88 3 0 41 2 41 4 41
5 2 2 57 0 57 1 4 47 2 0 14 1 14 3 1 67 0 67 2 67 2 3 74 0 74
5 2 2 41 4 41 1 4 64 1 3 84 1 1 78 3 0 84 1 84 4 84
5 3 4 52 2 52 1 52 2 3 28 1 28 3 2 26 3 26 4 26 1 0 63 2 1 46 0 46
5 3 1 11 0 11 3 11 2 0 64 3 64 3 3 10 2 10 1 10 1 4 73 1 2 17
5 3 4 38 0 38 2 38 3 3 95 0 95 4 95 1 0 85 3 1 97 0 97 4 97 1 2 67
5 2 3 93 4 93 2 1 65 0 65 1 2 95 1 0 59 1 4 46
5 3 0 60 3 60 1 60 3 1 85 3 85 2 85 1 2 43 3 4 85 0 85 1 85 1 3 32
