20 5
5 1 0 6 1 2 40 2 1 81 2 81 2 3 37 0 37 1 4 19
5 2 2 40 0 40 1 3 32 3 0 55 4 55 1 55 3 4 81 3 81 0 81 3 1 9 2 9 4 9
5 2 1 46 4 46 2 4 65 1 65 2 2 70 0 70 3 3 55 0 55 2 55 2 0 77 1 77
5 1 2 21 3 4 65 3 65 0 65 2 0 64 3 64 3 3 25 4 25 2 25 3 1 15 3 15 4 15
5 1 2 85 2 0 40 1 40 1 1 44 3 3 24 2 24 1 24 1 4 37
5 2 0 89 4 89 3 4 29 1 29 3 29 3 1 83 4 83 0 83 3 3 31 1 31 2 31 2 2 84 4 84
5 3 4 59 1 59 3 59 3 3 38 4 38 2 38 1 1 80 1 2 30 2 0 8 3 8
5 2 0 80 2 80 3 2 56 1 56 0 56 2 1 77 3 77 2 4 41 0 41 1 3 97
5 1 4 56 2 0 91 1 91 2 3 50 4 50 3 2 71 0 71 1 71 2 1 17 4 17
5 3 1 40 0 40 3 40 2 0 88 2 88 2 4 59 1 59 1 2 7 1 3 80
5 1 0 45 2 1 29 4 29 1 2 8 2 4 77 0 77 3 3 58 1 58 4 58
5 1 2 36 2 0 54 2 54 3 3 96 2 96 0 96 2 1 9 2 9 2 4 10 3 10
5 2 0 28 3 28 3 2 73 1 73 3 73 2 1 98 0 98 1 3 92 1 4 87
5 3 0 70 2 70 4 70 2 3 86 0 86 1 2 27 2 1 99 2 99 3 4 96 2 96 0 96
5 2 1 95 4 95 1 0 59 1 4 56 1 3 85 3 2 41 1 41 4 41
5 3 1 81 4 81 2 81 3 2 92 1 92 3 92 1 4 32 3 0 52 3 52 4 52 1 3 39
5 2 1 7 0 7 3 4 22 0 22 3 22 2 2 12 3 12 3 0 88 2 88 1 88 1 3 60
5 1 3 45 3 0 93 2 93 4 93 1 2 69 3 4 49 0 49 1 49 1 1 27
5 3 0 21 2 21 4 21 1 1 84 1 2 61 3 3 68 1 68 4 68 1 4 26
5 3 1 82 2 82 0 82 3 2 33 0 33 1 33 1 4 71 1 0 99 1 3 44
