10 10
10 1 6 54 1 0 87 2 4 48 2 48 2 3 60 5 60 1 7 39 2 8 35 7 35 2 1 72 7 72 3 5 95 9 95 6 95 3 2 66 3 66 9 66 2 9 5 0 5
10 3 3 20 2 20 9 20 2 9 46 4 46 2 6 34 1 34 2 5 55 8 55 2 0 97 3 97 2 8 19 6 19 1 4 59 3 2 21 8 21 0 21 2 7 37 8 37 3 1 46 3 46 9 46
10 1 4 45 3 1 24 3 24 9 24 1 8 28 2 0 28 5 28 1 7 83 1 6 78 3 5 23 2 23 1 23 1 3 25 2 9 5 1 5 2 2 73 3 73
10 3 9 12 1 12 0 12 3 1 37 2 37 9 37 2 4 38 1 38 2 3 71 7 71 2 8 33 2 33 1 2 12 1 6 55 2 0 53 8 53 2 7 87 2 87 3 5 29 1 29 0 29
10 2 3 83 2 83 2 2 49 8 49 1 6 23 2 9 27 1 27 2 7 65 4 65 3 0 48 7 48 5 48 2 4 90 1 90 3 5 7 8 7 4 7 2 1 40 2 40 3 8 17 7 17 2 17
10 1 1 66 2 4 25 5 25 2 0 62 5 62 3 2 84 6 84 9 84 1 9 13 2 6 64 2 64 3 7 46 5 46 1 46 2 8 59 2 59 2 5 19 8 19 2 3 85 8 85
10 3 1 73 8 73 2 73 1 3 80 1 0 41 1 2 53 3 9 47 2 47 7 47 1 7 57 2 8 74 0 74 1 4 14 2 6 67 7 67 3 5 88 2 88 9 88
10 2 5 64 1 64 2 3 84 7 84 1 6 46 1 1 78 3 0 84 1 84 4 84 3 7 26 9 26 4 26 2 8 28 6 28 3 9 52 8 52 4 52 2 2 41 0 41 3 4 63 0 63 8 63
10 2 1 11 8 11 3 0 64 2 64 1 64 1 7 67 1 4 85 3 3 10 0 10 7 10 3 5 73 0 73 4 73 1 9 38 3 8 95 0 95 9 95 1 6 97 2 2 17 3 17
10 3 4 60 2 60 5 60 1 8 32 1 2 95 1 3 93 3 1 65 3 65 6 65 3 6 85 3 85 2 85 1 7 43 3 9 85 5 85 6 85 1 5 46 1 0 59
