10 10
10 1 2 44 1 3 5 2 5 58 2 58 2 4 97 5 97 1 0 9 2 7 84 0 84 1 8 77 3 9 96 6 96 3 96 2 1 58 0 58 3 6 89 2 89 9 89
10 2 4 15 5 15 2 7 31 3 31 3 1 87 8 87 3 87 3 8 57 3 57 7 57 2 0 77 6 77 1 3 85 3 2 81 8 81 0 81 2 5 39 8 39 3 9 73 3 73 7 73 3 6 21 3 21 9 21
10 1 9 82 2 6 22 5 22 1 4 10 1 3 70 3 1 49 2 49 6 49 3 0 40 9 40 1 40 2 8 34 3 34 3 2 48 9 48 1 48 1 7 80 3 5 71 1 71 2 71
10 2 1 91 2 91 1 2 17 3 7 62 1 62 3 62 3 5 75 4 75 2 75 1 8 47 1 4 11 2 3 7 0 7 2 6 72 0 72 2 9 35 1 35 1 0 55
10 2 6 71 3 71 2 1 90 0 90 1 3 75 1 0 64 2 2 94 1 94 2 8 15 4 15 3 4 12 7 12 5 12 2 7 67 1 67 3 9 20 8 20 5 20 3 5 50 4 50 7 50
10 2 7 70 6 70 1 5 93 1 8 77 1 2 29 2 4 58 5 58 2 6 93 5 93 3 3 68 6 68 9 68 1 1 57 2 9 7 2 7 3 0 52 7 52 5 52
10 2 6 87 1 87 2 1 63 6 63 1 4 26 2 5 6 8 6 3 2 82 1 82 8 82 2 3 27 0 27 1 7 56 1 8 48 3 9 36 2 36 7 36 1 0 95
10 2 0 36 6 36 2 5 15 6 15 3 8 41 0 41 2 41 2 9 78 5 78 2 3 76 4 76 1 6 84 1 4 30 1 7 76 3 2 36 1 36 4 36 3 1 8 9 8 7 8
10 3 5 88 1 88 8 88 1 2 81 3 3 13 8 13 9 13 1 6 82 2 4 54 0 54 3 7 13 0 13 8 13 2 8 29 5 29 2 9 40 1 40 1 1 78 1 0 75
10 3 9 88 0 88 7 88 3 4 54 0 54 5 54 2 6 64 9 64 1 7 32 2 0 52 3 52 3 2 6 5 6 4 6 1 8 54 1 5 82 3 3 6 6 6 4 6 1 1 26
