10 10
10 1 6 9 1 1 81 2 4 55 2 55 2 2 40 5 40 1 8 32 2 3 37 7 37 2 0 6 7 6 3 5 19 9 19 6 19 3 9 81 3 81 0 81 3 7 40 6 40 2 40
10 2 7 21 2 21 2 2 70 5 70 2 9 65 3 65 3 4 64 8 64 3 64 3 1 46 3 46 7 46 2 5 65 6 65 1 8 25 3 0 77 8 77 4 77 3 3 55 9 55 7 55 3 6 15 3 15 9 15
10 1 2 85 2 5 37 6 37 1 0 40 3 3 24 2 24 1 24 1 1 44 2 6 83 9 83 3 4 89 1 89 9 89 1 8 31 3 7 84 9 84 1 84 1 9 29
10 3 4 80 1 80 2 80 2 6 77 2 77 1 7 56 3 0 8 1 8 3 8 3 2 30 4 30 1 30 1 5 59 2 3 38 0 38 2 1 80 0 80 2 9 41 1 41 1 8 97
10 2 0 91 3 91 2 6 40 0 40 1 4 88 1 1 17 2 2 71 1 71 2 3 50 4 50 3 9 59 7 59 5 59 2 8 80 1 80 3 5 56 8 56 4 56 2 7 7 2 7
10 3 2 8 7 8 4 8 2 6 9 4 9 1 3 58 2 5 77 4 77 2 1 29 9 29 1 8 96 2 0 45 2 45 3 9 10 7 10 5 10 2 4 54 1 54 2 7 36 6 36
10 1 4 70 2 3 92 8 92 3 1 98 8 98 2 98 1 5 87 1 6 99 1 7 27 3 8 86 2 86 7 86 1 9 96 2 0 28 6 28 2 2 73 6 73
10 3 1 95 0 95 2 95 2 7 92 5 92 2 3 85 4 85 1 4 52 1 6 81 1 9 32 3 8 39 1 39 4 39 3 0 59 9 59 7 59 3 2 41 1 41 8 41 1 5 56
10 3 3 60 8 60 9 60 1 8 45 2 0 88 4 88 3 2 12 8 12 0 12 1 1 7 3 5 22 2 22 1 22 1 4 93 1 9 49 3 7 69 0 69 4 69 1 6 27
10 3 0 21 9 21 4 21 2 2 61 3 61 3 3 68 2 68 5 68 1 5 26 1 6 82 1 9 71 3 8 44 3 44 6 44 3 4 99 3 99 6 99 3 7 33 0 33 1 33 1 1 84
