15 10
10 1 2 34 1 3 55 2 5 95 2 95 2 9 16 5 16 1 4 21 2 6 71 7 71 2 0 53 7 53 3 8 52 9 52 6 52 3 1 21 3 21 9 21 2 7 26 0 26
10 3 3 39 2 39 9 39 2 2 31 4 31 2 0 12 1 12 2 1 42 5 42 3 9 79 3 79 0 79 1 8 77 2 6 77 8 77 1 5 98 1 4 55 3 7 66 8 66 0 66
10 2 1 19 8 19 3 0 83 3 83 9 83 1 3 34 3 4 92 3 92 9 92 1 6 54 2 9 79 5 79 1 8 62 1 5 37 3 2 64 1 64 6 64 3 7 43 9 43 1 43
10 2 4 60 3 60 3 2 87 9 87 1 87 1 8 24 3 5 77 1 77 2 77 2 3 69 2 69 1 7 38 3 1 87 3 87 7 87 2 6 41 2 41 1 9 83 1 0 93
10 2 8 79 0 79 2 9 77 0 77 2 2 98 9 98 2 4 96 0 96 2 3 17 2 17 2 0 44 8 44 1 7 43 2 6 75 1 75 2 1 49 4 49 3 5 25 7 25 6 25
10 2 8 35 9 35 3 7 95 5 95 8 95 2 6 9 7 9 2 9 10 6 10 1 2 35 1 1 7 1 5 28 2 4 61 5 61 2 0 95 5 95 3 3 76 6 76 9 76
10 1 4 28 2 5 59 2 59 3 3 16 7 16 5 16 2 9 43 1 43 2 0 46 6 46 1 8 50 2 6 52 8 52 3 7 27 1 27 8 27 2 2 59 0 59 1 1 91
10 1 5 9 3 4 20 2 20 7 20 1 2 39 2 6 54 0 54 1 1 45 2 7 71 6 71 3 0 87 2 87 9 87 2 3 41 1 41 2 9 43 7 43 1 8 14
10 1 1 28 3 5 33 1 33 4 33 3 0 78 9 78 7 78 3 3 26 1 26 8 26 1 2 37 3 7 8 8 8 9 8 1 8 66 2 6 89 0 89 3 9 42 0 42 8 42 2 4 33 8 33
10 3 2 94 1 94 4 94 1 5 84 3 6 78 0 78 7 78 3 9 81 0 81 4 81 1 1 74 3 3 27 0 27 9 27 1 8 69 2 0 69 3 69 3 7 45 2 45 5 45 1 4 96
10 1 1 31 1 4 24 3 0 20 3 20 6 20 3 2 17 3 17 6 17 3 9 25 0 25 1 25 1 8 81 2 5 76 1 76 1 3 87 1 7 32 2 6 18 7 18
10 2 5 28 4 28 2 9 97 4 97 3 0 58 1 58 8 58 1 4 45 3 6 76 5 76 9 76 3 3 99 8 99 1 99 3 2 23 4 23 7 23 2 1 72 7 72 3 8 90 0 90 6 90 2 7 86 6 86
10 3 5 27 3 27 9 27 3 9 48 2 48 4 48 2 8 27 0 27 1 7 62 2 4 98 3 98 1 6 67 1 3 48 2 0 42 2 42 1 1 46 1 2 17
10 1 1 12 3 8 50 2 50 4 50 3 0 80 4 80 8 80 2 2 50 6 50 1 9 80 2 3 19 1 19 2 5 28 6 28 2 6 63 1 63 3 4 94 3 94 1 94 1 7 98
10 3 4 61 7 61 9 61 1 3 55 3 6 37 4 37 9 37 2 5 14 7 14 3 2 50 0 50 9 50 3 8 79 2 79 7 79 2 1 41 0 41 3 9 72 1 72 4 72 2 7 18 9 18 3 0 75 5 75 4 75
