15 10
10 1 9 66 1 5 91 2 4 87 2 87 2 2 94 5 94 1 7 21 2 3 92 7 92 2 1 7 7 7 3 0 12 9 12 6 12 3 8 11 3 11 9 11 2 6 19 0 19
10 3 3 13 2 13 9 13 2 2 20 4 20 2 4 7 1 7 2 1 14 5 14 3 9 66 3 66 0 66 1 0 75 2 6 77 8 77 1 5 16 1 7 95 3 8 7 0 7 4 7
10 3 8 77 9 77 3 77 3 7 20 2 20 3 20 1 2 34 1 0 15 2 9 88 5 88 1 5 89 1 6 53 3 3 6 2 6 1 6 1 1 45 2 4 76 9 76
10 3 3 27 1 27 9 27 1 2 74 3 6 88 9 88 1 88 1 4 62 3 7 52 1 52 2 52 2 8 69 2 69 1 5 9 3 9 98 1 98 3 98 3 0 52 4 52 2 52 1 1 88
10 1 4 88 2 6 15 0 15 2 1 52 0 52 2 2 61 9 61 2 7 54 0 54 2 0 62 3 62 2 8 59 0 59 1 5 9 1 3 90 2 9 5 1 5
10 2 6 71 4 71 3 0 41 7 41 5 41 2 4 38 1 38 3 3 53 8 53 5 53 3 7 91 4 91 2 91 3 8 68 7 68 2 68 1 1 50 2 5 78 4 78 1 2 23 2 9 72 5 72
10 3 3 95 6 95 9 95 1 9 36 2 6 66 2 66 3 5 52 7 52 1 52 2 0 45 2 45 2 8 30 6 30 3 4 23 6 23 1 23 3 2 25 0 25 8 25 3 7 17 2 17 9 17 2 1 6 0 6
10 1 4 65 2 1 8 6 8 3 8 85 0 85 2 85 2 0 71 5 71 2 7 65 4 65 1 6 28 1 5 88 1 3 76 3 9 27 1 27 4 27 3 2 95 9 95 7 95
10 3 9 37 1 37 8 37 1 1 37 3 4 28 8 28 9 28 1 3 51 2 8 86 0 86 3 2 9 0 9 8 9 2 6 55 8 55 3 0 73 2 73 1 73 1 7 51 1 5 90
10 3 3 39 0 39 7 39 3 2 15 0 15 4 15 1 6 83 3 9 44 0 44 4 44 2 7 53 3 53 3 0 16 2 16 5 16 1 4 46 1 5 24 1 1 25 3 8 82 3 82 6 82
10 3 1 72 3 72 6 72 3 4 48 0 48 1 48 1 0 87 2 2 66 1 66 1 9 5 1 6 54 2 7 39 4 39 2 8 35 4 35 3 5 95 1 95 8 95 1 3 60
10 3 1 46 5 46 9 46 3 3 20 8 20 1 20 3 0 97 4 97 7 97 2 2 21 7 21 3 9 46 0 46 8 46 2 7 37 5 37 1 8 19 3 4 59 5 59 3 59 2 6 34 5 34 1 5 55
10 3 5 23 7 23 8 23 2 3 25 8 25 2 6 78 3 78 1 1 24 1 0 28 2 7 83 2 83 1 8 28 1 9 5 1 2 73 3 4 45 2 45 0 45
10 2 1 37 4 37 2 0 53 8 53 2 7 87 6 87 1 4 38 2 3 71 1 71 2 5 29 6 29 2 9 12 1 12 3 8 33 3 33 4 33 3 6 55 4 55 7 55 3 2 12 7 12 9 12
10 1 4 90 3 8 17 4 17 9 17 2 2 49 7 49 3 3 83 0 83 9 83 3 1 40 2 40 7 40 2 6 23 0 23 3 7 65 1 65 4 65 2 9 27 7 27 3 5 7 8 7 0 7 2 0 48 4 48
