15 10
10 1 7 84 1 5 58 2 8 77 2 77 2 2 44 5 44 1 4 97 2 6 89 7 89 2 3 5 7 5 3 1 58 9 58 6 58 3 9 96 3 96 0 96 3 0 9 6 9 2 9
10 2 6 21 2 21 2 1 87 5 87 2 4 15 3 15 3 5 39 8 39 3 39 3 2 81 3 81 7 81 2 3 85 6 85 1 7 31 3 8 57 0 57 4 57 3 9 73 3 73 7 73 3 0 77 3 77 9 77
10 1 0 40 2 5 71 6 71 1 8 34 3 9 82 2 82 1 82 1 3 70 2 6 22 9 22 3 4 10 1 10 9 10 1 7 80 3 2 48 9 48 1 48 1 1 49
10 3 5 75 1 75 2 75 2 2 17 4 17 3 3 7 1 7 7 7 2 6 72 2 72 1 4 11 1 7 62 2 8 47 0 47 2 9 35 0 35 2 1 91 9 91 2 0 55 8 55
10 3 9 20 2 20 0 20 1 4 12 1 6 71 2 7 67 1 67 2 0 64 4 64 3 2 94 7 94 5 94 2 8 15 1 15 3 5 50 8 50 4 50 2 3 75 2 75 3 1 90 7 90 2 90
10 1 6 93 2 5 93 4 93 1 1 57 2 7 70 5 70 3 8 77 6 77 9 77 1 4 58 2 0 52 2 52 3 2 29 7 29 5 29 2 9 7 1 7 2 3 68 6 68
10 1 7 56 2 0 95 8 95 3 8 48 1 48 2 48 1 4 26 1 2 82 1 1 63 3 9 36 2 36 7 36 1 3 27 2 6 87 0 87 1 5 6
10 2 3 76 6 76 3 5 15 0 15 2 15 2 9 78 5 78 2 1 8 4 8 1 8 41 1 2 36 1 4 30 3 6 84 1 84 4 84 3 0 36 9 36 7 36 3 7 76 1 76 8 76
10 1 0 75 3 7 13 8 13 9 13 1 2 81 2 8 29 0 29 3 4 54 0 54 8 54 2 6 82 8 82 3 5 88 2 88 1 88 1 1 78 1 9 40 3 3 13 0 13 7 13
10 3 2 6 0 6 4 6 1 1 26 3 7 32 0 32 9 32 1 6 64 2 4 54 3 54 3 0 52 2 52 5 52 1 5 82 1 3 6 1 9 88 3 8 54 3 54 6 54
10 3 8 62 3 62 6 62 3 2 67 0 67 1 67 1 5 32 2 0 62 1 62 1 7 69 1 3 61 2 1 35 7 35 2 4 72 0 72 2 9 5 6 5 3 6 93 8 93 2 93
10 3 2 78 5 78 9 78 3 9 90 8 90 1 90 3 0 85 4 85 7 85 2 1 72 7 72 3 8 64 0 64 6 64 2 6 63 9 63 2 3 11 9 11 3 7 82 2 82 4 82 2 5 88 8 88 2 4 7 8 7
10 2 4 28 3 28 1 9 11 1 7 50 2 6 88 2 88 1 0 44 1 5 31 1 2 27 3 1 66 2 66 4 66 3 8 49 0 49 4 49 2 3 35 8 35
10 2 2 14 6 14 1 5 39 2 6 56 1 56 2 4 62 6 62 2 3 97 1 97 3 9 66 3 66 4 66 3 7 69 4 69 9 69 1 1 7 3 8 47 4 47 9 47 2 0 76 7 76
10 3 1 18 0 18 9 18 3 8 93 2 93 7 93 2 7 58 0 58 3 6 47 1 47 4 47 2 3 69 7 69 3 9 57 8 57 0 57 2 2 41 4 41 1 5 53 2 4 79 3 79 3 0 64 8 64 9 64
