15 10
10 1 7 8 1 9 75 2 0 72 2 72 2 6 74 5 74 1 4 30 2 8 43 7 43 2 2 38 7 38 3 5 98 9 98 6 98 3 1 26 3 26 9 26 2 3 19 0 19
10 3 6 19 2 19 9 19 2 8 73 4 73 2 3 43 1 43 2 0 23 5 23 3 1 85 3 85 0 85 1 4 39 2 5 13 8 13 1 9 26 1 2 67 3 7 9 8 9 0 9
10 2 1 50 8 50 3 3 93 9 93 7 93 3 5 80 3 80 9 80 1 4 7 2 0 55 5 55 1 2 61 1 6 57 3 8 72 2 72 1 72 1 9 42 2 7 46 9 46
10 3 1 68 9 68 3 68 3 7 43 9 43 1 43 1 4 99 3 6 60 1 60 2 60 2 5 68 2 68 1 0 91 3 8 11 1 11 3 11 3 3 96 4 96 2 96 1 9 11 1 2 72
10 2 7 84 0 84 2 2 34 0 34 2 8 40 9 40 2 5 7 0 7 2 1 70 3 70 2 6 74 0 74 1 3 12 1 0 43 2 9 69 1 69 2 4 30 2 30
10 2 8 60 5 60 2 0 49 1 49 3 4 59 8 59 5 59 3 5 72 4 72 7 72 2 9 63 6 63 1 1 69 1 7 99 1 6 45 2 3 27 4 27 1 2 9
10 2 6 71 5 71 3 2 91 6 91 9 91 1 8 65 2 1 90 2 90 3 9 98 7 98 5 98 2 4 8 1 8 2 7 50 6 50 1 0 75 2 5 37 8 37 3 3 17 1 17 8 17
10 2 8 62 0 62 1 7 90 1 5 98 3 3 31 2 31 7 31 1 2 91 2 4 38 0 38 1 9 72 2 1 9 6 9 3 0 72 2 72 9 72 2 6 49 1 49
10 2 4 35 7 35 1 0 39 1 9 74 3 5 25 1 25 4 25 3 7 47 9 47 4 47 2 3 52 8 52 1 2 63 3 8 21 9 21 4 21 2 6 35 0 35 3 1 80 0 80 8 80
10 2 9 58 8 58 3 0 5 2 5 1 5 1 3 50 1 8 52 3 1 88 0 88 7 88 3 6 20 0 20 4 20 1 2 68 3 5 24 0 24 9 24 1 4 53 2 7 57 3 57
10 3 7 99 2 99 5 99 1 3 91 1 4 33 1 5 19 3 2 18 3 18 6 18 3 6 38 3 38 2 38 1 0 24 3 9 35 5 35 6 35 1 1 49 1 8 9
10 1 0 68 2 3 60 7 60 2 2 77 4 77 2 7 10 4 10 3 8 60 1 60 2 60 3 5 15 9 15 8 15 2 9 72 3 72 1 1 18 3 6 90 7 90 5 90 2 4 18 8 18
10 2 9 79 5 79 1 1 60 3 3 56 5 56 9 56 3 6 91 2 91 4 91 2 2 40 8 40 2 8 86 3 86 1 7 72 1 0 80 2 5 89 2 89 1 4 51
10 1 4 10 1 2 92 3 5 23 2 23 4 23 3 6 46 0 46 4 46 2 8 40 1 40 2 7 72 8 72 2 3 6 1 6 2 1 23 6 23 2 0 95 1 95 3 9 34 3 34 4 34
10 3 2 24 4 24 7 24 3 5 29 7 29 9 29 1 9 49 3 8 55 4 55 9 55 2 0 47 7 47 3 6 77 0 77 9 77 3 3 77 2 77 7 77 2 7 8 0 8 3 1 28 4 28 5 28 1 4 48
