15 10
10 1 8 14 1 4 75 2 3 12 2 12 2 2 38 5 38 1 0 76 2 5 97 7 97 2 9 12 7 12 3 1 29 9 29 6 29 3 7 44 3 44 9 44 2 6 66 0 66
10 3 5 38 2 38 9 38 2 3 82 4 82 2 2 85 1 85 2 4 58 5 58 3 6 87 3 87 0 87 1 9 89 2 0 43 8 43 1 1 80 1 7 69 3 8 92 0 92 4 92
10 3 9 5 3 5 7 5 3 1 84 3 84 9 84 1 0 43 2 6 48 5 48 1 4 8 1 7 7 3 3 41 2 41 1 41 1 5 61 2 8 66 9 66 3 2 14 1 14 9 14
10 1 2 42 3 1 8 9 8 0 8 3 0 96 1 96 2 96 2 5 19 2 19 1 4 59 3 7 97 1 97 3 97 3 9 73 4 73 2 73 1 8 43 1 3 74 2 6 41 0 41
10 2 6 55 0 55 2 2 70 9 70 2 3 75 0 75 2 8 42 3 42 2 4 37 0 37 1 7 23 1 1 48 2 5 5 1 5 2 9 38 4 38 3 0 7 7 7 5 7
10 2 8 9 1 9 3 2 72 8 72 5 72 3 7 31 4 31 2 31 3 0 79 7 79 2 79 1 5 73 2 3 95 4 95 1 4 25 2 6 43 5 43 3 9 60 6 60 4 60 2 1 56 2 56
10 3 0 97 7 97 5 97 2 2 64 1 64 2 3 78 6 78 1 5 21 2 4 94 8 94 3 9 31 1 31 8 31 2 8 53 0 53 1 6 16 1 7 86 3 1 7 2 7 7 7
10 1 3 86 2 7 85 0 85 1 9 63 2 0 61 6 61 3 2 65 0 65 9 65 2 4 30 1 30 2 5 32 7 32 1 1 33 1 8 44 3 6 59 1 59 4 59
10 3 2 44 9 44 7 44 3 3 16 1 16 8 16 1 4 11 3 6 45 8 45 9 45 1 1 30 2 9 84 0 84 3 8 93 0 93 5 93 2 0 60 1 60 1 5 61 1 7 90
10 3 7 36 0 36 4 36 1 8 31 3 4 47 0 47 9 47 1 6 52 2 0 32 3 32 3 5 11 2 11 4 11 1 2 28 1 9 35 3 3 20 6 20 4 20 1 1 49
10 3 8 20 2 20 0 20 3 6 49 5 49 1 49 1 7 74 1 4 10 2 5 17 7 17 2 3 34 4 34 2 0 85 4 85 3 2 77 1 77 8 77 1 9 68 3 1 84 5 84 9 84
10 3 1 85 8 85 3 85 1 5 7 3 8 71 7 71 5 71 2 6 59 8 59 2 4 76 5 76 1 0 17 3 3 29 5 29 9 29 3 2 17 4 17 7 17 3 7 48 0 48 8 48 2 9 13 3 13
10 1 2 15 1 6 87 2 7 11 2 11 1 1 39 1 4 39 1 8 43 3 0 19 2 19 4 19 3 3 32 0 32 4 32 2 9 16 8 16 2 5 64 6 64
10 1 6 32 2 2 92 1 92 2 5 33 6 33 2 8 82 1 82 3 1 83 3 83 4 83 3 7 57 4 57 9 57 1 9 99 3 4 91 9 91 8 91 3 3 99 0 99 9 99 3 0 8 2 8 7 8
10 2 4 88 0 88 3 7 7 1 7 4 7 2 8 27 7 27 3 1 38 8 38 0 38 2 3 91 4 91 1 2 69 2 6 21 3 21 3 9 62 8 62 0 62 1 5 39 2 0 48 8 48
