20 10
10 1 8 52 1 7 26 2 6 71 2 71 2 9 16 5 16 1 2 34 2 1 21 7 21 2 5 95 7 95 3 4 21 9 21 6 21 3 0 53 3 53 9 53 2 3 55 0 55
10 3 4 55 2 55 9 55 2 5 98 4 98 2 3 39 1 39 2 9 79 5 79 3 0 12 3 12 7 12 2 8 77 6 77 1 6 77 3 7 66 8 66 0 66 2 2 31 8 31 3 1 42 3 42 9 42
10 1 5 37 3 4 92 3 92 9 92 1 2 64 2 6 54 5 54 1 1 19 1 7 43 3 0 83 2 83 1 83 1 3 34 2 9 79 1 79 2 8 62 3 62
10 3 1 87 9 87 0 87 3 5 77 1 77 2 77 2 0 93 2 93 1 3 69 3 2 87 1 87 3 87 3 7 38 4 38 2 38 1 8 24 1 6 41 2 9 83 0 83 2 4 60 0 60
10 2 2 98 9 98 2 5 25 0 25 2 6 75 3 75 2 9 77 0 77 1 1 49 1 3 17 2 8 79 1 79 2 0 44 4 44 3 7 43 5 43 6 43 2 4 96 9 96
10 3 1 7 5 7 8 7 2 4 61 7 61 2 0 95 6 95 1 2 35 1 9 10 1 8 35 2 5 28 4 28 1 3 76 2 7 95 5 95 3 6 9 9 9 4 9
10 2 5 59 2 59 3 9 43 7 43 5 43 2 0 46 1 46 2 4 28 6 28 1 6 52 2 3 16 8 16 3 2 59 1 59 8 59 2 1 91 0 91 1 8 50 1 7 27
10 3 5 9 2 9 7 9 1 9 43 2 8 14 0 14 1 7 71 2 4 20 6 20 3 6 54 0 54 2 54 2 3 41 5 41 2 0 87 4 87 1 1 45 1 2 39
10 1 1 28 3 8 66 1 66 4 66 3 0 78 9 78 7 78 3 2 37 1 37 8 37 1 9 42 3 3 26 8 26 9 26 1 5 33 2 6 89 0 89 3 4 33 0 33 8 33 2 7 8 8 8
10 3 4 96 2 96 1 96 1 3 27 1 6 78 3 5 84 0 84 7 84 3 2 94 0 94 4 94 1 8 69 3 1 74 0 74 9 74 1 9 81 2 7 45 3 45 3 0 69 2 69 5 69
10 1 4 24 1 7 32 1 9 25 3 2 17 3 17 6 17 3 3 87 6 87 2 87 1 8 81 3 5 76 6 76 1 76 1 6 18 1 1 31 2 0 20 7 20
10 2 8 90 4 90 2 5 28 4 28 3 1 72 8 72 2 72 3 7 86 5 86 9 86 3 2 23 8 23 1 23 3 3 99 4 99 7 99 2 6 76 7 76 3 9 97 0 97 8 97 2 4 45 5 45 1 0 58
10 3 2 17 5 17 3 17 2 4 98 5 98 1 3 48 3 1 46 7 46 8 46 2 8 27 3 27 1 6 67 1 7 62 2 0 42 2 42 1 9 48 1 5 27
10 1 0 80 3 8 50 2 50 4 50 3 3 19 0 19 4 19 2 7 98 8 98 2 5 28 6 28 1 2 50 2 4 94 1 94 2 6 63 5 63 1 1 12 3 9 80 3 80 4 80
10 3 9 72 4 72 7 72 3 0 75 7 75 9 75 1 4 61 3 8 79 4 79 9 79 2 6 37 7 37 3 2 50 0 50 9 50 3 5 14 2 14 7 14 2 3 55 0 55 3 7 18 1 18 4 18 2 1 41 7 41
10 3 3 96 8 96 0 96 2 2 14 4 14 1 5 57 2 0 47 3 47 3 7 65 8 65 0 65 1 4 75 2 8 79 4 79 3 1 71 8 71 3 71 3 6 60 8 60 2 60 3 9 22 2 22 1 22
10 2 1 31 2 31 3 7 47 2 47 6 47 2 8 58 1 58 2 3 32 6 32 1 4 44 1 5 58 3 6 34 8 34 4 34 1 0 33 2 2 69 7 69 2 9 51 7 51
10 2 1 44 2 44 1 7 40 1 2 17 3 0 62 6 62 5 62 1 8 66 3 6 15 7 15 0 15 2 3 29 9 29 3 9 38 7 38 8 38 1 5 8 1 4 97
10 1 2 58 3 3 50 4 50 7 50 2 4 63 9 63 2 9 87 3 87 2 0 57 3 57 1 6 21 1 7 57 2 8 32 4 32 1 1 39 2 5 20 1 20
10 1 1 85 2 0 84 5 84 1 5 56 1 3 61 1 9 15 2 7 70 3 70 2 8 30 6 30 2 2 90 0 90 1 6 67 1 4 20
