20 10
10 1 3 60 1 4 48 2 5 95 2 95 2 0 87 5 87 1 1 72 2 9 5 7 5 2 8 35 7 35 3 7 39 9 39 6 39 3 6 54 3 54 9 54 2 2 66 0 66
10 3 7 37 2 37 9 37 2 6 34 4 34 2 0 97 1 97 2 5 55 8 55 2 2 21 0 21 1 3 20 2 4 59 8 59 1 9 46 1 8 19 3 1 46 8 46 0 46
10 2 4 45 8 45 3 2 73 3 73 9 73 1 1 24 3 8 28 3 28 9 28 1 0 28 2 3 25 5 25 1 5 23 1 7 83 3 9 5 2 5 1 5 1 6 78
10 2 0 53 9 53 3 2 12 1 12 9 12 1 9 12 3 1 37 9 37 0 37 3 8 33 1 33 2 33 2 3 71 2 71 1 6 55 3 5 29 1 29 3 29 3 7 87 4 87 2 87 1 4 38
10 1 4 90 2 2 49 0 49 2 9 27 0 27 2 7 65 9 65 2 5 7 0 7 2 6 23 3 23 2 0 48 8 48 1 3 83 2 8 17 1 17 2 1 40 4 40
10 3 3 85 7 85 5 85 2 4 25 1 25 3 2 84 8 84 5 84 3 6 64 4 64 7 64 2 9 13 6 13 1 1 66 1 7 46 1 8 59 2 0 62 4 62 1 5 19
10 2 5 88 4 88 2 6 67 9 67 1 4 14 2 0 41 2 41 3 1 73 7 73 5 73 2 7 57 1 57 2 2 53 6 53 1 3 80 2 9 47 8 47 3 8 74 1 74 2 74
10 1 1 78 1 5 64 1 4 63 3 6 46 2 46 7 46 1 3 84 2 0 84 6 84 2 8 28 6 28 3 9 52 0 52 2 52 2 7 26 5 26 2 2 41 4 41
10 1 1 11 1 0 64 1 6 97 3 9 38 1 38 4 38 3 2 17 9 17 7 17 3 4 85 1 85 8 85 1 5 73 3 3 10 8 10 9 10 1 8 95 2 7 67 0 67
10 3 3 93 0 93 8 93 2 2 95 8 95 3 7 43 2 43 1 43 1 1 65 1 8 32 3 0 59 7 59 4 59 1 6 85 3 5 46 0 46 9 46 1 9 85 2 4 60 3 60
10 3 2 61 5 61 4 61 1 3 41 1 5 49 3 4 23 3 23 6 23 3 0 66 3 66 6 66 3 7 49 0 49 1 49 1 8 70 2 9 99 1 99 1 1 90 1 6 17
10 2 4 13 7 13 2 7 7 4 7 2 1 98 4 98 3 8 57 1 57 2 57 3 0 73 5 73 9 73 3 3 73 8 73 1 73 3 2 68 4 68 7 68 2 5 40 7 40 3 9 98 0 98 8 98 2 6 9 5 9
10 1 9 86 3 6 76 5 76 3 76 2 4 14 5 14 1 3 41 3 1 85 7 85 8 85 2 0 37 8 37 2 8 19 3 19 1 2 17 1 7 54 2 5 79 2 79
10 1 1 40 1 2 53 1 7 97 3 5 87 2 87 4 87 3 8 96 0 96 4 96 2 4 84 8 84 2 3 16 6 16 1 6 66 2 9 52 1 52 2 0 95 6 95
10 2 6 33 1 33 3 1 33 3 33 4 33 3 3 87 4 87 7 87 3 0 18 7 18 9 18 1 2 55 3 8 13 4 13 9 13 2 4 77 7 77 3 7 60 0 60 9 60 3 9 42 2 42 7 42 2 5 74 0 74
10 3 7 92 1 92 4 92 2 5 91 7 91 3 8 79 0 79 5 79 1 2 54 1 4 69 2 6 79 3 79 3 3 33 8 33 0 33 1 1 61 2 9 39 8 39 3 0 16 8 16 3 16
10 3 6 82 8 82 2 82 3 1 41 2 41 0 41 3 4 28 9 28 2 28 1 5 64 2 2 78 1 78 2 3 76 6 76 1 7 6 1 8 49 3 9 47 8 47 6 47 3 0 58 8 58 4 58
10 3 0 52 8 52 7 52 2 5 42 2 42 1 8 24 1 9 91 3 3 47 6 47 5 47 1 6 88 3 4 91 7 91 0 91 2 7 52 9 52 3 2 28 7 28 8 28 1 1 35
10 1 5 82 1 2 76 3 3 86 4 86 7 86 2 6 93 9 93 2 4 84 3 84 2 7 38 0 38 2 8 95 5 95 1 9 37 2 1 21 4 21 1 0 23
10 2 9 77 1 77 1 4 8 2 6 42 5 42 1 7 64 1 0 70 1 2 45 2 8 45 3 45 2 5 28 6 28 2 3 67 0 67 1 1 86
