20 10
10 1 8 32 1 1 81 2 4 55 2 55 2 7 40 5 40 1 0 6 2 5 19 7 19 2 9 81 7 81 3 3 37 9 37 6 37 3 2 40 3 40 9 40 2 6 9 0 9
10 3 2 70 9 70 4 70 2 3 55 1 55 2 7 21 5 21 3 4 64 3 64 0 64 1 1 46 2 8 25 6 25 1 9 65 3 0 77 8 77 4 77 3 5 65 9 65 3 65 3 6 15 7 15 2 15
10 2 7 84 9 84 1 4 89 2 3 24 5 24 1 1 44 1 2 85 3 8 31 2 31 1 31 1 9 29 2 6 83 9 83 3 5 37 1 37 9 37 1 0 40
10 3 4 80 9 80 1 80 1 5 59 3 0 8 1 8 2 8 2 2 30 4 30 3 6 77 1 77 3 77 3 3 38 4 38 2 38 1 1 80 1 7 56 2 9 41 0 41 2 8 97 0 97
10 2 6 40 9 40 2 2 71 0 71 2 0 91 3 91 2 7 7 0 7 1 9 59 1 8 80 2 3 50 1 50 2 5 56 4 56 3 1 17 7 17 5 17 2 4 88 1 88
10 3 7 36 8 36 5 36 3 9 10 4 10 7 10 2 0 45 6 45 1 6 9 1 4 54 1 8 96 2 2 8 4 8 1 5 77 2 1 29 5 29 3 3 58 6 58 9 58
10 1 6 99 2 8 86 2 86 3 3 92 7 92 5 92 2 0 28 1 28 2 1 98 6 98 1 4 70 2 5 87 8 87 3 9 96 1 96 8 96 2 2 73 0 73 1 7 27
10 1 1 95 3 3 85 2 85 7 85 1 5 56 2 4 52 0 52 1 0 59 2 2 41 6 41 3 6 81 0 81 2 81 2 8 39 5 39 2 9 32 4 32 1 7 92
10 1 1 7 1 7 69 3 4 93 1 93 5 93 1 6 27 1 5 22 3 0 88 1 88 8 88 1 8 45 3 3 60 8 60 9 60 1 9 49 2 2 12 0 12
10 3 7 33 0 33 8 33 2 2 61 8 61 3 8 44 2 44 1 44 1 5 26 1 1 84 3 6 82 0 82 7 82 3 3 68 0 68 4 68 1 0 21 3 9 71 0 71 4 71 2 4 99 3 99
10 3 8 43 2 43 5 43 1 0 72 1 4 30 1 5 98 3 9 75 3 75 6 75 3 1 26 3 26 6 26 3 7 8 0 8 1 8 1 6 74 2 3 19 1 19 1 2 38
10 1 6 19 2 2 67 7 67 2 8 73 4 73 2 1 85 4 85 3 9 26 1 26 8 26 1 4 39 3 7 9 5 9 9 9 3 0 23 8 23 1 23 3 5 13 4 13 7 13 2 3 43 7 43
10 3 8 72 0 72 6 72 2 7 46 6 46 3 5 80 3 80 9 80 3 3 93 2 93 4 93 2 2 61 8 61 2 4 7 8 7 2 9 42 3 42 1 1 50 1 0 55 2 6 57 2 57
10 1 4 99 1 0 91 1 9 11 3 5 68 2 68 4 68 3 7 43 0 43 4 43 2 3 96 8 96 2 2 72 6 72 1 8 11 2 6 60 1 60 2 1 68 6 68
10 2 9 69 1 69 3 0 43 3 43 4 43 3 3 12 4 12 7 12 3 8 40 7 40 9 40 1 1 70 3 6 74 4 74 9 74 2 2 34 7 34 3 5 7 0 7 9 7 3 4 30 2 30 7 30 2 7 84 0 84
10 3 7 99 1 99 4 99 2 3 27 7 27 3 4 59 8 59 0 59 2 5 72 4 72 1 2 9 2 6 45 3 45 3 0 49 8 49 9 49 2 9 63 8 63 3 1 69 0 69 8 69 3 8 60 5 60 2 60
10 3 0 75 2 75 1 75 2 3 17 2 17 3 2 91 6 91 1 91 2 7 50 6 50 1 8 65 1 5 37 3 9 98 8 98 6 98 3 1 90 8 90 4 90 3 6 71 8 71 7 71 2 4 8 2 8
10 1 9 72 1 1 9 3 3 31 6 31 5 31 1 6 49 3 2 91 7 91 0 91 2 8 62 9 62 3 7 90 8 90 0 90 1 0 72 3 5 98 4 98 3 98 3 4 38 9 38 1 38
10 3 4 35 5 35 0 35 2 2 63 5 63 1 5 25 2 6 35 4 35 1 8 21 2 7 47 1 47 1 3 52 2 1 80 5 80 1 0 39 1 9 74
10 1 2 68 2 5 24 3 24 2 9 58 6 58 2 8 52 0 52 1 0 5 1 6 20 3 3 50 9 50 5 50 2 7 57 0 57 3 1 88 4 88 7 88 2 4 53 7 53
