20 10
10 1 8 14 1 2 38 2 7 44 2 44 2 0 76 5 76 1 5 97 2 3 12 7 12 2 4 75 7 75 3 6 66 9 66 3 66 2 9 12 0 12 3 1 29 6 29 2 29
10 2 0 43 2 43 2 2 85 5 85 2 3 82 5 82 3 5 38 3 38 0 38 1 4 58 2 9 89 8 89 1 8 92 1 6 87 3 7 69 8 69 0 69 2 1 80 8 80
10 3 3 41 9 41 7 41 3 7 7 3 7 9 7 1 9 5 2 0 43 5 43 1 2 14 1 4 8 3 5 61 2 61 1 61 1 1 84 2 8 66 9 66 3 6 48 1 48 9 48
10 1 2 42 3 3 74 9 74 1 74 1 4 59 3 6 41 1 41 2 41 2 1 8 2 8 1 9 73 3 8 43 1 43 3 43 3 0 96 4 96 2 96 1 5 19 1 7 97
10 2 7 23 0 23 2 8 42 0 42 2 4 37 9 37 2 6 55 0 55 2 0 7 3 7 2 5 5 0 5 1 2 70 1 9 38 2 3 75 1 75 2 1 48 4 48
10 3 8 9 7 9 5 9 2 6 43 1 43 3 7 31 8 31 5 31 3 4 25 7 25 2 25 3 5 73 7 73 2 73 1 3 95 2 0 79 4 79 1 2 72 2 9 60 5 60 3 1 56 6 56 9 56
10 1 1 7 2 5 21 2 21 3 8 53 7 53 5 53 2 6 16 1 16 2 4 94 6 94 1 0 97 2 3 78 8 78 3 2 64 1 64 8 64 2 7 86 0 86 1 9 31
10 1 2 65 3 6 59 2 59 7 59 1 7 85 2 1 33 0 33 1 4 30 2 8 44 6 44 3 0 61 2 61 9 61 2 3 86 1 86 2 9 63 7 63 1 5 32
10 1 6 45 3 2 44 1 44 4 44 3 5 61 9 61 7 61 3 8 93 1 93 6 93 3 1 30 8 30 9 30 1 7 90 2 9 84 0 84 3 4 11 0 11 8 11 2 3 16 8 16 3 0 60 2 60 1 60
10 1 4 47 1 7 36 3 8 31 0 31 7 31 3 1 49 0 49 4 49 1 3 20 3 2 28 0 28 9 28 1 6 52 2 9 35 3 35 3 5 11 2 11 4 11 1 0 32
10 1 2 77 3 4 10 3 10 6 10 3 9 68 3 68 6 68 3 5 17 0 17 1 17 1 0 85 2 1 84 0 84 1 8 20 2 6 49 7 49 2 7 74 4 74 2 3 34 4 34
10 3 0 17 1 17 8 17 1 5 7 3 1 85 5 85 9 85 3 3 29 8 29 1 29 3 2 17 4 17 7 17 2 4 76 7 76 3 6 59 0 59 8 59 2 8 71 5 71 1 9 13 3 7 48 5 48 3 48
10 2 6 87 5 87 1 4 39 3 8 43 7 43 0 43 1 7 11 2 2 15 3 15 1 3 32 1 5 64 2 0 19 2 19 1 1 39 1 9 16
10 1 5 33 3 3 99 2 99 4 99 3 6 32 0 32 4 32 2 4 91 8 91 2 8 82 6 82 1 2 92 2 9 99 1 99 2 7 57 6 57 2 1 83 3 83 1 0 8
10 1 3 91 3 5 39 4 39 7 39 3 2 69 7 69 9 69 1 8 27 3 7 7 4 7 9 7 2 6 21 7 21 3 1 38 0 38 9 38 3 9 62 2 62 7 62 2 4 88 0 88 3 0 48 1 48 4 48
10 2 2 67 7 67 3 7 80 8 80 0 80 2 3 24 4 24 1 0 88 2 4 18 3 18 3 1 44 8 44 0 44 1 8 45 2 9 64 8 64 3 5 80 0 80 8 80 3 6 38 5 38 8 38
10 1 9 59 3 3 72 2 72 1 72 2 6 47 2 47 3 4 40 2 40 6 40 2 7 21 1 21 2 5 43 6 43 1 0 51 1 8 52 3 1 24 8 24 6 24 3 2 15 8 15 4 15
10 3 3 70 8 70 7 70 2 2 31 9 31 1 6 20 3 8 76 6 76 5 76 1 1 40 3 7 43 0 43 3 43 3 0 32 1 32 7 32 2 5 88 7 88 1 9 5 1 4 77
10 3 4 47 3 47 7 47 2 5 64 9 64 2 9 85 3 85 2 3 49 0 49 2 7 58 5 58 1 1 26 2 0 32 4 32 1 8 80 2 2 14 1 14 1 6 94
10 2 5 59 4 59 1 2 96 1 0 5 2 7 79 3 79 2 8 34 6 34 2 4 75 0 75 1 3 26 1 6 9 3 9 23 5 23 0 23 3 1 11 4 11 7 11
