20 10
10 1 6 32 1 3 16 2 1 33 2 33 2 8 12 5 12 1 7 70 2 4 10 7 10 2 9 75 7 75 3 0 82 9 82 6 82 3 5 88 3 88 9 88 2 2 20 0 20
10 3 8 39 2 39 9 39 2 4 81 5 81 2 3 91 5 91 3 5 56 3 56 0 56 1 9 69 2 1 45 8 45 1 6 59 1 0 86 3 2 36 8 36 0 36 2 7 68 8 68
10 3 3 84 9 84 7 84 3 2 57 3 57 9 57 1 7 41 2 5 73 6 73 1 4 81 3 0 88 2 88 1 88 1 8 38 2 9 17 1 17 2 6 83 3 83 3 1 5 9 5 0 5
10 3 4 20 1 20 2 20 2 5 6 2 6 1 2 15 3 8 19 1 19 3 19 3 1 30 4 30 2 30 1 0 94 1 6 45 2 7 17 0 17 2 3 18 0 18 2 9 88 1 88
10 1 9 24 2 6 49 3 49 2 5 16 0 16 1 4 11 1 3 60 2 7 5 1 5 2 8 63 4 63 3 1 25 7 25 5 25 2 2 15 1 15 3 0 45 8 45 5 45
10 3 1 86 4 86 7 86 2 8 50 6 50 1 2 77 1 6 54 1 9 48 2 0 93 4 93 1 3 32 2 7 92 5 92 3 5 45 6 45 9 45 1 4 71
10 2 5 86 2 86 3 6 90 7 90 5 90 2 3 78 1 78 2 9 88 6 88 1 2 57 2 0 32 8 32 3 7 57 1 57 8 57 2 8 86 0 86 1 4 71 1 1 39
10 3 2 59 7 59 9 59 2 3 18 0 18 1 9 31 2 4 41 6 41 3 7 20 0 20 2 20 2 5 83 1 83 2 8 65 7 65 1 0 54 1 6 94 3 1 69 4 69 5 69
10 1 3 47 1 4 79 3 6 76 1 76 8 76 1 0 59 3 1 72 8 72 9 72 1 2 8 2 9 30 0 30 3 5 73 0 73 8 73 2 7 57 8 57 3 8 84 2 84 1 84
10 1 0 59 1 2 89 3 4 10 0 10 7 10 3 7 45 0 45 4 45 1 3 8 3 5 54 0 54 9 54 1 6 88 2 8 20 3 20 3 9 7 2 7 5 7 1 1 62
10 1 5 63 1 6 9 3 4 77 3 77 6 77 3 3 37 6 37 2 37 1 2 5 3 8 13 5 13 6 13 1 9 79 1 1 24 1 7 10 2 0 82 7 82
10 2 0 74 4 74 2 1 32 4 32 3 2 61 1 61 8 61 1 7 53 3 4 92 5 92 9 92 3 9 20 8 20 1 20 3 8 10 4 10 7 10 2 3 5 7 5 3 6 45 0 45 8 45 2 5 23 6 23
10 3 2 85 5 85 3 85 2 9 51 5 51 1 0 61 3 5 99 7 99 8 99 2 4 37 8 37 2 6 94 3 94 1 1 98 1 8 65 2 3 33 2 33 1 7 75
10 1 0 51 1 3 24 3 5 8 2 8 4 8 3 6 30 0 30 4 30 2 7 12 8 12 2 8 23 6 23 1 2 7 2 4 17 1 17 2 9 35 6 35 2 1 81 3 81
10 1 1 71 1 5 42 3 8 68 4 68 7 68 3 2 31 7 31 9 31 1 6 29 3 3 63 4 63 9 63 2 4 65 7 65 3 9 70 0 70 2 70 2 7 27 2 27 3 0 93 7 93 1 93
10 2 1 28 5 28 1 5 38 3 4 51 8 51 0 51 2 7 70 4 70 1 2 33 2 8 78 3 78 3 9 45 8 45 0 45 1 3 90 2 6 54 8 54 3 0 72 8 72 3 72
10 3 0 18 8 18 2 18 3 2 90 1 90 0 90 3 4 25 9 25 2 25 1 6 92 2 8 85 1 85 2 5 35 6 35 1 7 29 1 1 81 3 9 80 8 80 6 80 3 3 59 8 59 4 59
10 3 5 67 8 67 7 67 2 2 96 9 96 1 1 38 3 4 86 6 86 5 86 1 0 97 3 3 94 7 94 0 94 2 7 86 9 86 3 6 35 7 35 8 35 1 9 82 1 8 45
10 1 2 92 3 8 51 4 51 3 51 3 4 59 9 59 1 59 3 6 52 5 52 0 52 2 5 8 7 8 2 9 70 4 70 1 1 75 2 3 54 1 54 1 7 60 2 0 33 5 33
10 1 3 98 1 7 80 1 5 78 2 0 82 3 82 2 2 7 6 7 2 9 89 0 89 1 1 69 1 4 51 3 8 79 9 79 5 79 2 6 62 0 62
