30 10
10 1 4 21 1 7 26 2 9 16 2 16 2 2 34 5 34 1 3 55 2 8 52 7 52 2 5 95 7 95 3 6 71 9 71 3 71 2 1 21 0 21 3 0 53 6 53 2 53
10 2 8 77 2 77 2 5 98 1 98 2 1 42 5 42 3 7 66 3 66 0 66 1 2 31 2 3 39 8 39 1 6 77 1 9 79 3 4 55 8 55 0 55 2 0 12 8 12
10 3 2 64 3 64 9 64 1 4 92 3 3 34 9 34 2 34 2 1 19 5 19 1 8 62 1 6 54 3 7 43 2 43 1 43 1 0 83 2 9 79 1 79 2 5 37 3 37
10 3 0 93 9 93 1 93 1 8 24 3 3 69 1 69 2 69 2 7 38 2 38 1 5 77 3 2 87 1 87 3 87 3 4 60 2 60 1 60 1 6 41 2 1 87 0 87 2 9 83 0 83
10 2 9 77 1 77 1 0 44 2 4 96 3 96 2 8 79 0 79 1 6 75 1 2 98 2 5 25 1 25 2 3 17 4 17 3 7 43 5 43 6 43 2 1 49 9 49
10 3 3 76 5 76 8 76 2 2 35 7 35 2 5 28 6 28 1 0 95 1 7 95 1 4 61 2 8 35 4 35 1 1 7 2 6 9 5 9 3 9 10 6 10 4 10
10 2 1 91 2 91 3 7 27 5 27 1 27 2 8 50 2 50 2 3 16 8 16 2 4 28 8 28 3 5 59 1 59 8 59 2 6 52 0 52 1 0 46 1 2 59 3 9 43 2 43 7 43
10 1 1 45 2 7 71 0 71 1 2 39 2 0 87 6 87 3 8 14 0 14 2 14 2 6 54 5 54 2 3 41 4 41 1 9 43 1 5 9 1 4 20
10 3 2 37 1 37 4 37 3 3 26 9 26 7 26 3 4 33 1 33 8 33 1 9 42 3 0 78 8 78 9 78 1 6 89 2 7 8 0 8 3 8 66 0 66 5 66 2 1 28 4 28 1 5 33
10 3 1 74 0 74 7 74 3 0 69 4 69 5 69 2 5 84 9 84 1 3 27 2 9 81 3 81 3 7 45 2 45 5 45 1 8 69 1 2 94 1 6 78 3 4 96 3 96 6 96
10 3 5 76 3 76 6 76 3 7 32 0 32 1 32 1 6 18 2 0 20 1 20 1 3 87 1 2 17 2 9 25 7 25 2 4 24 0 24 2 1 31 6 31 3 8 81 2 81 4 81
10 3 9 97 5 97 8 97 2 8 90 3 90 1 5 28 3 7 86 5 86 0 86 2 0 58 6 58 2 1 72 6 72 3 2 23 5 23 3 23 2 6 76 5 76 1 3 99 3 4 45 7 45 8 45
10 2 9 48 8 48 2 5 27 3 27 1 6 67 1 7 62 2 4 98 2 98 1 0 42 1 1 46 1 8 27 3 3 48 2 48 4 48 3 2 17 0 17 4 17
10 2 9 80 8 80 2 3 19 6 19 1 5 28 2 1 12 7 12 2 4 94 5 94 1 6 63 3 7 98 3 98 4 98 3 8 50 4 50 7 50 3 0 80 7 80 9 80 1 2 50
10 3 2 50 4 50 9 50 2 1 41 7 41 3 4 61 0 61 9 61 3 8 79 2 79 7 79 2 5 14 0 14 3 9 72 1 72 4 72 2 7 18 9 18 3 3 55 0 55 5 55 1 6 37 1 0 75
10 2 9 22 3 22 3 5 57 8 57 0 57 1 4 75 2 2 14 8 14 3 7 65 0 65 8 65 3 3 96 5 96 8 96 1 1 71 3 0 47 2 47 1 47 2 8 79 2 79 3 6 60 2 60 1 60
10 2 3 32 6 32 1 2 69 1 4 44 3 1 31 8 31 6 31 3 9 51 8 51 4 51 3 0 33 8 33 7 33 2 6 34 2 34 1 5 58 1 7 47 3 8 58 6 58 5 58
10 1 8 66 3 7 40 0 40 3 40 3 2 17 1 17 7 17 2 0 62 7 62 1 9 38 1 5 8 3 6 15 4 15 3 15 3 3 29 4 29 9 29 2 1 44 3 44 2 4 97 0 97
10 2 3 50 5 50 1 2 58 2 6 21 4 21 1 4 63 2 7 57 1 57 1 8 32 2 5 20 4 20 1 9 87 1 0 57 2 1 39 3 39
10 2 4 20 6 20 2 6 67 0 67 1 1 85 1 2 90 3 7 70 9 70 5 70 2 0 84 7 84 2 8 30 7 30 2 5 56 7 56 1 3 61 3 9 15 4 15 6 15
10 1 6 29 2 0 82 7 82 3 4 18 5 18 0 18 1 3 38 2 7 21 5 21 2 8 50 9 50 2 1 23 7 23 3 5 84 6 84 4 84 2 2 45 5 45 1 9 41
10 1 3 54 2 9 37 6 37 2 6 62 8 62 3 5 16 7 16 2 16 2 0 52 9 52 2 8 57 1 57 3 4 54 7 54 9 54 3 2 38 7 38 9 38 1 7 74 2 1 52 8 52
10 2 4 79 6 79 2 1 61 8 61 2 8 11 1 11 2 0 81 3 81 2 7 89 4 89 2 6 89 3 89 1 5 57 1 3 68 2 9 81 4 81 1 2 30
10 3 9 24 4 24 2 24 3 1 66 7 66 0 66 1 4 32 1 3 33 2 8 8 5 8 1 2 20 1 6 84 3 0 91 2 91 6 91 1 7 55 1 5 20
10 1 3 54 2 2 64 0 64 1 6 83 2 9 40 1 40 1 7 8 2 0 7 2 7 3 4 19 0 19 3 19 3 5 56 6 56 4 56 1 1 39 2 8 7 1 7
10 2 1 6 8 6 3 4 74 3 74 5 74 1 0 63 3 2 64 8 64 0 64 2 9 15 7 15 3 6 42 1 42 9 42 1 7 98 1 8 61 2 5 40 7 40 1 3 91
10 2 1 80 0 80 1 3 75 2 0 26 8 26 2 2 87 6 87 1 9 22 2 7 39 6 39 1 8 24 1 4 75 1 6 44 2 5 6 8 6
10 1 5 8 1 3 79 2 6 61 2 61 2 1 15 4 15 1 0 12 2 7 43 5 43 2 8 26 6 26 2 9 22 7 22 2 2 20 9 20 3 4 80 5 80 9 80
10 2 1 36 4 36 3 0 63 3 63 2 63 2 7 10 4 10 2 4 22 3 22 1 3 96 2 5 40 1 40 2 9 5 4 5 1 8 18 1 6 33 3 2 62 1 62 3 62
10 1 4 8 2 8 15 7 15 2 2 64 4 64 3 3 95 0 95 2 95 1 1 96 3 6 38 9 38 4 38 1 7 18 3 9 23 8 23 3 23 1 5 64 3 0 89 6 89 2 89
