30 10
10 1 6 89 1 1 58 2 4 97 2 97 2 2 44 5 44 1 8 77 2 3 5 7 5 2 0 9 7 9 3 5 58 9 58 6 58 3 9 96 3 96 0 96 3 7 84 6 84 2 84
10 2 7 31 2 31 2 2 81 5 81 2 9 73 3 73 3 4 15 8 15 3 15 3 1 87 3 87 7 87 2 5 39 6 39 1 8 57 3 0 77 8 77 4 77 3 3 85 9 85 7 85 3 6 21 3 21 9 21
10 1 2 48 2 5 71 6 71 1 0 40 3 3 70 2 70 1 70 1 1 49 2 6 22 9 22 3 4 10 1 10 9 10 1 8 34 3 7 80 9 80 1 80 1 9 82
10 3 4 11 1 11 2 11 2 6 72 2 72 1 7 62 3 0 55 1 55 3 55 3 2 17 4 17 1 17 1 5 75 2 3 7 0 7 2 1 91 0 91 2 9 35 1 35 1 8 47
10 2 0 64 3 64 2 6 71 0 71 1 4 12 1 1 90 2 2 94 1 94 2 3 75 4 75 3 9 20 7 20 5 20 2 8 15 1 15 3 5 50 8 50 4 50 2 7 67 2 67
10 3 2 29 7 29 4 29 2 6 93 4 93 1 3 68 2 5 93 4 93 2 1 57 9 57 1 8 77 2 0 52 2 52 3 9 7 7 7 5 7 2 4 58 1 58 2 7 70 6 70
10 1 4 26 2 3 27 8 27 3 1 63 8 63 2 63 1 5 6 1 6 87 1 7 56 3 8 48 2 48 7 48 1 9 36 2 0 95 6 95 2 2 82 6 82
10 3 1 8 0 8 2 8 2 7 76 5 76 2 3 76 4 76 1 4 30 1 6 84 1 9 78 3 8 41 1 41 4 41 3 0 36 9 36 7 36 3 2 36 1 36 8 36 1 5 15
10 3 3 13 8 13 9 13 1 8 29 2 0 75 4 75 3 2 81 8 81 0 81 1 1 78 3 5 88 2 88 1 88 1 4 54 1 9 40 3 7 13 0 13 4 13 1 6 82
10 3 0 52 9 52 4 52 2 2 6 3 6 3 3 6 2 6 5 6 1 5 82 1 6 64 1 9 88 3 8 54 3 54 6 54 3 4 54 3 54 6 54 3 7 32 0 32 1 32 1 1 26
10 2 8 62 1 62 1 1 35 1 4 72 2 7 69 4 69 2 0 62 4 62 3 5 32 1 32 8 32 1 9 5 3 3 61 5 61 9 61 3 2 67 8 67 1 67 3 6 93 4 93 7 93
10 2 2 78 7 78 3 3 11 0 11 8 11 2 7 82 5 82 1 4 7 3 1 72 5 72 3 72 2 8 64 5 64 1 9 90 3 0 85 7 85 8 85 2 5 88 8 88 2 6 63 3 63
10 1 7 50 1 4 28 2 3 35 2 35 1 1 66 1 2 27 1 8 49 3 9 11 2 11 4 11 3 6 88 0 88 4 88 2 5 31 8 31 2 0 44 6 44
10 1 4 62 2 5 39 1 39 2 0 76 6 76 2 2 14 1 14 3 6 56 3 56 4 56 3 3 97 4 97 7 97 3 1 7 7 7 9 7 1 7 69 3 9 66 4 66 8 66 3 8 47 3 47 0 47
10 2 6 47 9 47 1 2 41 2 0 64 2 64 3 7 58 1 58 4 58 2 9 57 7 57 3 8 93 0 93 5 93 1 3 69 1 5 53 2 1 18 3 18 3 4 79 8 79 0 79
10 1 7 76 2 9 81 8 81 3 0 76 8 76 3 76 3 6 61 8 61 2 61 3 4 77 2 77 1 77 2 8 26 2 26 3 2 74 6 74 1 74 2 5 22 6 22 1 1 58 1 3 78
10 3 6 30 8 30 4 30 1 8 72 2 3 43 7 43 2 0 65 7 65 2 1 16 2 16 1 4 92 1 5 95 3 9 29 6 29 5 29 1 2 99 3 7 64 0 64 3 64
10 3 1 35 7 35 8 35 1 3 74 1 5 16 1 4 85 3 0 7 4 7 3 7 3 2 81 4 81 9 81 2 6 86 3 86 2 8 61 0 61 2 9 35 5 35 1 7 34
10 2 1 97 4 97 1 7 43 2 4 72 1 72 1 6 88 2 5 17 4 17 1 0 43 1 8 94 2 3 64 9 64 1 9 22 2 2 42 0 42
10 1 7 99 1 2 84 3 8 99 9 99 5 99 2 5 98 0 98 3 1 20 4 20 7 20 2 6 31 7 31 1 3 74 3 0 92 4 92 9 92 3 9 23 6 23 0 23 2 4 89 7 89
10 3 8 32 5 32 0 32 1 0 6 2 4 55 5 55 2 5 19 9 19 2 9 81 7 81 3 1 81 6 81 4 81 2 7 40 2 40 1 6 9 1 3 37 1 2 40
10 2 6 15 0 15 2 2 70 0 70 1 8 25 3 1 46 9 46 8 46 3 9 65 8 65 7 65 3 4 64 5 64 7 64 3 7 21 9 21 3 21 2 0 77 8 77 2 5 65 4 65 1 3 55
10 2 8 31 2 31 2 7 84 5 84 1 5 37 2 3 24 4 24 2 2 85 3 85 1 4 89 1 9 29 2 1 44 4 44 1 0 40 3 6 83 4 83 2 83
10 3 4 80 1 80 7 80 2 0 8 8 8 1 9 41 2 5 59 6 59 1 7 56 3 3 38 2 38 6 38 1 2 30 1 8 97 1 6 77 2 1 80 0 80
10 1 9 59 2 0 91 1 91 1 3 50 2 8 80 2 80 3 1 17 0 17 3 17 3 6 40 4 40 7 40 2 2 71 1 71 2 5 56 8 56 3 4 88 3 88 5 88 1 7 7
10 3 7 36 8 36 0 36 2 3 58 9 58 3 4 54 7 54 1 54 1 5 77 1 2 8 1 6 9 2 0 45 5 45 2 9 10 5 10 2 1 29 0 29 1 8 96
10 2 0 28 8 28 2 3 92 2 92 2 2 73 8 73 2 7 27 6 27 1 8 86 1 5 87 1 9 96 2 1 98 8 98 1 6 99 1 4 70
10 2 9 32 2 32 2 1 95 4 95 1 3 85 2 6 81 5 81 2 2 41 6 41 2 8 39 7 39 2 7 92 9 92 3 0 59 5 59 9 59 2 5 56 4 56 3 4 52 3 52 2 52
10 2 4 93 0 93 2 2 12 1 12 2 5 22 1 22 2 6 27 4 27 1 8 45 1 7 69 3 3 60 1 60 7 60 2 1 7 8 7 2 0 88 1 88 1 9 49
10 3 2 61 6 61 3 61 3 5 26 3 26 2 26 1 9 71 3 8 44 9 44 4 44 1 0 21 3 6 82 8 82 3 82 1 3 68 3 7 33 6 33 2 33 2 1 84 2 84 3 4 99 3 99 0 99
