30 10
10 1 2 38 1 4 75 2 9 12 2 12 2 5 97 0 97 2 0 76 7 76 2 1 29 7 29 3 8 14 9 14 6 14 3 6 66 3 66 9 66 2 7 44 0 44 3 3 12 2 12 9 12
10 2 0 43 4 43 2 5 38 1 38 2 1 80 5 80 3 3 82 0 82 7 82 2 2 85 6 85 1 4 58 3 6 87 8 87 0 87 2 8 92 9 92 1 9 89 3 7 69 2 69 3 69
10 1 6 48 1 4 8 2 8 66 5 66 1 7 7 1 2 14 3 3 41 2 41 1 41 1 5 61 2 0 43 9 43 3 1 84 9 84 3 84 3 9 5 1 5 0 5
10 3 5 19 1 19 2 19 2 3 74 2 74 1 6 41 3 4 59 1 59 3 59 3 8 43 4 43 2 43 1 2 42 1 9 73 2 7 97 0 97 2 1 8 0 8 2 0 96 9 96
10 2 3 75 0 75 2 5 5 3 5 2 2 70 0 70 1 8 42 1 7 23 2 6 55 1 55 2 1 48 4 48 3 9 38 7 38 5 38 2 4 37 1 37 3 0 7 8 7 5 7
10 3 2 72 4 72 7 72 2 7 31 6 31 1 3 95 1 0 79 1 4 25 2 1 56 4 56 1 8 9 2 9 60 5 60 3 5 73 6 73 9 73 1 6 43
10 2 9 31 2 31 3 3 78 7 78 5 78 2 6 16 1 16 2 4 94 6 94 1 7 86 2 5 21 8 21 3 0 97 1 97 8 97 2 8 53 0 53 1 1 7 1 2 64
10 3 3 86 2 86 7 86 1 2 65 2 6 59 0 59 1 8 44 2 1 33 6 33 3 7 85 0 85 2 85 2 0 61 5 61 2 5 32 4 32 1 9 63 1 4 30
10 1 4 11 3 5 61 1 61 4 61 3 9 84 7 84 4 84 2 3 16 8 16 1 7 90 3 1 30 8 30 9 30 1 0 60 2 8 93 0 93 3 2 44 0 44 8 44 2 6 45 8 45
10 3 5 11 2 11 1 11 1 2 28 1 0 32 3 7 36 0 36 4 36 1 8 31 3 4 47 0 47 9 47 1 3 20 2 6 52 3 52 3 9 35 2 35 5 35 1 1 49
10 1 5 17 1 3 34 3 6 49 3 49 4 49 1 1 84 3 0 85 2 85 1 85 1 8 20 2 7 74 1 74 1 9 68 1 4 10 2 2 77 7 77
10 2 8 71 4 71 2 5 7 4 7 3 3 29 1 29 8 29 1 1 85 3 4 76 5 76 9 76 3 6 59 8 59 1 59 3 2 17 4 17 7 17 2 0 17 7 17 3 9 13 0 13 8 13 2 7 48 5 48
10 1 1 39 3 9 16 5 16 3 16 2 4 39 5 39 1 6 87 3 7 11 8 11 0 11 1 3 32 2 2 15 3 15 1 0 19 1 5 64 2 8 43 2 43
10 1 5 33 1 8 82 1 2 92 3 1 83 2 83 4 83 3 6 32 0 32 4 32 2 3 99 8 99 2 9 99 6 99 1 4 91 2 0 8 1 8 2 7 57 6 57
10 2 7 7 1 7 3 0 48 3 48 4 48 3 9 62 4 62 7 62 3 4 88 7 88 9 88 1 6 21 3 5 39 4 39 9 39 2 8 27 7 27 3 3 91 0 91 9 91 3 1 38 2 38 7 38 2 2 69 0 69
10 3 9 64 1 64 4 64 2 8 45 7 45 3 3 24 8 24 0 24 2 7 80 4 80 1 2 67 2 4 18 3 18 3 6 38 8 38 0 38 1 0 88 2 5 80 8 80 3 1 44 0 44 8 44
10 3 2 15 5 15 8 15 1 3 72 3 4 40 2 40 1 40 2 7 21 2 21 3 8 52 2 52 6 52 2 0 51 1 51 2 9 59 6 59 1 1 24 1 6 47 3 5 43 8 43 6 43
10 3 4 77 8 77 7 77 2 7 43 5 43 1 1 40 1 2 31 1 8 76 3 6 20 5 20 9 20 3 5 88 7 88 0 88 2 3 70 9 70 3 9 5 7 5 8 5 1 0 32
10 1 2 14 1 7 58 3 9 85 4 85 3 85 3 5 64 4 64 9 64 2 1 26 3 26 2 6 94 0 94 2 0 32 5 32 1 3 49 2 8 80 4 80 1 4 47
10 2 9 23 1 23 1 1 11 2 8 34 5 34 1 4 75 1 7 79 1 3 26 2 2 96 3 96 2 0 5 6 5 2 6 9 0 9 1 5 59
10 1 0 75 3 2 20 9 20 5 20 2 8 10 0 10 3 3 66 4 66 7 66 2 6 43 7 43 1 7 37 3 1 9 4 9 9 9 3 9 83 6 83 0 83 2 4 68 7 68 3 5 52 0 52 8 52
10 2 8 54 5 54 2 1 26 9 26 2 4 79 7 79 3 7 88 6 88 4 88 2 6 84 2 84 1 0 6 1 2 54 1 9 59 2 3 28 6 28 2 5 42 8 42
10 3 4 56 7 56 2 56 2 9 29 8 29 3 3 36 8 36 7 36 3 0 40 5 40 7 40 3 6 86 9 86 3 86 2 8 68 1 68 3 2 69 6 69 9 69 1 7 23 2 5 62 1 62 2 1 16 3 16
10 2 7 53 4 53 2 1 5 3 5 1 6 17 1 9 59 2 2 59 4 59 1 8 78 3 3 64 4 64 2 64 3 0 82 1 82 7 82 2 4 13 8 13 1 5 12
10 2 9 7 5 7 1 6 62 1 7 90 3 5 83 2 83 6 83 1 1 85 1 3 69 1 0 16 2 4 81 0 81 1 2 58 2 8 66 1 66
10 1 7 24 2 2 65 9 65 2 1 69 3 69 3 5 42 6 42 4 42 1 9 82 2 6 82 1 82 2 0 83 8 83 3 3 46 5 46 6 46 3 8 72 0 72 7 72 1 4 33
10 3 1 10 7 10 9 10 1 8 27 1 7 43 2 5 20 7 20 1 4 71 2 9 65 0 65 1 2 73 2 6 99 8 99 2 0 24 2 24 2 3 64 8 64
10 2 9 35 6 35 1 3 92 1 0 38 1 5 35 2 7 30 8 30 1 8 45 1 2 8 2 4 82 2 82 2 1 34 4 34 1 6 21
10 2 5 23 0 23 3 7 84 1 84 5 84 1 9 7 3 4 85 5 85 9 85 2 8 60 4 60 3 1 15 3 15 2 15 2 2 52 4 52 2 6 94 3 94 1 3 83 2 0 6 1 6
10 2 2 70 4 70 1 6 29 1 8 27 3 9 80 1 80 3 80 1 4 6 2 7 39 8 39 2 1 79 2 79 3 0 28 6 28 3 28 3 3 66 2 66 9 66 3 5 66 9 66 4 66
