30 10
10 1 2 51 1 7 59 2 1 35 2 35 2 5 73 0 73 2 9 65 7 65 2 0 27 7 27 3 6 13 9 13 3 13 2 3 81 0 81 3 8 32 6 32 2 32 2 4 74 2 74
10 2 4 64 5 64 2 7 33 3 33 3 5 75 8 75 3 75 3 2 33 3 33 7 33 2 8 10 6 10 1 0 28 3 3 38 8 38 0 38 2 6 53 8 53 3 9 49 3 49 7 49 3 1 55 3 55 9 55
10 1 6 83 2 1 23 5 23 1 2 72 1 3 7 3 9 72 2 72 1 72 1 0 6 2 4 39 9 39 3 5 52 1 52 9 52 1 8 90 3 7 21 9 21 1 21
10 1 3 82 3 1 23 2 23 9 23 2 2 93 4 93 3 4 78 1 78 3 78 3 6 88 4 88 2 88 1 7 53 1 9 28 2 8 65 0 65 2 5 21 0 21 2 0 61 9 61
10 2 4 41 0 41 2 6 12 3 12 2 9 12 0 12 1 3 77 1 1 70 2 7 24 1 24 2 0 81 4 81 3 5 73 7 73 6 73 2 2 62 9 62 3 8 6 5 6 4 6
10 2 4 98 2 98 3 3 28 7 28 2 28 1 6 42 2 9 72 4 72 1 0 15 2 8 15 5 15 3 5 94 6 94 9 94 1 2 33 2 1 51 2 51 3 7 99 5 99 1 99
10 2 0 32 2 32 2 8 22 6 22 3 9 96 6 96 1 96 3 4 15 2 15 0 15 1 6 78 1 3 31 3 5 7 2 7 7 7 1 1 94 2 2 23 0 23 1 7 86
10 2 7 93 6 93 3 2 97 0 97 9 97 2 3 43 1 43 2 5 73 7 73 1 0 24 1 8 68 3 9 88 1 88 4 88 3 1 42 9 42 7 42 3 4 35 1 35 8 35 1 6 72
10 3 2 14 8 14 9 14 1 0 44 2 8 13 0 13 3 5 67 0 67 8 67 2 1 63 8 63 3 3 49 2 49 1 49 1 7 5 1 4 17 3 6 85 0 85 7 85 3 9 66 0 66 4 66
10 1 7 82 3 9 15 0 15 4 15 2 3 72 4 72 2 4 26 5 26 1 0 8 1 1 68 1 6 21 3 8 45 3 45 6 45 3 2 99 3 99 6 99 3 5 27 0 27 1 27
10 1 4 93 2 6 23 1 23 1 0 51 1 8 54 2 3 49 7 49 2 1 96 4 96 2 2 56 4 56 3 9 36 1 36 8 36 1 5 53 3 7 52 5 52 9 52
10 3 8 60 1 60 3 60 1 0 14 3 4 70 7 70 5 70 2 9 55 8 55 2 1 23 5 23 1 5 83 3 3 38 5 38 9 38 3 2 24 4 24 7 24 3 7 37 0 37 8 37 2 6 48 3 48
10 1 0 62 1 7 15 2 8 69 2 69 1 9 23 1 1 82 1 6 26 3 4 45 2 45 0 45 2 5 33 4 33 2 3 12 8 12 2 2 37 6 37
10 1 6 72 2 1 9 7 9 2 7 15 5 15 1 5 28 3 8 92 3 92 4 92 3 9 12 4 12 7 12 3 0 59 7 59 9 59 1 3 64 3 4 87 9 87 8 87 3 2 73 3 73 0 73
10 2 0 50 9 50 1 1 14 2 7 90 2 90 3 5 46 7 46 1 46 2 3 71 5 71 1 4 48 3 2 80 8 80 0 80 2 9 61 4 61 1 8 24 2 6 44 3 44
10 3 0 22 8 22 9 22 2 9 94 8 94 3 5 16 0 16 8 16 3 3 73 5 73 8 73 1 2 54 3 8 54 2 54 1 54 2 4 46 2 46 3 1 97 2 97 6 97 2 6 61 1 61 2 7 75 6 75
10 1 9 55 1 3 67 3 6 77 8 77 4 77 1 4 30 2 7 6 8 6 1 1 32 2 8 47 2 47 1 5 93 1 2 6 3 0 40 6 40 5 40
10 1 1 30 3 3 98 7 98 0 98 2 7 79 9 79 3 0 22 7 22 8 22 1 6 79 1 2 7 1 8 36 3 9 36 4 36 3 36 3 5 9 4 9 9 9 2 4 92 3 92
10 2 8 37 0 37 2 7 72 5 72 1 2 52 2 4 31 2 31 2 1 82 7 82 2 9 54 5 54 1 5 7 1 6 82 1 3 73 2 0 49 3 49
10 2 1 73 6 73 2 3 83 0 83 1 7 45 1 2 76 3 4 43 9 43 5 43 2 9 29 0 29 3 0 35 4 35 7 35 2 5 92 7 92 1 8 39 3 6 28 4 28 9 28
10 3 2 58 6 58 0 58 2 0 26 7 26 3 1 48 5 48 0 48 1 8 52 2 7 34 5 34 2 6 96 9 96 2 5 70 7 70 3 4 98 6 98 2 98 1 3 80 1 9 94
10 1 1 70 2 8 23 6 23 2 5 26 8 26 3 4 14 7 14 2 14 2 6 90 9 90 2 2 93 1 93 3 3 21 7 21 9 21 3 0 42 7 42 9 42 1 7 18 2 9 36 8 36
10 2 4 28 6 28 2 6 76 8 76 2 7 25 1 25 2 0 17 3 17 2 1 84 4 84 2 2 67 3 67 1 8 87 1 3 43 2 9 88 4 88 1 5 84
10 3 7 30 4 30 2 30 3 3 91 1 91 7 91 2 8 52 6 52 2 4 80 5 80 1 0 21 1 5 8 3 9 37 2 37 6 37 1 2 15 1 6 12 1 1 92
10 2 1 28 0 28 1 4 7 2 7 46 1 46 1 6 92 2 2 77 9 77 2 3 15 1 15 1 9 69 1 8 54 3 0 47 7 47 1 47 2 5 39 8 39
10 3 9 50 3 50 5 50 1 5 44 3 2 64 8 64 0 64 2 8 38 9 38 3 4 93 7 93 1 93 1 6 33 1 7 75 1 0 41 2 1 24 5 24 2 3 5 5 5
10 2 7 94 0 94 1 0 17 2 6 87 8 87 2 2 21 6 21 1 8 92 2 9 28 6 28 1 1 61 1 4 63 1 3 34 2 5 77 8 77
10 1 3 72 1 8 98 2 9 5 2 5 2 4 28 9 28 2 2 9 5 9 2 5 95 6 95 2 6 64 7 64 2 1 43 9 43 3 0 50 5 50 9 50 2 7 96 4 96
10 3 0 85 3 85 2 85 2 2 85 4 85 2 8 39 3 39 1 1 98 2 7 24 1 24 2 3 71 4 71 1 5 60 1 4 55 3 9 22 1 22 3 22 1 6 35
10 2 3 78 8 78 2 6 49 1 49 1 2 46 3 1 11 6 11 3 11 3 0 90 3 90 2 90 1 5 20 3 9 34 4 34 1 34 3 7 6 8 6 3 6 1 4 70 3 8 74 6 74 2 74
