30 10
10 1 0 66 1 2 84 2 3 26 2 26 2 7 29 5 29 1 9 94 2 6 98 7 98 2 8 7 7 7 3 5 98 9 98 6 98 3 1 45 3 45 9 45 2 4 43 0 43
10 3 3 32 2 32 9 32 2 0 97 4 97 2 6 55 1 55 2 2 88 5 88 3 8 93 3 93 0 93 1 9 88 2 1 20 8 20 1 4 50 1 7 17 3 5 5 8 5 0 5
10 2 4 43 8 43 3 3 68 9 68 7 68 3 8 47 3 47 9 47 1 9 68 2 1 57 5 57 1 6 20 1 5 81 3 2 60 1 60 6 60 3 7 94 9 94 1 94 2 0 62 3 62
10 3 1 57 9 57 0 57 3 5 40 1 40 2 40 2 0 78 2 78 1 6 9 3 2 49 1 49 3 49 3 9 17 4 17 2 17 1 3 32 1 4 30 2 8 87 0 87 2 7 77 0 77
10 2 0 52 9 52 2 4 30 0 30 2 3 48 2 48 2 5 48 8 48 1 1 26 2 9 17 1 17 2 6 93 4 93 3 8 97 7 97 5 97 2 7 49 1 49 3 2 89 8 89 5 89
10 3 7 95 4 95 2 95 3 0 33 7 33 2 33 1 1 5 2 6 17 4 17 1 5 70 2 3 57 5 57 3 4 34 6 34 9 34 1 2 61 2 8 62 2 62 3 9 39 7 39 5 39
10 2 7 97 1 97 2 5 92 6 92 1 1 31 2 8 5 6 5 2 2 79 8 79 2 4 5 0 5 1 3 67 1 0 5 3 9 78 2 78 7 78 1 6 60
10 2 2 79 0 79 1 4 6 2 7 20 6 20 3 8 45 0 45 2 45 2 6 34 5 34 2 3 24 4 24 1 9 26 1 5 68 1 1 16 3 0 46 1 46 4 46
10 3 7 58 9 58 4 58 2 9 50 8 50 1 2 19 3 8 93 9 93 4 93 2 6 49 0 49 3 3 25 0 25 8 25 2 5 85 8 85 3 4 50 2 50 1 50 1 0 93 1 1 26
10 3 9 81 0 81 7 81 3 6 71 0 71 4 71 1 5 7 3 1 39 0 39 9 39 1 2 16 2 8 42 3 42 3 0 71 2 71 5 71 1 4 84 1 3 56 1 7 99
10 3 8 9 3 9 6 9 3 0 86 3 86 6 86 3 9 6 0 6 1 6 1 3 71 2 6 97 1 97 1 5 85 1 4 16 2 2 42 7 42 2 7 81 4 81 2 1 81 4 81
10 3 4 72 1 72 8 72 1 3 24 3 0 30 5 30 9 30 3 8 56 1 56 3 56 1 2 43 3 1 61 7 61 5 61 2 7 82 8 82 2 6 40 5 40 1 5 59 3 9 43 5 43 3 43
10 2 9 43 5 43 1 1 13 3 6 70 7 70 8 70 2 7 93 8 93 2 0 95 3 95 1 8 12 1 4 15 2 2 78 3 78 1 5 97 1 3 14
10 3 0 14 2 14 4 14 3 6 26 0 26 4 26 2 1 71 8 71 2 3 46 6 46 1 8 80 2 5 31 1 31 2 4 37 6 37 2 9 27 1 27 3 7 92 3 92 4 92 3 2 67 4 67 7 67
10 3 2 12 7 12 9 12 1 0 43 3 5 96 4 96 9 96 2 6 7 7 7 3 3 45 0 45 9 45 3 7 20 2 20 0 20 3 1 13 4 13 5 13 1 9 29 3 4 60 8 60 0 60 2 8 33 4 33
10 1 1 78 2 5 50 3 50 3 6 84 8 84 0 84 1 0 42 2 8 84 4 84 3 4 30 8 30 3 30 3 9 76 8 76 2 76 3 2 57 1 57 0 57 3 7 87 9 87 2 87 1 3 59
10 2 4 49 1 49 2 7 50 6 50 1 1 15 1 8 13 3 0 93 8 93 6 93 3 6 50 8 50 4 50 3 9 32 8 32 7 32 2 5 59 2 59 1 3 10 1 2 35
10 3 1 25 6 25 5 25 1 0 47 3 7 60 0 60 3 60 3 8 33 1 33 7 33 2 4 53 7 53 1 5 37 1 9 73 3 2 22 4 22 3 22 3 3 87 4 87 9 87 2 6 79 3 79
10 2 0 84 3 84 1 6 83 1 1 71 2 5 68 4 68 1 9 89 2 8 11 1 11 1 3 60 2 4 50 5 50 1 2 33 1 7 97
10 1 1 14 2 0 38 3 38 2 6 88 2 88 3 5 5 4 5 6 5 3 4 77 9 77 5 77 2 7 92 0 92 3 8 24 4 24 7 24 2 2 73 7 73 1 9 52 3 3 71 4 71 9 71
10 3 7 62 6 62 0 62 2 9 19 7 19 3 6 38 5 38 0 38 1 3 15 2 8 64 5 64 2 2 64 9 64 2 4 8 7 8 3 1 61 6 61 4 61 2 0 19 2 19 1 5 33
10 1 2 33 1 5 46 2 4 74 6 74 2 0 56 8 56 3 6 84 7 84 2 84 2 9 83 8 83 3 8 19 7 19 9 19 3 7 8 9 8 3 8 2 3 32 8 32 2 1 97 4 97
10 1 4 50 2 3 71 8 71 2 6 50 1 50 2 2 97 3 97 2 9 8 4 8 2 0 17 3 17 1 7 19 1 8 92 2 5 54 4 54 1 1 52
10 3 8 32 4 32 2 32 3 1 79 7 79 0 79 1 3 97 1 5 38 2 9 49 5 49 1 4 76 1 6 76 3 0 56 2 56 6 56 1 2 78 1 7 54
10 1 5 13 2 3 5 0 5 1 2 25 2 0 86 1 86 1 1 95 2 9 28 2 28 3 6 78 0 78 3 78 3 8 24 6 24 4 24 1 7 10 2 4 39 1 39
10 2 7 48 8 48 3 2 59 3 59 5 59 1 0 20 3 9 7 8 7 0 7 2 5 31 9 31 3 6 97 7 97 1 97 1 1 89 1 4 32 1 3 25 2 8 41 5 41
10 2 5 87 7 87 2 0 18 8 18 2 9 48 8 48 2 2 43 6 43 1 1 30 2 6 97 8 97 1 7 47 1 8 65 2 3 69 8 69 1 4 27
10 1 6 71 2 5 20 2 20 2 8 20 4 20 1 1 78 2 3 39 5 39 2 0 17 6 17 2 7 50 5 50 1 2 44 3 9 42 5 42 4 42 3 4 38 3 38 2 38
10 2 0 50 4 50 2 9 42 3 42 1 3 72 2 5 7 1 7 2 1 77 4 77 1 7 58 1 4 78 3 2 89 1 89 3 89 1 6 70 2 8 36 7 36
10 2 3 32 2 32 3 9 95 6 95 3 95 3 2 13 3 13 9 13 3 0 73 9 73 4 73 1 6 97 3 8 24 3 24 9 24 3 4 49 6 49 2 49 2 5 57 2 57 3 1 68 3 68 0 68 3 7 94 6 94 0 94
