15 15
15 1 4 21 1 3 55 2 6 71 2 71 2 14 98 0 98 1 10 12 2 2 34 7 34 2 9 16 12 16 3 1 21 14 21 6 21 3 0 53 13 53 4 53 2 7 26 5 26 3 8 52 2 52 4 52 2 5 95 4 95 2 12 31 1 31 2 11 42 5 42 3 13 39 5 39 3 39
15 2 11 54 13 54 1 4 83 1 1 77 3 7 64 13 64 10 64 2 8 34 14 34 1 14 79 3 12 43 2 43 13 43 1 0 55 1 3 77 2 6 19 5 19 1 9 37 1 5 79 3 10 92 2 92 1 92 1 13 62 2 2 66 14 66
15 3 9 83 6 83 4 83 1 5 77 3 2 87 9 87 1 87 1 7 38 3 4 60 6 60 2 60 2 12 98 7 98 1 0 93 3 13 17 6 17 2 17 2 6 41 7 41 1 10 44 1 3 69 2 11 49 5 49 2 8 24 10 24 2 1 87 14 87 2 14 25 0 25
15 2 5 77 8 77 2 0 96 10 96 1 9 28 1 6 7 2 4 95 11 95 2 13 35 4 35 3 7 35 0 35 1 35 2 8 76 14 76 3 11 9 0 9 8 9 2 12 95 7 95 2 2 43 11 43 1 1 75 1 10 61 1 14 10 2 3 79 4 79
15 1 10 87 2 4 28 5 28 3 8 50 1 50 4 50 1 2 59 2 0 46 2 46 3 11 45 7 45 0 45 2 14 9 1 9 2 9 43 1 43 1 6 52 2 7 27 8 27 3 1 91 8 91 7 91 1 13 41 1 3 16 1 5 59 3 12 39 9 39 13 39
15 3 0 20 6 20 4 20 1 2 71 3 4 78 5 78 2 78 2 13 66 10 66 2 3 14 4 14 1 12 8 1 14 42 1 6 28 3 1 54 6 54 4 54 3 9 33 12 33 14 33 2 11 89 13 89 1 8 26 3 7 37 3 37 4 37 1 10 33 2 5 43 14 43
15 3 8 69 3 69 10 69 1 4 96 3 12 17 7 17 6 17 1 0 69 1 7 45 3 11 31 5 31 7 31 3 6 78 0 78 4 78 1 10 20 3 3 27 10 27 9 27 1 13 87 2 1 74 3 74 3 5 84 7 84 0 84 1 14 76 1 2 94 1 9 81
15 3 4 58 8 58 1 58 3 13 90 3 90 11 90 3 11 76 0 76 1 76 1 3 81 1 7 23 1 9 28 2 1 18 2 18 2 2 32 9 32 2 12 86 4 86 3 8 99 11 99 13 99 1 14 97 3 0 24 5 24 14 24 3 10 45 8 45 1 45 3 6 72 9 72 2 72 2 5 25 12 25
15 3 5 27 10 27 13 27 2 1 46 10 46 1 6 67 3 8 27 10 27 13 27 2 13 19 5 19 1 10 80 3 2 17 7 17 8 17 2 3 48 13 48 3 7 62 3 62 13 62 3 11 12 3 12 6 12 1 14 28 3 4 98 7 98 12 98 2 0 42 5 42 2 9 48 14 48 2 12 50 3 50
15 2 11 37 1 37 1 5 80 2 4 75 6 75 2 8 55 1 55 2 7 50 6 50 3 0 94 3 94 9 94 3 9 14 2 14 14 14 1 6 41 2 14 72 9 72 1 3 50 3 10 61 4 61 13 61 3 13 79 8 79 10 79 2 2 98 14 98 1 12 18 2 1 63 7 63
15 3 7 65 2 65 11 65 2 3 96 10 96 1 0 47 3 4 75 8 75 5 75 2 12 69 9 69 1 14 58 2 10 33 3 33 3 1 71 8 71 10 71 1 9 22 2 13 32 8 32 3 5 57 13 57 8 57 3 8 79 12 79 11 79 1 2 14 3 11 31 10 31 2 31 3 6 60 7 60 1 60
15 3 1 34 13 34 9 34 1 2 47 3 3 58 11 58 14 58 1 5 51 2 4 62 2 62 2 6 44 12 44 2 9 8 12 8 1 7 17 1 10 97 3 8 29 6 29 0 29 1 11 15 3 13 66 12 66 5 66 2 12 40 14 40 3 0 44 12 44 13 44 1 14 38
15 1 3 50 1 7 57 3 13 61 9 61 3 61 3 5 20 4 20 14 20 2 11 85 8 85 2 12 90 10 90 2 2 58 0 58 1 4 63 2 10 84 9 84 1 1 39 2 9 87 1 87 1 6 21 2 14 56 10 56 1 8 32 1 0 57
15 1 9 84 2 7 45 3 45 2 5 15 6 15 2 14 41 5 41 1 10 18 1 4 82 3 11 29 4 29 0 29 2 2 70 10 70 3 1 67 4 67 12 67 2 3 30 2 30 1 13 50 3 6 23 4 23 14 23 3 0 20 11 20 4 20 1 12 21 3 8 38 5 38 10 38
15 1 9 37 2 10 81 5 81 2 11 61 4 61 2 14 57 12 57 3 8 57 11 57 4 57 2 0 52 12 52 1 7 74 1 6 62 1 12 30 2 1 52 10 52 2 2 38 5 38 1 13 68 3 4 54 13 54 11 54 3 3 54 2 54 14 54 3 5 16 12 16 2 16
