15 15
15 1 5 19 1 6 64 2 11 73 2 73 2 9 13 0 13 1 2 84 2 14 88 7 88 2 3 85 12 85 3 10 41 14 41 6 41 3 12 53 13 53 4 53 2 13 80 5 80 3 1 66 2 66 4 66 2 7 46 4 46 2 8 59 1 59 2 4 25 5 25 3 0 62 13 62 5 62
15 1 1 67 2 3 74 13 74 1 7 41 1 2 57 3 14 52 13 52 10 52 2 0 14 8 14 3 9 64 3 64 14 64 1 8 84 3 6 78 13 78 9 78 1 5 47 2 13 28 5 28 1 4 84 1 10 63 3 12 26 2 26 1 26 1 11 46
15 2 6 97 14 97 3 8 95 6 95 4 95 1 0 64 3 9 38 1 38 0 38 3 10 59 6 59 2 59 2 12 95 7 95 1 2 17 3 11 65 6 65 13 65 3 13 93 4 93 7 93 1 3 10 1 5 73 2 1 11 5 11 2 4 85 10 85 2 14 46 1 46 1 7 67
15 2 10 23 8 23 2 12 49 10 49 1 3 32 1 4 66 2 2 43 11 43 2 0 60 4 60 3 8 41 7 41 0 41 2 7 61 1 61 3 13 70 8 70 0 70 3 9 49 4 49 7 49 2 11 17 12 17 1 6 90 1 1 85 2 14 99 4 99 1 5 85
15 2 9 98 5 98 3 8 57 1 57 4 57 1 3 73 2 6 9 2 9 3 0 73 7 73 1 73 2 7 7 1 7 1 1 98 2 4 13 8 13 3 13 41 1 41 8 41 2 5 40 0 40 1 11 85 1 10 37 3 2 68 12 68 9 68 2 14 79 5 79 1 12 17
15 2 11 66 6 66 3 7 53 5 53 2 53 2 5 86 10 86 2 6 40 4 40 1 0 14 1 3 19 1 13 96 3 4 95 6 95 5 95 1 2 54 1 10 84 3 12 97 1 97 13 97 1 8 16 3 14 52 3 52 4 52 1 1 76 2 9 87 5 87
15 3 4 77 5 77 3 77 2 2 55 3 55 3 9 42 7 42 6 42 1 5 74 1 14 91 3 13 33 5 33 7 33 3 10 16 0 16 4 16 1 12 54 3 0 18 10 18 9 18 1 3 87 2 7 60 3 60 3 8 13 7 13 0 13 1 6 33 1 1 33 1 11 61
15 3 6 41 8 41 1 41 3 5 39 3 39 11 39 3 11 82 0 82 1 82 1 9 64 1 14 47 1 10 28 2 7 78 2 78 2 13 49 9 49 2 1 79 4 79 3 4 58 11 58 13 58 1 2 92 3 3 79 5 79 14 79 3 12 6 8 6 1 6 3 0 69 9 69 2 69 2 8 76 12 76
15 3 11 21 10 21 13 21 2 5 42 10 42 1 9 91 3 2 28 10 28 13 28 2 0 52 5 52 1 6 88 3 12 76 7 76 8 76 2 13 86 3 86 2 10 23 8 23 1 1 35 1 7 52 2 4 91 2 91 1 3 47 1 14 82 1 8 24
15 3 11 42 7 42 12 42 2 1 93 5 93 2 3 95 14 95 2 13 45 3 45 2 9 28 1 28 1 14 77 2 0 84 6 84 2 10 8 1 8 2 7 45 6 45 3 4 70 3 70 9 70 3 5 37 9 37 2 37 3 6 86 12 86 7 86 1 12 64 1 8 67 3 2 38 4 38 13 38
15 3 4 97 8 97 10 97 2 12 81 14 81 1 1 58 2 7 84 5 84 3 5 58 11 58 4 58 2 0 9 12 9 3 11 87 8 87 5 87 2 3 5 9 5 1 2 44 2 13 85 3 85 3 6 89 8 89 10 89 1 10 77 2 9 96 8 96 3 14 39 5 39 13 39 3 8 77 5 77 12 77
15 3 12 80 11 80 10 80 3 1 21 14 21 7 21 1 10 10 2 5 73 11 73 2 8 70 1 70 1 6 49 1 2 31 3 13 34 3 34 11 34 3 4 40 3 40 2 40 2 11 22 12 22 2 0 15 12 15 1 14 82 1 3 57 3 9 71 6 71 0 71 1 7 48
15 3 2 17 12 17 5 17 2 7 62 14 62 3 5 75 12 75 13 75 1 9 35 1 1 91 1 14 50 3 3 7 9 7 2 7 2 10 64 14 64 2 13 75 8 75 2 12 94 10 94 2 0 55 12 55 2 6 72 9 72 1 8 47 2 4 11 1 11 1 11 90
15 2 11 93 10 93 1 6 57 1 1 71 1 12 70 2 9 93 3 93 2 5 20 6 20 2 3 15 5 15 1 13 77 1 10 58 3 0 12 4 12 10 12 3 2 67 4 67 12 67 2 8 68 2 68 1 14 7 3 7 29 4 29 14 29 3 4 52 11 52 0 52
15 2 13 76 12 76 3 3 27 5 27 10 27 1 4 26 2 9 36 5 36 2 11 8 4 8 2 10 36 12 36 3 0 95 11 95 4 95 2 8 48 12 48 1 2 82 1 6 87 1 5 6 2 1 63 10 63 2 7 56 5 56 1 12 36 3 14 15 4 15 13 15
