15 15
15 1 10 51 1 14 43 2 7 80 2 80 2 4 18 0 18 1 6 38 2 3 24 7 24 2 2 67 12 67 3 12 15 14 15 6 15 3 11 24 13 24 4 24 2 13 72 5 72 3 8 45 2 45 4 45 2 5 80 4 80 2 9 64 1 64 2 1 44 5 44 3 0 88 13 88 5 88
15 1 6 40 2 9 88 13 88 1 10 77 1 5 59 3 11 20 13 20 10 20 2 3 52 8 52 3 8 70 3 70 14 70 1 0 40 3 4 32 13 32 9 32 1 13 76 2 12 43 5 43 1 7 31 1 2 21 3 14 5 2 5 1 5 1 1 47
15 2 0 32 14 32 3 3 49 6 49 4 49 1 10 5 3 5 64 9 64 1 64 1 7 58 3 8 80 6 80 2 80 2 6 94 7 94 1 11 11 3 1 26 6 26 13 26 3 13 26 4 26 7 26 1 14 59 1 9 85 2 4 47 5 47 2 12 96 10 96 2 2 14 14 14
15 2 5 23 0 23 2 6 9 8 9 2 0 75 10 75 1 12 37 1 11 43 2 2 79 11 79 2 4 75 2 75 2 3 34 0 34 2 7 20 1 20 3 13 10 8 10 0 10 3 14 83 4 83 7 83 2 10 68 11 68 1 9 52 1 8 66 1 1 9
15 2 12 69 4 69 1 9 59 2 3 28 5 28 3 14 62 1 62 4 62 1 13 36 2 1 26 2 26 3 6 84 7 84 0 84 2 11 16 1 16 2 8 54 1 54 1 5 42 2 2 54 8 54 3 0 6 1 6 8 6 2 10 40 0 40 1 7 88 1 4 79
15 3 13 78 12 78 9 78 2 12 53 5 53 1 11 17 2 5 29 6 29 3 4 82 5 82 2 82 2 2 23 10 23 2 9 12 4 12 1 8 64 1 1 86 1 7 59 3 6 5 4 5 5 5 1 3 68 1 14 59 3 10 13 1 13 13 13 1 0 56
15 3 10 83 3 83 4 83 1 13 46 2 9 7 5 7 3 12 65 5 65 3 65 2 11 69 3 69 3 6 62 7 62 9 62 1 0 16 3 2 58 5 58 7 58 3 8 66 0 66 4 66 1 5 83 3 7 90 10 90 9 90 1 14 42 2 4 81 3 81 3 3 69 7 69 0 69 1 1 85
15 1 7 73 1 10 71 3 8 64 1 64 14 64 1 6 10 3 9 20 2 20 0 20 3 11 99 0 99 1 99 1 4 24 1 14 65 1 5 82 2 3 72 2 72 2 12 43 9 43 2 1 82 4 82 3 13 27 11 27 12 27 3 2 24 5 24 14 24 3 0 33 8 33 1 33
15 3 4 82 9 82 2 82 2 1 34 12 34 3 3 92 10 92 13 92 2 2 8 10 8 1 0 38 3 8 45 10 45 13 45 2 6 21 5 21 1 5 35 3 12 52 7 52 8 52 2 9 35 3 35 2 11 15 8 15 1 14 23 1 10 6 2 13 83 2 83 1 7 30
15 1 2 84 1 5 7 3 9 66 7 66 12 66 2 10 6 5 6 2 4 28 14 28 2 13 27 3 27 2 6 79 1 79 1 7 70 2 0 85 6 85 2 1 94 10 94 1 3 60 3 14 80 3 80 9 80 3 12 39 9 39 2 39 3 8 66 12 66 7 66 1 11 29
15 1 3 44 3 6 58 4 58 13 58 3 13 14 8 14 10 14 2 8 65 14 65 1 1 72 2 5 14 7 14 3 12 52 2 52 11 52 2 4 21 10 21 1 9 25 3 0 5 8 5 5 5 2 11 51 9 51 1 7 61 2 14 55 3 55 3 10 42 8 42 9 42 2 2 36 8 36
15 3 14 43 5 43 13 43 3 10 72 5 72 8 72 1 5 78 3 11 12 12 12 10 12 3 12 17 14 17 7 17 1 0 46 2 9 27 11 27 2 6 51 1 51 1 2 63 1 1 79 3 8 79 3 79 11 79 3 7 91 3 91 4 91 3 4 49 13 49 12 49 2 13 26 12 26 1 3 93
15 1 7 49 3 0 49 6 49 9 49 3 4 71 12 71 5 71 2 5 78 14 78 3 9 44 12 44 13 44 1 10 41 1 12 91 1 13 84 3 8 91 9 91 3 91 3 6 21 4 21 14 21 2 11 47 8 47 2 14 28 10 28 2 3 61 0 61 1 2 70 2 1 93 9 93
15 1 3 25 2 4 85 1 85 1 0 66 2 2 45 10 45 1 10 95 1 12 21 1 8 84 2 5 24 3 24 2 9 53 6 53 2 7 67 5 67 1 6 91 1 11 11 3 13 32 4 32 0 32 2 1 30 10 30 3 14 89 4 89 12 89
15 2 3 92 2 92 1 7 93 3 0 99 4 99 14 99 3 1 40 11 40 0 40 2 10 37 12 37 3 12 69 5 69 10 69 1 5 66 2 6 57 5 57 2 14 22 4 22 2 9 44 12 44 3 8 73 11 73 4 73 2 13 97 12 97 1 11 18 1 2 69 1 4 41
