15 15
15 1 9 65 1 10 28 2 4 74 2 74 2 12 33 0 33 1 2 51 2 14 75 7 75 2 5 73 12 73 3 8 32 14 32 6 32 3 6 13 13 13 4 13 2 3 81 5 81 3 1 35 2 35 4 35 2 7 59 4 59 2 13 38 1 38 2 11 55 5 55 3 0 27 13 27 5 27
15 1 0 64 2 1 53 13 53 1 11 83 1 2 33 3 4 6 13 6 10 6 2 9 52 8 52 3 14 72 3 72 12 72 3 8 7 13 7 9 7 1 13 90 2 12 21 5 21 1 6 23 1 3 10 3 10 39 2 39 1 39 1 5 49 2 7 72 14 72
15 3 14 73 6 73 4 73 1 3 82 3 1 23 9 23 0 23 3 12 62 6 62 2 62 2 6 88 7 88 1 5 21 3 8 65 6 65 13 65 3 11 70 4 70 7 70 1 7 53 1 10 81 2 2 93 5 93 2 13 77 10 77 2 0 61 14 61 2 9 28 0 28 2 4 78 8 78
15 2 1 12 10 12 1 6 51 1 7 33 2 4 15 11 15 2 14 72 4 72 3 10 98 7 98 0 98 2 9 94 1 94 3 5 12 8 12 0 12 3 11 42 4 42 7 42 2 2 24 11 24 1 13 15 1 8 28 1 3 6 2 12 99 4 99 1 0 41
15 2 12 97 5 97 3 5 7 1 7 4 7 1 9 96 2 4 15 2 15 3 14 73 7 73 0 73 2 13 43 1 43 2 0 32 1 32 1 8 22 2 11 42 8 42 3 1 94 8 94 7 94 1 2 23 1 7 86 1 6 78 3 10 24 12 24 9 24 2 3 31 5 31
15 1 1 72 2 5 88 6 88 3 2 93 5 93 4 93 2 13 13 1 13 2 4 44 12 44 1 14 66 1 6 63 3 7 14 6 14 4 14 3 9 67 12 67 14 67 2 10 17 13 17 1 11 85 3 0 35 3 35 4 35 1 3 68 2 12 5 5 5 3 8 49 5 49 3 49
15 2 9 15 3 15 3 7 82 6 82 9 82 1 6 21 3 14 53 5 53 7 53 3 3 72 0 72 4 72 1 13 49 3 2 99 10 99 9 99 1 4 26 2 12 56 3 56 3 8 45 7 45 0 45 1 1 68 1 10 51 1 0 8 3 5 27 8 27 1 27 3 11 96 3 96 2 96
15 1 3 54 3 7 24 0 24 1 24 1 4 14 1 8 38 1 5 36 2 2 52 7 52 1 14 55 2 12 37 4 37 3 11 48 13 48 12 48 3 0 93 5 93 14 93 3 13 60 8 60 1 60 3 10 70 9 70 2 70 2 1 23 12 23 3 6 23 10 23 13 23 2 9 83 10 83
15 1 3 12 3 8 69 10 69 13 69 2 6 26 5 26 1 9 23 3 14 28 7 28 8 28 2 1 82 3 82 2 5 33 8 33 1 4 45 1 13 64 2 7 15 2 15 1 11 9 1 12 73 1 10 59 3 2 37 7 37 12 37 2 0 62 5 62
15 2 0 87 14 87 2 5 12 3 12 2 7 80 1 80 1 4 50 2 10 48 6 48 2 12 90 1 90 2 1 72 6 72 3 13 24 3 24 9 24 3 6 14 9 14 2 14 3 8 71 12 71 7 71 1 11 44 1 9 46 3 2 15 4 15 13 15 3 14 61 8 61 10 61 2 3 92 14 92
15 1 2 54 2 0 22 7 22 3 6 61 2 61 11 61 2 4 46 10 46 1 3 73 3 5 16 8 16 10 16 1 12 6 1 9 94 2 14 93 3 93 3 13 67 8 67 10 67 1 8 54 2 7 75 8 75 3 11 32 5 32 13 32 3 10 40 5 40 8 40 1 1 97
15 3 10 92 12 92 11 92 2 14 36 2 36 3 4 22 7 22 6 22 2 9 9 11 9 2 3 47 1 47 1 1 77 1 12 79 3 13 36 3 36 11 36 3 6 30 3 30 4 30 3 8 98 13 98 12 98 2 11 79 12 79 1 7 7 1 5 55 3 2 6 6 6 0 6 1 0 30
15 3 0 49 12 49 5 49 2 13 83 14 83 3 3 73 12 73 13 73 1 6 82 1 1 82 1 14 92 3 11 73 9 73 3 73 3 4 31 14 31 1 31 3 10 35 13 35 0 35 1 9 54 2 5 7 9 7 1 8 37 2 7 72 1 72 1 2 52 2 12 76 10 76
15 1 10 98 1 12 34 1 13 52 2 4 26 3 26 2 1 28 6 28 2 3 39 5 39 1 8 80 1 5 29 3 9 70 4 70 0 70 2 0 43 10 43 3 6 48 4 48 12 48 2 7 58 2 58 1 2 45 3 14 94 4 94 11 94 1 11 96
15 2 1 70 12 70 3 10 17 5 17 3 17 2 6 90 5 90 2 12 67 4 67 2 4 14 12 14 3 8 23 11 23 4 23 2 3 21 12 21 1 7 18 1 13 43 1 11 84 2 5 26 1 26 2 9 36 13 36 3 2 93 12 93 4 93 2 14 84 13 84 3 0 42 8 42 2 42
