10 10
10 1 0 29 1 1 78 2 2 9 1 9 1 3 36 1 4 49 2 5 11 7 11 2 6 62 7 62 3 7 56 9 56 6 56 3 8 44 3 44 9 44 2 9 21 0 21
10 3 0 43 2 43 9 43 2 2 90 4 90 2 4 75 1 75 2 9 11 5 11 3 3 69 0 69 7 69 2 1 28 6 28 1 6 46 3 5 46 8 46 0 46 2 7 72 8 72 3 8 30 3 30 9 30
10 1 1 91 3 0 85 3 85 9 85 1 3 39 2 2 74 5 74 1 8 90 1 5 10 3 7 12 2 12 1 12 1 6 89 2 9 45 1 45 2 4 33 3 33
10 3 1 81 9 81 0 81 3 2 95 1 95 9 95 2 0 71 4 71 3 4 99 1 99 3 99 3 6 9 4 9 2 9 1 8 52 1 7 85 2 3 98 0 98 2 9 22 0 22 2 5 43 9 43
10 2 2 14 0 14 2 0 6 3 6 2 1 22 0 22 1 5 61 1 3 26 2 4 69 1 69 2 8 21 4 21 3 7 49 5 49 6 49 2 9 72 8 72 1 6 53
10 3 2 84 4 84 7 84 2 1 2 6 2 1 5 52 1 3 95 1 8 48 2 9 72 4 72 1 0 47 2 6 65 5 65 3 4 6 6 6 9 6 1 7 25
10 2 1 46 2 46 3 0 37 7 37 5 37 2 3 61 1 61 2 2 13 6 13 1 6 32 2 5 21 8 21 3 9 32 1 32 8 32 2 8 89 0 89 1 7 30 1 4 55
10 3 2 31 7 31 9 31 2 0 86 6 86 2 1 46 6 46 3 5 74 0 74 2 74 2 4 32 5 32 2 6 88 4 88 1 8 19 1 9 48 1 7 36 3 3 79 1 79 4 79
10 3 0 76 9 76 7 76 3 1 69 8 69 6 69 3 3 76 8 76 9 76 1 5 51 2 2 85 0 85 3 9 11 0 11 8 11 2 6 40 8 40 3 7 89 2 89 1 89 1 4 26 1 8 74
10 3 1 85 0 85 7 85 3 0 13 4 13 5 13 2 2 61 9 61 1 6 7 2 8 64 3 64 3 9 76 2 76 5 76 1 5 47 1 3 52 1 4 90 3 7 45 3 45 6 45
