20 5
5 1 0 29 1 1 9 2 2 49 1 49 1 3 62 1 4 44
5 2 0 43 2 43 2 1 75 2 75 3 3 69 4 69 1 69 3 2 46 3 46 4 46 2 4 72 0 72
5 3 1 91 2 91 4 91 2 0 39 4 39 2 2 90 1 90 2 4 12 0 12 3 3 45 0 45 2 45
5 2 1 81 4 81 3 0 71 3 71 4 71 3 4 9 3 9 2 9 3 2 85 3 85 4 85 1 3 22
5 2 2 14 0 14 1 1 22 1 0 26 3 3 21 2 21 1 21 1 4 72
5 2 2 84 4 84 3 1 52 4 52 3 52 3 4 48 1 48 0 48 3 0 47 1 47 2 47 2 3 6 2 6
5 1 1 46 3 0 61 1 61 3 61 3 2 32 4 32 1 32 1 3 32 2 4 30 0 30
5 2 2 31 0 31 2 1 46 4 46 2 0 32 3 32 3 3 19 2 19 0 19 1 4 36
5 1 0 76 2 3 76 1 76 2 2 85 4 85 3 1 40 2 40 0 40 2 4 26 1 26
5 3 1 85 3 85 0 85 3 2 61 4 61 1 61 1 0 64 1 3 47 1 4 90
5 2 1 78 4 78 1 3 36 2 0 11 4 11 2 4 56 2 56 3 2 21 0 21 1 21
5 2 2 90 1 90 1 0 11 2 1 28 3 28 3 3 46 1 46 2 46 1 4 30
5 1 0 85 1 2 74 3 1 10 2 10 4 10 2 3 89 0 89 1 4 33
5 2 2 95 1 95 3 0 99 2 99 4 99 2 1 52 4 52 1 3 98 1 4 43
5 1 0 6 3 1 61 4 61 0 61 1 4 69 1 2 49 3 3 53 1 53 0 53
5 1 1 2 2 0 95 4 95 2 3 72 0 72 3 4 65 0 65 3 65 2 2 25 3 25
5 3 0 37 2 37 1 37 1 2 13 1 1 21 3 3 89 0 89 2 89 3 4 55 0 55 1 55
5 1 0 86 3 1 74 2 74 0 74 1 4 88 1 2 48 1 3 79
5 3 1 69 3 69 4 69 1 2 51 3 0 11 2 11 1 11 1 3 89 2 4 74 1 74
5 1 0 13 1 1 7 2 2 76 4 76 2 3 52 4 52 3 4 45 1 45 3 45
