10 10
10 1 9 66 1 8 13 2 0 93 2 93 2 7 91 5 91 1 6 14 2 5 70 7 70 2 3 99 7 99 3 2 53 9 53 6 53 3 4 86 3 86 9 86 2 1 16 0 16
10 3 8 34 2 34 9 34 2 9 99 4 99 2 0 62 1 62 2 7 65 5 65 3 5 62 3 62 0 62 1 4 64 2 6 21 8 21 1 2 12 1 3 9 3 1 75 8 75 0 75
10 2 9 12 8 12 3 8 26 3 26 9 26 1 7 64 3 6 92 3 92 9 92 1 4 67 2 5 28 6 28 1 3 66 3 2 83 1 83 6 83 3 1 38 9 38 3 38 3 0 58 9 58 1 58
10 1 0 77 3 1 73 2 73 9 73 2 3 82 4 82 3 2 75 1 75 3 75 3 6 84 4 84 2 84 1 4 19 1 5 18 2 7 89 0 89 2 8 8 0 8 2 9 73 1 73
10 1 0 34 2 1 74 3 74 2 7 48 0 48 1 5 44 1 4 92 2 6 40 1 40 2 3 60 4 60 3 2 62 7 62 5 62 2 8 22 1 22 3 9 67 8 67 5 67
10 3 9 8 4 8 7 8 2 8 85 6 85 1 3 58 1 7 97 1 5 92 2 4 89 5 89 2 6 75 5 75 3 2 77 6 77 9 77 1 1 95 2 0 5 2 5
10 3 8 52 7 52 5 52 2 9 43 1 43 2 6 5 8 5 2 7 78 8 78 3 5 12 1 12 8 12 2 3 62 0 62 1 4 21 1 2 80 3 1 60 2 60 7 60 1 0 31
10 2 9 81 0 81 1 8 23 2 7 23 6 23 3 6 75 0 75 2 75 2 4 78 5 78 2 5 56 4 56 1 3 51 1 2 39 1 1 53 3 0 96 1 96 4 96
10 3 9 79 7 79 4 79 2 8 55 6 55 3 2 88 8 88 9 88 1 4 21 2 5 83 0 83 3 3 93 0 93 8 93 2 6 47 8 47 3 7 10 2 10 1 10 1 0 63 1 1 14
10 3 0 43 7 43 4 43 1 1 63 3 2 83 0 83 9 83 1 3 29 2 4 52 3 52 3 5 98 2 98 4 98 1 6 54 1 7 39 3 8 33 3 33 6 33 3 9 23 3 23 6 23
