10 10
10 1 0 72 1 1 64 2 2 55 1 55 1 3 31 1 4 53 2 5 95 7 95 2 6 11 7 11 3 7 52 9 52 6 52 3 8 6 3 6 9 6 2 9 84 0 84
10 3 0 61 2 61 9 61 2 3 27 4 27 2 4 88 1 88 2 2 78 5 78 3 1 49 3 49 0 49 1 5 83 2 8 91 6 91 1 6 74 3 7 29 8 29 0 29 2 9 87 8 87
10 3 0 86 3 86 9 86 1 3 32 3 1 35 3 35 9 35 1 2 37 2 5 18 6 18 1 4 48 3 6 91 2 91 1 91 1 7 52 2 9 60 1 60 2 8 30 3 30
10 3 0 8 9 8 1 8 1 1 82 3 4 27 1 27 2 27 2 3 99 2 99 1 6 74 3 5 9 1 9 3 9 3 2 33 4 33 1 33 1 9 20 2 7 59 0 59 2 8 98 0 98
10 2 1 50 9 50 2 0 94 8 94 3 5 43 2 43 0 43 1 3 62 1 4 55 2 7 48 1 48 2 2 5 4 5 3 8 36 7 36 5 36 2 9 47 1 47 3 6 36 8 36 5 36
10 3 0 53 4 53 7 53 2 6 30 7 30 1 2 7 1 3 12 2 1 68 4 68 1 8 87 2 4 28 5 28 3 9 70 6 70 4 70 2 7 45 2 45 3 5 7 7 7 1 7
10 2 2 29 6 29 1 3 96 2 0 99 8 99 3 1 14 8 14 2 14 1 4 34 1 7 14 1 5 7 3 6 76 2 76 7 76 1 8 57 2 9 76 0 76
10 1 2 90 2 0 19 6 19 3 3 87 0 87 2 87 2 4 51 5 51 2 1 84 4 84 1 5 45 1 9 84 1 6 58 3 7 81 1 81 4 81 3 8 96 9 96 7 96
10 3 2 97 1 97 8 97 1 1 99 3 4 93 8 93 9 93 1 0 38 2 7 13 0 13 3 5 96 0 96 8 96 2 3 40 8 40 3 9 64 2 64 1 64 1 6 32 1 8 45
10 3 2 44 0 44 7 44 3 0 60 4 60 5 60 2 8 29 9 29 1 3 5 2 6 74 3 74 3 1 85 2 85 5 85 1 4 34 1 7 95 1 9 51 3 5 47 3 47 6 47
