10 10
10 1 0 96 1 1 69 2 2 25 1 25 1 3 5 1 4 55 2 5 15 7 15 2 6 88 7 88 3 7 11 9 11 6 11 3 8 17 3 17 9 17 2 9 82 0 82
10 3 0 11 2 11 9 11 2 1 48 4 48 2 2 67 1 67 2 3 38 5 38 3 4 18 3 18 0 18 1 7 24 2 6 62 8 62 1 5 92 1 9 96 3 8 81 0 81 4 81
10 3 2 67 9 67 3 67 3 1 63 7 63 2 63 2 0 93 9 93 1 4 85 2 3 25 5 25 1 5 72 1 6 51 3 7 81 2 81 1 81 1 8 58 2 9 15 1 15
10 2 2 30 3 30 3 1 35 9 35 0 35 3 0 27 1 27 2 27 2 4 82 2 82 1 3 44 3 7 92 1 92 3 92 3 6 25 4 25 2 25 1 5 49 1 9 28 2 8 77 0 77
10 2 1 53 0 53 2 0 83 9 83 2 4 73 0 73 2 3 26 2 26 2 2 77 8 77 1 6 33 2 5 92 1 92 2 9 99 4 99 3 8 38 7 38 5 38 2 7 38 1 38
10 3 1 20 8 20 5 20 3 0 44 4 44 7 44 2 4 81 6 81 1 3 88 1 2 66 1 6 70 2 5 91 4 91 1 9 37 2 8 55 5 55 3 7 96 6 96 9 96
10 1 1 21 2 2 93 5 93 2 4 22 5 22 2 0 56 1 56 2 3 34 6 34 1 6 40 2 7 53 8 53 3 9 46 1 46 8 46 2 5 29 0 29 1 8 63
10 1 1 32 3 2 63 7 63 9 63 2 4 36 0 36 1 0 26 2 3 17 6 17 3 5 85 0 85 2 85 2 7 15 5 15 2 8 55 4 55 1 9 16 1 6 82
10 1 0 73 3 2 46 1 46 4 46 3 3 89 9 89 7 89 3 4 24 1 24 8 24 1 1 99 3 6 92 8 92 9 92 1 7 7 2 9 51 0 51 3 5 19 0 19 8 19 2 8 14 5 14
10 2 0 52 1 52 1 2 20 1 3 70 3 4 98 0 98 7 98 3 1 23 0 23 4 23 1 5 15 3 7 81 0 81 9 81 1 8 71 2 9 24 3 24 3 6 81 2 81 5 81
