10 10
10 1 0 8 1 1 10 2 2 35 1 35 1 3 44 1 4 15 2 5 92 7 92 2 6 70 7 70 3 7 89 9 89 6 89 3 8 50 3 50 9 50 2 9 12 0 12
10 3 0 63 2 63 9 63 2 8 39 4 39 2 3 80 1 80 2 5 22 8 22 2 2 88 0 88 1 1 39 2 9 85 8 85 1 6 27 1 7 74 3 4 69 8 69 0 69
10 2 0 52 8 52 3 6 22 3 22 9 22 1 1 33 3 3 68 9 68 2 68 2 8 27 5 27 1 2 68 1 5 25 3 4 34 2 34 1 34 1 7 24 2 9 84 1 84
10 2 0 31 3 31 3 1 85 9 85 0 85 3 4 55 1 55 2 55 2 8 80 2 80 1 5 58 3 7 11 1 11 3 11 3 6 69 4 69 2 69 1 9 56 1 3 73 2 2 25 0 25
10 2 0 97 2 97 3 5 98 1 98 0 98 2 9 87 3 87 2 8 47 0 47 1 7 77 1 4 90 2 3 98 1 98 2 2 80 4 80 3 1 39 7 39 5 39 2 6 40 1 40
10 3 1 97 8 97 5 97 3 5 68 4 68 7 68 2 0 44 6 44 1 9 67 1 2 44 1 8 85 2 3 78 4 78 1 6 90 2 7 33 5 33 3 4 81 6 81 9 81
10 1 0 34 2 3 76 2 76 3 8 48 7 48 5 48 2 7 61 1 61 2 9 11 6 11 1 2 36 2 4 33 8 33 3 6 98 1 98 8 98 2 1 7 0 7 1 5 44
10 1 0 44 3 9 5 2 5 7 5 1 4 85 2 1 51 0 51 1 5 58 2 7 79 6 79 3 2 95 0 95 9 95 2 6 48 1 48 2 3 86 7 86 1 8 73
10 1 0 24 3 1 63 4 63 5 63 1 9 48 1 7 77 3 8 73 1 73 6 73 3 6 74 8 74 9 74 1 4 63 2 5 17 0 17 3 2 93 0 93 8 93 2 3 84 8 84
10 3 0 51 2 51 1 51 1 2 5 1 4 40 3 9 60 0 60 7 60 3 1 46 0 46 4 46 1 5 58 3 8 54 0 54 9 54 1 3 72 2 6 29 3 29 3 7 94 2 94 5 94
