10 10
10 1 9 11 1 8 93 2 0 48 2 48 2 7 76 5 76 1 6 13 2 5 71 7 71 2 3 59 7 59 3 2 90 9 90 6 90 3 4 10 3 10 9 10 2 1 65 0 65
10 3 8 52 2 52 9 52 2 9 76 4 76 2 0 84 1 84 2 7 73 5 73 3 5 56 3 56 0 56 1 4 10 2 6 26 8 26 1 2 43 1 3 39 3 1 49 8 49 0 49
10 2 9 28 8 28 3 8 44 3 44 9 44 1 7 26 3 6 66 3 66 9 66 1 4 68 2 5 74 6 74 1 3 27 3 2 14 1 14 6 14 3 1 6 9 6 3 6 3 0 21 9 21 1 21
10 1 0 18 3 1 58 2 58 9 58 2 3 62 4 62 3 2 46 1 46 3 46 3 6 25 4 25 2 25 1 4 6 1 5 60 2 7 28 0 28 2 8 80 0 80 2 9 30 1 30
10 1 0 78 2 1 47 3 47 2 7 29 0 29 1 5 16 1 4 29 2 6 57 1 57 2 3 78 4 78 3 2 87 7 87 5 87 2 8 39 1 39 3 9 73 8 73 5 73
10 3 9 66 4 66 7 66 2 8 51 6 51 1 3 12 1 7 64 1 5 67 2 4 15 5 15 2 6 66 5 66 3 2 26 6 26 9 26 1 1 20 2 0 98 2 98
10 3 8 23 7 23 5 23 2 9 76 1 76 2 6 45 8 45 2 7 75 8 75 3 5 24 1 24 8 24 2 3 18 0 18 1 4 83 1 2 15 3 1 88 2 88 7 88 1 0 17
10 2 9 56 0 56 1 8 83 2 7 80 6 80 3 6 16 0 16 2 16 2 4 31 5 31 2 5 93 4 93 1 3 30 1 2 29 1 1 66 3 0 28 1 28 4 28
10 3 9 79 7 79 4 79 2 8 69 6 69 3 2 82 8 82 9 82 1 4 16 2 5 62 0 62 3 3 41 0 41 8 41 2 6 91 8 91 3 7 35 2 35 1 35 1 0 34 1 1 75
10 3 0 5 7 5 4 5 1 1 19 3 2 20 0 20 9 20 1 3 12 2 4 94 3 94 3 5 60 2 60 4 60 1 6 99 1 7 31 3 8 96 3 96 6 96 3 9 63 3 63 6 63
