10 10
10 1 0 32 1 1 14 2 2 15 1 15 1 3 37 1 4 18 2 5 43 7 43 2 6 19 7 19 3 7 27 9 27 6 27 3 8 28 3 28 9 28 2 9 31 0 31
10 3 0 8 2 8 9 8 2 3 12 4 12 2 4 49 1 49 2 8 24 5 24 3 9 52 3 52 0 52 1 6 19 2 7 23 8 23 1 5 19 1 2 17 3 1 32 8 32 0 32
10 2 0 25 8 25 3 7 19 3 19 9 19 1 3 27 3 2 45 3 45 9 45 1 6 21 2 4 15 5 15 1 1 13 1 5 16 3 8 43 2 43 1 43 1 9 19
10 2 0 24 9 24 3 1 18 9 18 3 18 3 3 41 9 41 1 41 1 8 29 3 5 14 1 14 2 14 2 2 17 4 17 3 4 23 1 23 3 23 3 7 15 4 15 2 15 1 6 18 1 9 23
10 2 0 27 8 27 2 6 29 2 29 3 1 39 0 39 8 39 3 3 21 2 21 0 21 1 5 15 1 2 15 2 9 25 1 25 2 7 26 4 26 3 8 44 7 44 5 44 2 4 20 1 20
10 3 4 17 8 17 5 17 3 0 15 4 15 7 15 2 6 51 7 51 1 8 17 1 2 46 2 3 16 4 16 1 9 33 2 7 25 5 25 3 5 30 6 30 9 30 1 1 25
10 2 4 15 2 15 3 3 31 7 31 5 31 2 0 25 1 25 2 9 12 6 12 1 2 13 2 1 51 8 51 3 8 19 1 19 2 19 1 7 21 1 6 12 1 5 26
10 3 4 8 2 8 7 8 1 6 29 2 9 25 0 25 1 3 15 2 8 17 6 17 3 2 22 0 22 9 22 2 7 32 1 32 2 5 20 7 20 1 0 11 1 1 28
10 3 2 41 1 41 4 41 3 6 10 9 10 7 10 3 8 32 1 32 6 32 3 7 5 8 5 9 5 1 4 21 2 9 59 0 59 3 3 26 0 26 8 26 2 1 10 8 10 3 5 16 2 16 1 16 1 0 29
10 1 2 20 3 9 7 0 7 7 7 3 5 44 0 44 4 44 1 8 22 3 6 33 0 33 9 33 1 3 25 2 7 29 3 29 3 4 12 2 12 5 12 1 1 14 1 0 0
