10 10
10 1 0 55 1 1 74 2 2 45 1 45 1 3 23 1 4 76 2 5 19 7 19 2 6 18 7 18 3 7 61 9 61 6 61 3 8 44 3 44 9 44 2 9 11 0 11
10 3 0 63 2 63 9 63 2 1 43 4 43 2 2 51 1 51 2 3 18 5 18 3 4 42 3 42 0 42 1 7 11 2 6 29 8 29 1 5 52 1 9 29 3 8 88 0 88 4 88
10 3 2 88 9 88 3 88 3 1 31 7 31 2 31 2 0 47 9 47 1 4 10 2 3 62 5 62 1 5 60 1 6 58 3 7 29 2 29 1 29 1 8 52 2 9 92 1 92
10 2 2 16 3 16 3 1 71 9 71 0 71 3 0 55 1 55 2 55 2 4 55 2 55 1 3 9 3 7 49 1 49 3 49 3 6 83 4 83 2 83 1 5 54 1 9 7 2 8 57 0 57
10 2 1 7 0 7 2 0 41 9 41 2 4 92 0 92 2 3 94 2 94 2 2 46 8 46 1 6 79 2 5 34 1 34 2 9 38 4 38 3 8 8 7 8 5 8 2 7 18 1 18
10 3 1 25 8 25 5 25 3 0 5 4 5 7 5 2 4 89 6 89 1 3 94 1 2 14 1 6 94 2 5 20 4 20 1 9 23 2 8 44 5 44 3 7 39 6 39 9 39
10 1 1 24 2 2 21 5 21 2 4 47 5 47 2 0 40 1 40 2 3 94 6 94 1 6 71 2 7 89 8 89 3 9 75 1 75 8 75 2 5 97 0 97 1 8 15
10 1 1 5 3 2 7 7 7 9 7 2 4 74 0 74 1 0 28 2 3 72 6 72 3 5 61 0 61 2 61 2 7 9 5 9 2 8 53 4 53 1 9 32 1 6 97
10 1 0 34 3 2 52 1 52 4 52 3 3 37 9 37 7 37 3 4 6 1 6 8 6 1 1 94 3 6 6 8 6 9 6 1 7 56 2 9 41 0 41 3 5 5 0 5 8 5 2 8 16 5 16
10 2 0 77 1 77 1 2 74 1 3 82 3 4 10 0 10 7 10 3 1 29 0 29 4 29 1 5 15 3 7 51 0 51 9 51 1 8 65 2 9 37 3 37 3 6 21 2 21 5 21
