10 10
10 1 0 36 1 1 96 2 2 86 1 86 1 3 7 1 4 20 2 5 9 7 9 2 6 39 7 39 3 7 79 9 79 6 79 3 8 82 3 82 9 82 2 9 24 0 24
10 3 0 16 2 16 9 16 2 8 95 4 95 2 3 67 1 67 2 5 63 8 63 2 2 87 0 87 1 1 24 2 9 62 8 62 1 6 49 1 7 92 3 4 16 8 16 0 16
10 2 0 65 8 65 3 6 71 3 71 9 71 1 1 9 3 3 67 9 67 2 67 2 8 70 5 70 1 2 48 1 5 49 3 4 66 2 66 1 66 1 7 5 2 9 96 1 96
10 2 0 50 3 50 3 1 31 9 31 0 31 3 4 6 1 6 2 6 2 8 13 2 13 1 5 98 3 7 97 1 97 3 97 3 6 93 4 93 2 93 1 9 30 1 3 34 2 2 83 0 83
10 2 0 99 2 99 3 5 7 1 7 0 7 2 9 55 3 55 2 8 78 0 78 1 7 68 1 4 81 2 3 90 1 90 2 2 75 4 75 3 1 66 7 66 5 66 2 6 40 1 40
10 3 1 42 8 42 5 42 3 5 11 4 11 7 11 2 0 5 6 5 1 9 39 1 2 10 1 8 30 2 3 39 4 39 1 6 50 2 7 20 5 20 3 4 51 6 51 9 51
10 1 0 38 2 3 68 2 68 3 8 86 7 86 5 86 2 7 77 1 77 2 9 32 6 32 1 2 89 2 4 37 8 37 3 6 53 1 53 8 53 2 1 43 0 43 1 5 89
10 1 0 19 3 9 11 2 11 7 11 1 4 37 2 1 41 0 41 1 5 72 2 7 7 6 7 3 2 52 0 52 9 52 2 6 31 1 31 2 3 68 7 68 1 8 10
10 1 0 83 3 1 21 4 21 5 21 1 9 23 1 7 87 3 8 58 1 58 6 58 3 6 89 8 89 9 89 1 4 74 2 5 29 0 29 3 2 74 0 74 8 74 2 3 23 8 23
10 3 0 44 2 44 1 44 1 2 57 1 4 69 3 9 50 0 50 7 50 3 1 65 0 65 4 65 1 5 69 3 8 60 0 60 9 60 1 3 58 2 6 89 3 89 3 7 13 2 13 5 13
