15 8
15 2 1 24 3 24 6 0 63 1 63 2 63 4 63 5 63 6 63 2 1 29 2 29 4 0 83 1 83 3 83 6 83 4 1 23 3 23 4 23 7 23 5 0 66 3 66 4 66 5 66 7 66 2 1 29 4 29 3 0 11 1 11 7 11 6 0 62 1 62 2 62 4 62 6 62 7 62 5 0 94 1 94 3 94 5 94 7 94 7 0 41 1 41 2 41 3 41 4 41 6 41 7 41 2 2 90 3 90 2 3 63 6 63 6 0 45 1 45 2 45 3 45 4 45 6 45 4 2 91 5 91 6 91 7 91
20 6 0 73 1 73 2 73 3 73 6 73 7 73 4 0 31 1 31 2 31 4 31 3 0 97 3 97 5 97 5 0 11 1 11 2 11 5 11 7 11 4 2 20 5 20 6 20 7 20 6 0 90 1 90 3 90 4 90 5 90 7 90 5 0 21 1 21 3 21 6 21 7 21 4 0 78 2 78 3 78 7 78 2 0 37 4 37 5 2 68 4 68 5 68 6 68 7 68 3 4 48 5 48 7 48 3 1 55 4 55 6 55 5 0 38 2 38 3 38 5 38 6 38 7 0 49 1 49 2 49 3 49 4 49 5 49 7 49 4 1 69 4 69 5 69 7 69 4 3 73 4 73 5 73 6 73 2 3 80 5 80 6 1 83 2 83 4 83 5 83 6 83 7 83 6 1 39 2 39 4 39 5 39 6 39 7 39 5 0 98 1 98 2 98 5 98 7 98
23 3 3 71 5 71 7 71 5 0 24 1 24 2 24 5 24 6 24 5 0 89 1 89 2 89 5 89 6 89 5 0 73 1 73 2 73 5 73 6 73 5 0 44 1 44 2 44 3 44 6 44 2 0 61 4 61 3 0 53 2 53 3 53 4 1 35 2 35 3 35 4 35 3 4 95 5 95 6 95 6 0 33 1 33 3 33 4 33 6 33 7 33 2 1 59 5 59 4 2 68 4 68 6 68 7 68 3 3 61 4 61 7 61 6 1 56 2 56 4 56 5 56 6 56 7 56 1 6 28 5 0 18 1 18 2 18 3 18 4 18 4 0 35 1 35 3 35 6 35 6 0 73 2 73 3 73 4 73 5 73 6 73 7 0 78 1 78 2 78 3 78 4 78 6 78 7 78 1 7 70 6 0 65 1 65 2 65 3 65 4 65 5 65 5 0 44 3 44 5 44 6 44 7 44 6 0 56 1 56 2 56 3 56 4 56 7 56
18 4 2 60 4 60 5 60 6 60 3 1 69 3 69 6 69 5 1 94 2 94 3 94 5 94 7 94 7 0 28 1 28 2 28 3 28 5 28 6 28 7 28 1 4 63 1 0 17 4 0 61 1 61 3 61 7 61 3 4 34 6 34 7 34 4 2 96 4 96 6 96 7 96 5 0 31 2 31 4 31 5 31 6 31 5 0 82 1 82 3 82 6 82 7 82 2 5 40 7 40 3 0 63 6 63 7 63 5 0 95 1 95 4 95 6 95 7 95 1 4 68 4 1 91 3 91 4 91 6 91 3 4 43 5 43 7 43 4 0 32 2 32 4 32 7 32
21 5 0 54 2 54 4 54 5 54 6 54 6 0 92 1 92 2 92 5 92 6 92 7 92 5 0 40 2 40 4 40 5 40 7 40 4 2 84 5 84 6 84 7 84 4 1 38 2 38 3 38 6 38 3 2 94 5 94 7 94 2 2 63 4 63 2 0 99 5 99 2 5 45 6 45 4 1 28 3 28 6 28 7 28 3 1 59 5 59 6 59 3 1 97 3 97 5 97 5 0 69 2 69 3 69 4 69 5 69 4 0 61 2 61 6 61 7 61 5 0 98 1 98 3 98 5 98 7 98 2 0 42 2 42 4 0 100 3 100 5 100 6 100 4 0 68 2 68 3 68 4 68 5 0 83 1 83 2 83 3 83 6 83 5 0 69 1 69 2 69 4 69 5 69 5 0 17 1 17 3 17 5 17 7 17
15 3 0 26 2 26 6 26 6 0 29 2 29 4 29 5 29 6 29 7 29 4 0 20 1 20 3 20 5 20 4 1 100 2 100 5 100 7 100 3 2 87 4 87 6 87 2 2 67 3 67 4 2 16 3 16 4 16 7 16 7 0 86 1 86 2 86 3 86 4 86 5 86 7 86 3 1 36 3 36 7 36 3 1 73 2 73 4 73 5 0 41 1 41 3 41 4 41 6 41 6 0 100 2 100 4 100 5 100 6 100 7 100 4 0 23 1 23 4 23 5 23 4 1 33 2 33 4 33 7 33 5 2 92 3 92 5 92 6 92 7 92
17 4 0 74 2 74 3 74 4 74 4 0 90 1 90 3 90 6 90 5 0 49 2 49 3 49 4 49 5 49 5 2 34 4 34 5 34 6 34 7 34 5 0 47 2 47 5 47 6 47 7 47 5 0 62 1 62 3 62 5 62 6 62 6 1 59 2 59 3 59 4 59 6 59 7 59 5 1 98 3 98 4 98 5 98 7 98 4 0 73 1 73 4 73 6 73 6 0 79 1 79 3 79 4 79 6 79 7 79 1 3 10 5 0 32 1 32 2 32 3 32 6 32 3 3 55 6 55 7 55 4 0 53 3 53 5 53 7 53 2 3 19 4 19 4 0 55 1 55 2 55 4 55 2 1 88 2 88
25 2 3 46 7 46 6 0 73 1 73 3 73 4 73 5 73 6 73 5 1 30 2 30 3 30 6 30 7 30 3 1 48 3 48 5 48 4 0 50 5 50 6 50 7 50 3 3 37 4 37 7 37 6 0 75 1 75 2 75 5 75 6 75 7 75 3 2 36 3 36 5 36 3 3 71 4 71 6 71 3 0 66 3 66 5 66 3 1 39 4 39 7 39 5 0 17 1 17 2 17 5 17 7 17 3 2 30 4 30 6 30 4 0 42 1 42 3 42 4 42 2 2 94 7 94 4 0 59 1 59 4 59 6 59 3 0 36 3 36 6 36 5 0 68 3 68 5 68 6 68 7 68 5 0 21 1 21 2 21 3 21 6 21 6 0 25 1 25 4 25 5 25 6 25 7 25 3 0 65 1 65 5 65 3 2 58 3 58 5 58 4 1 65 2 65 4 65 7 65 3 0 36 3 36 5 36 1 2 45
23 3 1 82 4 82 7 82 7 0 42 1 42 3 42 4 42 5 42 6 42 7 42 4 1 82 5 82 6 82 7 82 2 0 51 1 51 2 0 75 3 75 5 1 35 2 35 3 35 5 35 7 35 5 1 78 2 78 5 78 6 78 7 78 7 0 43 1 43 2 43 3 43 4 43 5 43 7 43 3 1 77 6 77 7 77 1 3 42 2 2 18 4 18 2 0 63 1 63 6 0 99 2 99 3 99 4 99 6 99 7 99 2 2 16 4 16 3 1 34 4 34 6 34 5 2 99 3 99 4 99 5 99 7 99 6 0 87 1 87 2 87 3 87 5 87 6 87 6 1 46 2 46 3 46 4 46 5 46 6 46 5 1 81 3 81 4 81 6 81 7 81 4 0 41 1 41 2 41 7 41 3 0 58 1 58 6 58 5 0 57 4 57 5 57 6 57 7 57 6 1 30 2 30 3 30 4 30 5 30 6 30
19 4 1 60 3 60 5 60 7 60 2 1 52 4 52 5 1 92 2 92 3 92 5 92 7 92 4 0 32 1 32 3 32 4 32 5 1 80 3 80 4 80 6 80 7 80 3 0 42 3 42 7 42 5 0 33 1 33 2 33 5 33 6 33 7 0 40 1 40 2 40 3 40 4 40 5 40 7 40 4 3 80 4 80 6 80 7 80 5 1 72 2 72 3 72 5 72 6 72 3 0 64 1 64 2 64 3 0 77 3 77 6 77 5 0 23 2 23 4 23 5 23 7 23 5 1 50 2 50 3 50 4 50 6 50 4 0 13 1 13 2 13 6 13 5 1 38 2 38 4 38 5 38 6 38 1 6 21 3 1 77 2 77 4 77 5 0 95 1 95 2 95 4 95 6 95
19 4 0 60 2 60 3 60 4 60 2 1 94 5 94 3 0 53 5 53 7 53 3 0 82 1 82 6 82 4 0 60 1 60 4 60 7 60 4 1 60 4 60 6 60 7 60 3 2 93 6 93 7 93 4 0 49 4 49 5 49 6 49 5 0 82 2 82 3 82 4 82 5 82 3 2 68 3 68 6 68 4 0 42 1 42 2 42 5 42 6 1 96 2 96 3 96 4 96 5 96 7 96 1 3 90 4 0 36 4 36 5 36 6 36 4 0 70 1 70 4 70 7 70 2 0 12 2 12 4 0 56 1 56 2 56 5 56 5 2 14 3 14 5 14 6 14 7 14 2 3 60 4 60
21 6 0 18 1 18 2 18 3 18 5 18 6 18 3 2 88 4 88 6 88 2 1 19 2 19 4 2 87 5 87 6 87 7 87 3 0 50 4 50 7 50 4 1 50 3 50 4 50 7 50 3 1 63 3 63 5 63 4 0 16 1 16 5 16 6 16 4 1 65 2 65 6 65 7 65 5 1 71 2 71 3 71 5 71 6 71 5 0 44 1 44 4 44 5 44 6 44 5 3 46 4 46 5 46 6 46 7 46 4 0 35 3 35 4 35 5 35 5 0 11 1 11 2 11 5 11 6 11 5 1 83 2 83 3 83 4 83 6 83 3 2 12 5 12 6 12 4 1 98 3 98 5 98 7 98 6 2 25 3 25 4 25 5 25 6 25 7 25 5 1 84 2 84 4 84 5 84 7 84 4 0 36 1 36 4 36 6 36 5 0 41 1 41 4 41 5 41 7 41
16 3 0 44 3 44 5 44 5 0 51 1 51 3 51 4 51 7 51 5 2 58 3 58 4 58 5 58 6 58 4 1 56 3 56 4 56 6 56 3 0 27 2 27 7 27 4 0 97 3 97 4 97 7 97 6 0 93 2 93 3 93 5 93 6 93 7 93 6 2 41 3 41 4 41 5 41 6 41 7 41 2 0 59 4 59 4 2 83 3 83 4 83 7 83 2 5 99 6 99 2 3 90 4 90 4 0 90 2 90 4 90 7 90 3 0 58 2 58 3 58 5 2 15 4 15 5 15 6 15 7 15 4 3 95 4 95 5 95 6 95
16 5 2 65 4 65 5 65 6 65 7 65 5 0 73 2 73 5 73 6 73 7 73 4 0 96 1 96 6 96 7 96 4 3 42 4 42 6 42 7 42 8 0 53 1 53 2 53 3 53 4 53 5 53 6 53 7 53 6 0 61 1 61 2 61 3 61 5 61 7 61 3 2 24 3 24 4 24 4 2 90 5 90 6 90 7 90 5 1 11 2 11 3 11 4 11 6 11 4 0 12 2 12 4 12 5 12 5 0 68 1 68 3 68 4 68 7 68 5 0 61 2 61 4 61 5 61 7 61 6 1 40 2 40 3 40 4 40 5 40 6 40 2 5 70 6 70 5 0 76 2 76 4 76 5 76 7 76 5 0 48 1 48 3 48 4 48 6 48
25 5 0 19 1 19 2 19 4 19 5 19 3 1 49 2 49 3 49 3 2 76 3 76 4 76 5 0 24 1 24 2 24 4 24 6 24 5 0 35 1 35 2 35 6 35 7 35 4 2 10 3 10 4 10 6 10 4 0 46 2 46 4 46 6 46 3 0 18 6 18 7 18 4 1 72 2 72 3 72 4 72 3 0 32 1 32 3 32 6 0 92 1 92 2 92 3 92 4 92 5 92 2 4 14 6 14 7 0 53 2 53 3 53 4 53 5 53 6 53 7 53 2 2 49 6 49 5 1 83 2 83 3 83 5 83 7 83 3 4 81 6 81 7 81 5 0 76 3 76 5 76 6 76 7 76 1 0 88 4 0 34 1 34 5 34 7 34 6 0 54 1 54 2 54 4 54 5 54 7 54 4 1 22 3 22 4 22 7 22 4 0 47 3 47 4 47 6 47 5 0 31 2 31 4 31 5 31 7 31 4 1 43 2 43 4 43 7 43 2 1 29 7 29
