15 8
15 2 1 27 3 27 6 0 64 1 62 2 64 4 59 5 60 6 66 2 1 32 2 35 4 0 80 1 75 3 80 6 83 4 1 26 3 26 4 24 7 27 5 0 65 3 64 4 61 5 63 7 62 2 1 35 4 32 3 0 16 1 16 7 13 6 0 61 1 62 2 58 4 59 6 64 7 61 5 0 95 1 90 3 90 5 85 7 87 7 0 42 1 42 2 42 3 42 4 42 6 44 7 38 2 2 91 3 84 2 3 67 6 60 6 0 47 1 47 2 46 3 49 4 46 6 46 4 2 87 5 84 6 87 7 88
20 6 0 73 1 74 2 66 3 68 6 75 7 68 4 0 33 1 33 2 33 4 33 3 0 94 3 94 5 92 5 0 16 1 16 2 16 5 18 7 19 4 2 24 5 26 6 26 7 19 6 0 91 1 90 3 90 4 88 5 83 7 86 5 0 27 1 22 3 26 6 20 7 20 4 0 73 2 71 3 77 7 73 2 0 39 4 39 5 2 67 4 64 5 67 6 64 7 68 3 4 47 5 49 7 49 3 1 53 4 51 6 57 5 0 40 2 45 3 40 5 40 6 37 7 0 50 1 47 2 50 3 45 4 50 5 49 7 55 4 1 68 4 67 5 67 7 65 4 3 67 4 73 5 68 6 68 2 3 77 5 74 6 1 80 2 84 4 80 5 80 6 80 7 81 6 1 38 2 41 4 38 5 41 6 41 7 41 5 0 96 1 89 2 94 5 94 7 98
23 3 3 69 5 67 7 67 5 0 27 1 23 2 27 5 27 6 27 5 0 85 1 88 2 82 5 85 6 83 5 0 69 1 75 2 71 5 74 6 67 5 0 41 1 45 2 49 3 45 6 43 2 0 60 4 56 3 0 56 2 53 3 58 4 1 41 2 32 3 39 4 32 3 4 94 5 90 6 88 6 0 36 1 36 3 39 4 38 6 37 7 36 2 1 55 5 55 4 2 67 4 64 6 67 7 67 3 3 62 4 65 7 64 6 1 56 2 59 4 56 5 53 6 58 7 53 1 6 31 5 0 22 1 24 2 21 3 22 4 22 4 0 36 1 37 3 40 6 32 6 0 73 2 71 3 71 4 70 5 71 6 71 7 0 79 1 76 2 81 3 75 4 74 6 77 7 76 1 7 70 6 0 60 1 64 2 68 3 66 4 66 5 64 5 0 49 3 45 5 44 6 45 7 43 6 0 58 1 60 2 57 3 59 4 56 7 54
18 4 2 62 4 60 5 56 6 59 3 1 70 3 68 6 72 5 1 90 2 91 3 89 5 88 7 90 7 0 28 1 36 2 29 3 33 5 31 6 31 7 29 1 4 66 1 0 26 4 0 61 1 57 3 61 7 61 3 4 32 6 33 7 39 4 2 91 4 91 6 92 7 91 5 0 33 2 36 4 33 5 34 6 29 5 0 79 1 79 3 75 6 79 7 75 2 5 42 7 44 3 0 59 6 59 7 65 5 0 91 1 89 4 91 6 91 7 91 1 4 66 4 1 87 3 92 4 92 6 82 3 4 45 5 44 7 44 4 0 38 2 34 4 34 7 34
21 5 0 54 2 49 4 54 5 54 6 50 6 0 92 1 88 2 86 5 87 6 85 7 84 5 0 41 2 36 4 41 5 41 7 41 4 2 81 5 81 6 77 7 81 4 1 38 2 36 3 36 6 37 3 2 87 5 91 7 93 2 2 62 4 64 2 0 94 5 94 2 5 49 6 46 4 1 28 3 34 6 27 7 32 3 1 56 5 59 6 59 3 1 90 3 92 5 92 5 0 64 2 67 3 67 4 67 5 68 4 0 60 2 60 6 60 7 64 5 0 93 1 91 3 91 5 95 7 95 2 0 44 2 38 4 0 95 3 96 5 95 6 90 4 0 68 2 72 3 67 4 63 5 0 79 1 80 2 80 3 80 6 82 5 0 68 1 68 2 68 4 63 5 68 5 0 18 1 21 3 18 5 22 7 18
15 3 0 30 2 30 6 30 6 0 34 2 37 4 27 5 32 6 27 7 32 4 0 28 1 19 3 29 5 27 4 1 95 2 95 5 95 7 92 3 2 83 4 84 6 84 2 2 66 3 61 4 2 24 3 18 4 18 7 15 7 0 82 1 83 2 82 3 83 4 83 5 83 7 83 3 1 35 3 38 7 38 3 1 74 2 68 4 74 5 0 47 1 43 3 48 4 42 6 45 6 0 91 2 95 4 95 5 92 6 98 7 95 4 0 22 1 23 4 24 5 30 4 1 35 2 37 4 35 7 35 5 2 88 3 87 5 89 6 87 7 88
17 4 0 73 2 77 3 73 4 72 4 0 87 1 86 3 86 6 82 5 0 49 2 49 3 48 4 49 5 45 5 2 38 4 39 5 36 6 38 7 31 5 0 43 2 47 5 51 6 47 7 49 5 0 61 1 66 3 61 5 65 6 61 6 1 56 2 62 3 58 4 56 6 54 7 56 5 1 93 3 89 4 94 5 93 7 95 4 0 70 1 71 4 71 6 71 6 0 76 1 75 3 79 4 76 6 76 7 79 1 3 13 5 0 37 1 34 2 34 3 35 6 38 3 3 59 6 55 7 59 4 0 53 3 49 5 53 7 56 2 3 26 4 20 4 0 57 1 57 2 55 4 53 2 1 82 2 87
25 2 3 48 7 45 6 0 71 1 67 3 75 4 71 5 75 6 69 5 1 33 2 30 3 31 6 35 7 33 3 1 44 3 48 5 52 4 0 48 5 50 6 51 7 55 3 3 43 4 34 7 39 6 0 75 1 75 2 70 5 73 6 77 7 68 3 2 40 3 38 5 34 3 3 69 4 66 6 69 3 0 63 3 65 5 69 3 1 40 4 45 7 40 5 0 26 1 22 2 16 5 26 7 24 3 2 33 4 33 6 33 4 0 43 1 42 3 43 4 44 2 2 90 7 87 4 0 58 1 53 4 62 6 58 3 0 41 3 37 6 38 5 0 67 3 67 5 72 6 65 7 65 5 0 29 1 27 2 25 3 30 6 25 6 0 29 1 27 4 29 5 26 6 29 7 29 3 0 65 1 63 5 64 3 2 58 3 57 5 56 4 1 62 2 68 4 62 7 62 3 0 33 3 38 5 39 1 2 42
23 3 1 79 4 79 7 79 7 0 43 1 43 3 45 4 42 5 47 6 43 7 43 4 1 78 5 83 6 80 7 83 2 0 56 1 53 2 0 68 3 73 5 1 32 2 37 3 35 5 33 7 37 5 1 75 2 80 5 74 6 76 7 76 7 0 44 1 43 2 45 3 42 4 45 5 44 7 41 3 1 79 6 78 7 80 1 3 41 2 2 22 4 17 2 0 62 1 62 6 0 94 2 92 3 94 4 96 6 93 7 94 2 2 17 4 22 3 1 32 4 35 6 37 5 2 89 3 95 4 94 5 94 7 99 6 0 86 1 83 2 82 3 87 5 85 6 83 6 1 47 2 47 3 47 4 48 5 44 6 48 5 1 78 3 80 4 78 6 82 7 79 4 0 43 1 43 2 48 7 40 3 0 54 1 53 6 55 5 0 59 4 56 5 60 6 56 7 60 6 1 31 2 36 3 33 4 36 5 37 6 29
19 4 1 61 3 60 5 60 7 56 2 1 52 4 52 5 1 83 2 88 3 88 5 87 7 84 4 0 34 1 34 3 33 4 36 5 1 75 3 77 4 77 6 79 7 76 3 0 42 3 44 7 40 5 0 33 1 35 2 33 5 31 6 34 7 0 47 1 42 2 46 3 39 4 42 5 40 7 44 4 3 77 4 77 6 73 7 79 5 1 70 2 68 3 70 5 69 6 65 3 0 63 1 67 2 62 3 0 74 3 77 6 72 5 0 28 2 26 4 27 5 27 7 26 5 1 47 2 48 3 48 4 50 6 51 4 0 18 1 18 2 18 6 20 5 1 43 2 36 4 39 5 43 6 41 1 6 24 3 1 71 2 77 4 75 5 0 90 1 90 2 90 4 90 6 90
19 4 0 60 2 60 3 60 4 64 2 1 90 5 87 3 0 53 5 56 7 51 3 0 79 1 82 6 79 4 0 60 1 56 4 64 7 55 4 1 59 4 59 6 54 7 60 3 2 89 6 92 7 89 4 0 50 4 46 5 50 6 54 5 0 80 2 77 3 75 4 77 5 79 3 2 68 3 67 6 72 4 0 44 1 44 2 41 5 39 6 1 90 2 92 3 92 4 94 5 93 7 95 1 3 90 4 0 38 4 38 5 40 6 42 4 0 71 1 66 4 72 7 67 2 0 14 2 17 4 0 53 1 53 2 55 5 55 5 2 24 3 19 5 22 6 19 7 22 2 3 60 4 60
21 6 0 19 1 22 2 22 3 25 5 23 6 21 3 2 86 4 85 6 81 2 1 26 2 23 4 2 81 5 83 6 83 7 84 3 0 46 4 47 7 50 4 1 47 3 50 4 49 7 50 3 1 63 3 62 5 61 4 0 22 1 24 5 22 6 20 4 1 64 2 69 6 64 7 66 5 1 73 2 65 3 72 5 69 6 67 5 0 46 1 48 4 46 5 44 6 44 5 3 47 4 51 5 47 6 42 7 51 4 0 40 3 40 4 39 5 38 5 0 19 1 14 2 12 5 14 6 17 5 1 84 2 80 3 80 4 81 6 79 3 2 16 5 20 6 18 4 1 96 3 91 5 92 7 92 6 2 33 3 29 4 25 5 33 6 27 7 29 5 1 85 2 81 4 81 5 80 7 81 4 0 38 1 33 4 38 6 36 5 0 46 1 40 4 47 5 42 7 43
16 3 0 45 3 43 5 50 5 0 51 1 51 3 51 4 46 7 51 5 2 54 3 58 4 55 5 61 6 62 4 1 57 3 54 4 57 6 56 3 0 25 2 29 7 30 4 0 88 3 88 4 92 7 94 6 0 88 2 87 3 89 5 85 6 88 7 90 6 2 43 3 43 4 44 5 45 6 46 7 45 2 0 63 4 62 4 2 80 3 80 4 80 7 79 2 5 99 6 91 2 3 87 4 86 4 0 86 2 86 4 86 7 82 3 0 61 2 58 3 62 5 2 19 4 19 5 19 6 19 7 19 4 3 91 4 93 5 91 6 95
16 5 2 60 4 63 5 64 6 64 7 64 5 0 76 2 75 5 71 6 71 7 66 4 0 92 1 96 6 91 7 89 4 3 48 4 43 6 44 7 44 8 0 49 1 53 2 53 3 53 4 53 5 56 6 49 7 52 6 0 61 1 57 2 60 3 62 5 56 7 63 3 2 29 3 26 4 26 4 2 86 5 82 6 86 7 86 5 1 18 2 16 3 11 4 15 6 20 4 0 20 2 13 4 15 5 17 5 0 66 1 66 3 70 4 69 7 66 5 0 55 2 62 4 63 5 61 7 58 6 1 40 2 42 3 46 4 42 5 40 6 45 2 5 68 6 68 5 0 75 2 77 4 70 5 77 7 73 5 0 52 1 49 3 49 4 49 6 49
25 5 0 23 1 22 2 27 4 24 5 21 3 1 53 2 50 3 50 3 2 73 3 74 4 73 5 0 30 1 28 2 30 4 28 6 31 5 0 37 1 40 2 42 6 37 7 41 4 2 18 3 16 4 12 6 19 4 0 45 2 50 4 47 6 47 3 0 22 6 26 7 19 4 1 73 2 68 3 70 4 70 3 0 36 1 31 3 37 6 0 89 1 85 2 88 3 86 4 88 5 87 2 4 18 6 20 7 0 55 2 53 3 53 4 50 5 53 6 56 7 58 2 2 47 6 50 5 1 80 2 78 3 78 5 80 7 76 3 4 77 6 78 7 78 5 0 74 3 73 5 73 6 77 7 72 1 0 83 4 0 32 1 40 5 36 7 38 6 0 57 1 54 2 54 4 56 5 51 7 54 4 1 25 3 28 4 20 7 28 4 0 48 3 48 4 45 6 48 5 0 34 2 34 4 36 5 34 7 31 4 1 46 2 41 4 45 7 43 2 1 32 7 32
