20 10
15 5 3 66 5 66 6 66 7 66 9 66 2 1 29 9 29 4 1 11 3 11 8 11 9 11 1 1 62 3 5 94 6 94 7 94 2 5 41 9 41 4 0 90 1 90 4 90 5 90 3 0 63 2 63 6 63 4 0 45 4 45 5 45 9 45 3 5 91 7 91 9 91 2 0 73 6 73 3 0 31 3 31 5 31 5 0 97 2 97 5 97 6 97 7 97 3 0 11 2 11 8 11 2 4 20 5 20
20 3 2 90 4 90 8 90 3 1 21 2 21 7 21 6 0 78 1 78 2 78 4 78 5 78 8 78 2 0 37 9 37 6 0 68 1 68 4 68 5 68 7 68 9 68 4 2 48 3 48 6 48 7 48 6 1 55 3 55 4 55 5 55 6 55 9 55 3 1 38 5 38 9 38 2 1 49 9 49 1 1 69 6 0 73 3 73 4 73 6 73 7 73 9 73 2 0 80 6 80 3 1 83 5 83 6 83 2 1 39 6 39 1 1 98 2 3 71 4 71 3 2 24 5 24 7 24 7 0 89 1 89 2 89 3 89 6 89 7 89 8 89 2 1 73 2 73 5 1 44 3 44 4 44 6 44 9 44
23 5 2 61 4 61 5 61 7 61 9 61 2 1 53 9 53 2 1 35 4 35 2 4 95 9 95 3 4 33 5 33 6 33 1 6 59 2 2 68 6 68 2 0 61 5 61 2 1 56 7 56 4 1 28 2 28 6 28 8 28 3 1 18 2 18 8 18 4 1 35 7 35 8 35 9 35 3 0 73 3 73 6 73 2 8 78 9 78 2 1 70 7 70 4 0 65 5 65 8 65 9 65 3 4 44 5 44 8 44 5 2 56 3 56 4 56 5 56 9 56 4 0 60 2 60 5 60 9 60 3 3 69 4 69 7 69 4 1 94 4 94 6 94 9 94 1 1 28 1 0 63
18 4 2 17 4 17 7 17 8 17 3 4 61 5 61 8 61 5 0 34 5 34 7 34 8 34 9 34 3 3 96 5 96 9 96 6 0 31 1 31 2 31 4 31 8 31 9 31 2 1 82 7 82 3 2 40 5 40 9 40 2 4 63 5 63 5 1 95 2 95 3 95 5 95 9 95 5 0 68 2 68 4 68 7 68 9 68 2 5 91 9 91 4 1 43 2 43 3 43 4 43 1 3 32 3 1 54 3 54 5 54 3 0 92 8 92 9 92 4 2 40 4 40 7 40 8 40 2 0 84 2 84 2 1 38 7 38
21 3 0 94 1 94 5 94 4 0 63 1 63 2 63 7 63 3 2 99 3 99 8 99 4 1 45 2 45 5 45 7 45 5 0 28 1 28 5 28 6 28 8 28 3 5 59 6 59 8 59 1 6 97 2 0 69 3 69 3 2 61 5 61 8 61 4 0 98 1 98 5 98 9 98 2 0 42 6 42 3 1 100 2 100 5 100 2 6 68 7 68 1 0 83 3 3 69 5 69 7 69 5 1 17 2 17 6 17 7 17 8 17 3 0 26 5 26 6 26 2 5 29 9 29 6 0 20 1 20 3 20 4 20 6 20 9 20 4 0 100 4 100 7 100 9 100 3 1 87 4 87 9 87
15 2 1 67 9 67 5 0 16 1 16 2 16 5 16 7 16 1 0 86 1 8 36 2 2 73 9 73 1 4 41 3 1 100 5 100 8 100 1 1 23 1 8 33 1 1 92 5 2 74 3 74 4 74 5 74 7 74 5 0 90 3 90 6 90 7 90 8 90 1 0 49 1 0 34 4 3 47 4 47 7 47 9 47
17 1 9 62 3 6 59 7 59 8 59 2 4 98 6 98 2 2 73 3 73 2 1 79 4 79 4 2 10 4 10 6 10 8 10 5 5 32 6 32 7 32 8 32 9 32 3 0 55 2 55 9 55 2 0 53 4 53 2 3 19 7 19 3 7 55 8 55 9 55 2 2 88 7 88 2 2 46 7 46 2 8 73 9 73 4 0 30 2 30 6 30 9 30 2 0 48 1 48 2 0 50 8 50
25 2 0 37 7 37 5 1 75 4 75 6 75 7 75 9 75 3 0 36 1 36 4 36 3 0 71 2 71 5 71 2 6 66 7 66 1 9 39 3 1 17 2 17 3 17 4 0 30 2 30 3 30 6 30 4 1 42 3 42 4 42 6 42 3 0 94 3 94 6 94 3 0 59 1 59 4 59 1 5 36 5 0 68 2 68 3 68 8 68 9 68 4 0 21 2 21 4 21 6 21 5 3 25 4 25 6 25 7 25 8 25 1 9 65 3 0 58 2 58 6 58 3 2 65 6 65 7 65 2 3 36 7 36 3 0 45 7 45 9 45 2 4 82 7 82 2 0 42 3 42 3 4 82 8 82 9 82 1 8 51 4 0 75 1 75 3 75 8 75
23 1 2 35 4 3 78 5 78 6 78 9 78 1 3 43 2 2 77 3 77 2 0 42 6 42 1 2 18 4 3 63 5 63 6 63 7 63 4 1 99 6 99 7 99 9 99 3 1 16 2 16 6 16 1 8 34 3 1 99 4 99 6 99 2 1 87 4 87 2 2 46 8 46 3 2 81 6 81 7 81 2 1 41 5 41 5 0 58 2 58 5 58 6 58 9 58 2 0 57 7 57 4 0 30 5 30 6 30 9 30 2 1 60 8 60 1 3 52 4 0 92 4 92 6 92 8 92 3 4 32 5 32 6 32 2 0 80 8 80
19 3 3 42 6 42 9 42 3 0 33 2 33 6 33 4 1 40 2 40 4 40 5 40 6 1 80 2 80 3 80 4 80 5 80 8 80 4 0 72 1 72 3 72 5 72 3 2 64 6 64 7 64 6 0 77 3 77 4 77 6 77 7 77 8 77 4 3 23 5 23 6 23 7 23 3 1 50 8 50 9 50 1 2 13 1 4 38 4 3 21 6 21 7 21 9 21 3 0 77 7 77 9 77 4 0 95 1 95 7 95 8 95 3 6 60 7 60 8 60 2 4 94 8 94 2 3 53 9 53 6 2 82 3 82 4 82 5 82 7 82 9 82 5 0 60 2 60 4 60 6 60 8 60
19 2 1 60 3 60 6 2 93 3 93 4 93 6 93 7 93 8 93 4 1 49 3 49 5 49 7 49 4 1 82 2 82 4 82 8 82 5 1 68 3 68 4 68 6 68 8 68 2 0 42 3 42 3 0 96 1 96 7 96 4 0 90 1 90 5 90 9 90 4 0 36 3 36 4 36 9 36 1 9 70 3 3 12 4 12 9 12 5 1 56 2 56 3 56 7 56 8 56 3 1 14 3 14 9 14 2 3 60 5 60 5 1 18 2 18 5 18 6 18 7 18 3 1 88 2 88 4 88 4 0 19 1 19 2 19 3 19 5 1 87 5 87 7 87 8 87 9 87 2 2 50 5 50
21 2 3 50 6 50 2 5 63 7 63 2 2 16 4 16 1 3 65 4 0 71 1 71 5 71 8 71 4 0 44 2 44 3 44 6 44 1 9 46 2 2 35 5 35 3 0 11 2 11 8 11 4 1 83 2 83 6 83 9 83 1 1 12 1 1 98 6 0 25 3 25 5 25 6 25 7 25 8 25 4 0 84 2 84 7 84 9 84 4 1 36 2 36 7 36 8 36 2 0 41 5 41 2 2 44 4 44 3 1 51 3 51 8 51 3 2 58 6 58 9 58 2 1 56 9 56 2 2 27 7 27
16 3 2 97 4 97 8 97 4 1 93 3 93 4 93 5 93 1 7 41 1 5 59 1 0 83 3 0 99 3 99 6 99 3 0 90 2 90 6 90 3 0 90 3 90 8 90 3 2 58 5 58 6 58 5 0 15 1 15 2 15 4 15 9 15 2 3 95 6 95 3 4 65 8 65 9 65 5 4 73 5 73 6 73 7 73 8 73 4 0 96 4 96 6 96 9 96 2 0 42 9 42 3 3 53 4 53 8 53
16 2 5 61 8 61 2 1 24 8 24 3 0 90 4 90 7 90 4 1 11 3 11 6 11 9 11 2 0 12 2 12 2 0 68 2 68 3 0 61 4 61 9 61 2 4 40 8 40 4 2 70 3 70 4 70 9 70 2 5 76 8 76 5 0 48 2 48 3 48 4 48 7 48 1 1 19 4 0 49 1 49 2 49 6 49 3 4 76 5 76 7 76 3 0 24 1 24 6 24 4 3 35 4 35 5 35 9 35
25 3 6 10 7 10 8 10 5 1 46 3 46 5 46 6 46 9 46 1 3 18 4 0 72 1 72 2 72 5 72 2 2 32 7 32 2 2 92 3 92 4 6 14 7 14 8 14 9 14 2 3 53 7 53 3 1 49 2 49 5 49 2 3 83 9 83 2 1 81 8 81 4 0 76 3 76 4 76 8 76 4 0 88 1 88 6 88 7 88 4 1 34 4 34 7 34 9 34 1 5 54 2 2 22 4 22 4 1 47 4 47 7 47 8 47 2 8 31 9 31 1 5 43 6 0 29 1 29 3 29 4 29 5 29 7 29 5 0 59 1 59 3 59 4 59 6 59 3 3 26 7 26 9 26 4 1 57 3 57 5 57 8 57 1 5 11 3 2 90 6 90 9 90
17 4 0 55 3 55 5 55 6 55 3 2 71 5 71 9 71 2 1 64 3 64 3 1 36 2 36 4 36 3 1 26 2 26 7 26 3 0 34 3 34 7 34 4 0 68 1 68 3 68 5 68 2 1 55 6 55 5 0 41 3 41 4 41 7 41 8 41 1 2 36 4 2 64 3 64 6 64 9 64 2 6 91 8 91 4 0 16 1 16 3 16 4 16 4 0 29 1 29 5 29 7 29 6 1 87 2 87 4 87 5 87 6 87 8 87 3 0 76 4 76 5 76 1 3 69
21 3 3 72 4 72 7 72 3 3 66 8 66 9 66 3 1 33 3 33 8 33 4 3 21 4 21 6 21 8 21 3 2 81 4 81 6 81 4 0 22 4 22 8 22 9 22 5 5 60 6 60 7 60 8 60 9 60 1 9 85 5 1 37 3 37 4 37 7 37 8 37 2 0 70 6 70 3 1 58 7 58 9 58 3 1 49 5 49 8 49 3 3 59 4 59 8 59 4 1 54 2 54 3 54 4 54 3 3 39 7 39 8 39 2 2 78 8 78 2 3 95 6 95 3 1 21 8 21 9 21 2 6 36 7 36 4 0 66 1 66 6 66 9 66 2 3 84 5 84
17 3 1 11 7 11 9 11 2 0 37 7 37 2 0 11 5 11 2 1 81 7 81 4 0 46 1 46 5 46 8 46 1 6 76 3 0 20 1 20 8 20 4 0 96 5 96 6 96 8 96 4 0 73 2 73 3 73 7 73 3 2 43 5 43 6 43 3 2 84 5 84 7 84 2 4 75 8 75 3 1 97 5 97 8 97 6 0 37 2 37 3 37 4 37 6 37 8 37 5 1 47 2 47 3 47 7 47 9 47 3 1 98 6 98 7 98 4 4 89 5 89 6 89 8 89
23 3 1 69 2 69 9 69 2 0 87 4 87 5 1 77 4 77 5 77 8 77 9 77 3 1 18 5 18 6 18 3 6 18 7 18 8 18 5 0 15 1 15 4 15 6 15 7 15 1 9 44 2 2 70 7 70 4 0 20 3 20 4 20 7 20 3 1 70 3 70 7 70 2 0 19 2 19 2 1 24 2 24 3 0 44 6 44 7 44 1 0 21 4 0 69 2 69 7 69 9 69 2 1 19 3 19 1 5 84 2 5 47 8 47 5 2 86 3 86 6 86 8 86 9 86 2 6 31 7 31 4 0 42 3 42 4 42 7 42 3 5 11 6 11 7 11 6 0 23 1 23 3 23 6 23 7 23 9 23
16 4 1 48 2 48 6 48 9 48 1 3 15 2 1 97 6 97 3 1 23 2 23 9 23 3 0 29 8 29 9 29 6 0 96 2 96 5 96 6 96 7 96 9 96 5 1 66 3 66 4 66 6 66 8 66 4 1 41 2 41 7 41 9 41 3 0 43 4 43 6 43 2 2 58 4 58 1 4 93 3 2 78 3 78 9 78 5 1 74 2 74 5 74 6 74 9 74 2 3 57 9 57 2 2 68 8 68 4 0 85 1 85 8 85 9 85
