20 10
15 5 3 65 5 66 6 64 7 61 9 61 2 1 28 9 36 4 1 14 3 16 8 16 9 17 1 1 56 3 5 87 6 86 7 90 2 5 42 9 46 4 0 88 1 83 4 83 5 82 3 0 67 2 63 6 63 4 0 46 4 46 5 46 9 46 3 5 88 7 87 9 87 2 0 66 6 74 3 0 33 3 33 5 33 5 0 92 2 89 5 93 6 92 7 96 3 0 12 2 16 8 15 2 4 20 5 22
20 3 2 86 4 90 8 86 3 1 23 2 22 7 22 6 0 79 1 74 2 76 4 78 5 75 8 75 2 0 38 9 37 6 0 71 1 65 4 67 5 62 7 67 9 71 4 2 46 3 45 6 46 7 52 6 1 55 3 55 4 56 5 59 6 55 9 55 3 1 40 5 45 9 40 2 1 49 9 50 1 1 68 6 0 71 3 73 4 71 6 75 7 75 9 75 2 0 77 6 77 3 1 76 5 82 6 79 2 1 41 6 41 1 1 90 2 3 72 4 66 3 2 32 5 27 7 25 7 0 85 1 89 2 81 3 85 6 85 7 84 8 81 2 1 73 2 72 5 1 50 3 46 4 45 6 40 9 46
23 5 2 58 4 60 5 57 7 62 9 60 2 1 53 9 52 2 1 37 4 38 2 4 90 9 90 3 4 33 5 35 6 35 1 6 58 2 2 69 6 69 2 0 61 5 61 2 1 58 7 57 4 1 34 2 32 6 31 8 35 3 1 26 2 22 8 22 4 1 34 7 36 8 39 9 35 3 0 72 3 71 6 73 2 8 80 9 76 2 1 70 7 64 4 0 63 5 67 8 64 9 62 3 4 48 5 45 8 41 5 2 56 3 56 4 56 5 59 9 58 4 0 56 2 57 5 59 9 54 3 3 69 4 68 7 65 4 1 90 4 90 6 91 9 90 1 1 35 1 0 62
18 4 2 18 4 24 7 20 8 22 3 4 63 5 57 8 58 5 0 40 5 34 7 32 8 37 9 37 3 3 88 5 91 9 88 6 0 29 1 37 2 35 4 30 8 34 9 36 2 1 76 7 79 3 2 41 5 42 9 43 2 4 59 5 62 5 1 91 2 94 3 93 5 86 9 89 5 0 70 2 67 4 67 7 62 9 65 2 5 87 9 87 4 1 44 2 48 3 44 4 44 1 3 34 3 1 52 3 54 5 55 3 0 84 8 84 9 86 4 2 41 4 41 7 37 8 46 2 0 81 2 82 2 1 40 7 42
21 3 0 87 1 94 5 95 4 0 62 1 61 2 66 7 62 3 2 94 3 93 8 93 4 1 46 2 42 5 47 7 45 5 0 31 1 31 5 29 6 35 8 31 3 5 60 6 59 8 61 1 6 88 2 0 67 3 67 3 2 58 5 60 8 63 4 0 93 1 89 5 97 9 92 2 0 43 6 45 3 1 95 2 93 5 95 2 6 64 7 67 1 0 77 3 3 64 5 68 7 64 5 1 21 2 17 6 21 7 22 8 16 3 0 35 5 30 6 30 2 5 32 9 33 6 0 24 1 26 3 24 4 26 6 28 9 25 4 0 95 4 95 7 95 9 95 3 1 80 4 84 9 89
15 2 1 65 9 64 5 0 23 1 20 2 20 5 20 7 19 1 0 79 1 8 34 2 2 71 9 69 1 4 43 3 1 95 5 91 8 95 1 1 27 1 8 35 1 1 89 5 2 72 3 71 4 69 5 73 7 72 5 0 86 3 85 6 82 7 84 8 88 1 0 54 1 0 38 4 3 48 4 48 7 53 9 51
17 1 9 65 3 6 58 7 61 8 56 2 4 93 6 93 2 2 71 3 71 2 1 80 4 78 4 2 19 4 15 6 18 8 15 5 5 34 6 34 7 36 8 29 9 31 3 0 54 2 55 9 54 2 0 55 4 54 2 3 23 7 26 3 7 58 8 55 9 55 2 2 85 7 84 2 2 47 7 47 2 8 66 9 71 4 0 33 2 29 6 33 9 33 2 0 48 1 46 2 0 51 8 50
25 2 0 36 7 44 5 1 76 4 73 6 74 7 73 9 71 3 0 34 1 35 4 34 3 0 66 2 69 5 66 2 6 65 7 65 1 9 44 3 1 20 2 23 3 21 4 0 36 2 32 3 37 6 35 4 1 43 3 40 4 40 6 43 3 0 91 3 90 6 89 3 0 58 1 58 4 54 1 5 38 5 0 63 2 64 3 68 8 67 9 65 4 0 25 2 26 4 23 6 25 5 3 27 4 33 6 27 7 31 8 25 1 9 64 3 0 61 2 54 6 60 3 2 64 6 64 7 67 2 3 41 7 39 3 0 46 7 44 9 49 2 4 76 7 81 2 0 44 3 42 3 4 79 8 77 9 79 1 8 51 4 0 75 1 77 3 72 8 76
23 1 2 37 4 3 76 5 72 6 76 9 77 1 3 41 2 2 73 3 73 2 0 44 6 40 1 2 18 4 3 62 5 67 6 62 7 64 4 1 90 6 97 7 93 9 98 3 1 25 2 20 6 20 1 8 36 3 1 94 4 94 6 90 2 1 87 4 79 2 2 50 8 42 3 2 80 6 78 7 78 2 1 43 5 46 5 0 54 2 59 5 57 6 57 9 58 2 0 56 7 53 4 0 35 5 31 6 37 9 33 2 1 60 8 60 1 3 51 4 0 89 4 92 6 88 8 88 3 4 29 5 36 6 31 2 0 77 8 74
19 3 3 44 6 44 9 44 3 0 40 2 35 6 32 4 1 37 2 38 4 46 5 44 6 1 73 2 77 3 77 4 76 5 77 8 80 4 0 69 1 66 3 67 5 71 3 2 67 6 60 7 63 6 0 74 3 71 4 74 6 74 7 74 8 74 4 3 23 5 27 6 27 7 29 3 1 50 8 48 9 51 1 2 18 1 4 39 4 3 22 6 28 7 25 9 29 3 0 77 7 75 9 76 4 0 87 1 88 7 95 8 88 3 6 57 7 64 8 59 2 4 88 8 87 2 3 53 9 49 6 2 76 3 82 4 75 5 79 7 83 9 80 5 0 59 2 62 4 58 6 58 8 60
19 2 1 59 3 61 6 2 89 3 89 4 85 6 85 7 94 8 91 4 1 54 3 50 5 52 7 50 4 1 79 2 83 4 80 8 75 5 1 71 3 64 4 63 6 63 8 66 2 0 44 3 44 3 0 93 1 87 7 93 4 0 84 1 89 5 89 9 86 4 0 36 3 37 4 35 9 42 1 9 69 3 3 12 4 17 9 16 5 1 58 2 56 3 52 7 58 8 54 3 1 17 3 23 9 23 2 3 56 5 63 5 1 22 2 23 5 20 6 22 7 18 3 1 86 2 84 4 85 4 0 24 1 23 2 24 3 23 5 1 85 5 88 7 87 8 83 9 83 2 2 55 5 49
21 2 3 50 6 46 2 5 64 7 62 2 2 20 4 17 1 3 64 4 0 71 1 67 5 69 8 73 4 0 46 2 46 3 46 6 46 1 9 43 2 2 37 5 40 3 0 16 2 16 8 13 4 1 76 2 81 6 80 9 80 1 1 18 1 1 98 6 0 25 3 29 5 29 6 27 7 29 8 29 4 0 77 2 79 7 85 9 77 4 1 38 2 42 7 38 8 36 2 0 43 5 41 2 2 48 4 45 3 1 54 3 51 8 49 3 2 54 6 55 9 58 2 1 56 9 56 2 2 26 7 30
16 3 2 96 4 89 8 90 4 1 89 3 88 4 84 5 92 1 7 48 1 5 63 1 0 80 3 0 94 3 94 6 94 3 0 84 2 82 6 86 3 0 87 3 86 8 82 3 2 55 5 59 6 62 5 0 22 1 20 2 19 4 19 9 20 2 3 91 6 91 3 4 64 8 64 9 67 5 4 67 5 71 6 71 7 71 8 71 4 0 91 4 93 6 92 9 92 2 0 48 9 43 3 3 53 4 49 8 51
16 2 5 60 8 57 2 1 26 8 27 3 0 85 4 86 7 86 4 1 14 3 12 6 16 9 15 2 0 13 2 17 2 0 65 2 66 3 0 57 4 57 9 64 2 4 47 8 44 4 2 70 3 66 4 70 9 68 2 5 69 8 73 5 0 50 2 49 3 53 4 50 7 47 1 1 28 4 0 52 1 50 2 49 6 55 3 4 73 5 73 7 73 3 0 25 1 25 6 28 4 3 38 4 35 5 35 9 35
25 3 6 15 7 16 8 17 5 1 45 3 47 5 42 6 47 9 47 1 3 23 4 0 70 1 73 2 70 5 67 2 2 36 7 37 2 2 92 3 88 4 6 19 7 19 8 22 9 15 2 3 54 7 57 3 1 49 2 48 5 47 2 3 77 9 80 2 1 82 8 78 4 0 75 3 71 4 71 8 72 4 0 83 1 85 6 85 7 80 4 1 41 4 36 7 35 9 40 1 5 50 2 2 30 4 21 4 1 48 4 50 7 43 8 48 2 8 34 9 36 1 5 48 6 0 29 1 31 3 27 4 35 5 32 7 30 5 0 55 1 59 3 60 4 60 6 59 3 3 27 7 29 9 29 4 1 60 3 56 5 56 8 51 1 5 16 3 2 83 6 83 9 85
17 4 0 51 3 59 5 55 6 56 3 2 70 5 70 9 69 2 1 63 3 63 3 1 38 2 38 4 37 3 1 33 2 24 7 29 3 0 33 3 38 7 37 4 0 69 1 63 3 70 5 71 2 1 60 6 60 5 0 39 3 43 4 43 7 45 8 43 1 2 38 4 2 60 3 67 6 63 9 64 2 6 85 8 87 4 0 21 1 17 3 21 4 17 4 0 28 1 35 5 32 7 33 6 1 87 2 83 4 84 5 88 6 88 8 83 3 0 69 4 74 5 74 1 3 68
21 3 3 73 4 73 7 75 3 3 70 8 69 9 64 3 1 36 3 38 8 37 4 3 23 4 28 6 25 8 20 3 2 78 4 81 6 81 4 0 22 4 22 8 23 9 26 5 5 62 6 57 7 60 8 56 9 60 1 9 81 5 1 38 3 34 4 39 7 42 8 42 2 0 69 6 69 3 1 57 7 57 9 57 3 1 52 5 54 8 49 3 3 59 4 63 8 58 4 1 58 2 51 3 58 4 54 3 3 37 7 41 8 43 2 2 70 8 73 2 3 93 6 88 3 1 25 8 29 9 22 2 6 35 7 35 4 0 65 1 64 6 64 9 65 2 3 85 5 78
17 3 1 16 7 16 9 13 2 0 41 7 39 2 0 11 5 12 2 1 81 7 79 4 0 51 1 49 5 47 8 47 1 6 78 3 0 23 1 23 8 23 4 0 90 5 90 6 88 8 92 4 0 72 2 71 3 75 7 74 3 2 46 5 44 6 44 3 2 78 5 81 7 78 2 4 73 8 73 3 1 92 5 92 8 97 6 0 39 2 42 3 42 4 34 6 35 8 37 5 1 48 2 45 3 45 7 45 9 48 3 1 98 6 90 7 94 4 4 88 5 85 6 85 8 83
23 3 1 67 2 67 9 67 2 0 85 4 84 5 1 75 4 75 5 72 8 75 9 75 3 1 22 5 25 6 22 3 6 22 7 23 8 22 5 0 20 1 18 4 16 6 20 7 23 1 9 44 2 2 72 7 68 4 0 28 3 28 4 23 7 24 3 1 66 3 72 7 71 2 0 21 2 22 2 1 25 2 27 3 0 46 6 50 7 46 1 0 20 4 0 70 2 67 7 63 9 67 2 1 20 3 20 1 5 81 2 5 51 8 45 5 2 82 3 87 6 82 8 78 9 83 2 6 39 7 35 4 0 48 3 44 4 44 7 44 3 5 16 6 16 7 16 6 0 22 1 26 3 27 6 27 7 29 9 27
16 4 1 51 2 49 6 50 9 49 1 3 19 2 1 92 6 93 3 1 30 2 24 9 26 3 0 37 8 34 9 28 6 0 89 2 92 5 95 6 89 7 91 9 92 5 1 66 3 66 4 68 6 62 8 65 4 1 44 2 40 7 44 9 46 3 0 47 4 40 6 39 2 2 54 4 61 1 4 85 3 2 76 3 76 9 78 5 1 76 2 76 5 70 6 72 9 68 2 3 57 9 61 2 2 70 8 64 4 0 82 1 86 8 78 9 82
