20 10
15 7 0 65 3 61 5 65 6 69 7 66 8 63 9 61 4 1 30 5 32 8 33 9 32 8 0 21 1 16 2 16 3 13 4 11 7 15 8 17 9 17 4 0 64 1 63 3 65 7 65 5 0 90 2 90 5 92 6 94 7 93 5 0 40 2 46 5 41 8 39 9 42 8 0 83 1 83 2 85 4 85 5 91 6 86 8 89 9 86 6 0 66 2 63 5 63 6 60 7 63 9 63 4 0 49 4 47 5 45 9 47 4 5 87 7 83 8 90 9 87 4 0 69 5 71 6 71 8 72 5 0 29 3 30 5 33 7 30 9 33 8 0 91 2 92 3 93 5 92 6 91 7 94 8 96 9 94 5 0 16 2 16 4 21 7 16 8 18 5 0 28 4 20 5 27 6 24 7 22
20 4 2 86 4 88 8 86 9 84 7 1 22 2 24 3 28 4 24 6 19 7 28 9 27 7 0 78 1 77 2 76 3 78 4 73 5 71 8 73 5 0 40 4 43 6 39 8 39 9 40 7 0 66 1 67 4 71 5 69 7 70 8 65 9 66 5 2 48 3 53 5 49 6 45 7 53 7 0 53 1 55 3 59 4 55 5 55 6 54 9 55 3 1 40 5 35 9 40 4 1 48 2 53 8 47 9 54 3 0 67 1 68 9 68 7 0 69 1 76 3 71 4 71 6 71 7 66 9 71 3 0 73 2 77 6 74 4 1 83 3 84 5 81 6 78 6 0 42 1 41 4 36 6 40 7 41 9 37 4 0 90 1 94 2 96 9 94 6 1 68 2 70 3 66 4 69 5 71 9 69 5 0 27 2 28 5 29 7 30 9 29 9 0 90 1 89 2 85 3 85 5 85 6 84 7 90 8 82 9 86 2 1 71 2 71 8 0 45 1 45 2 41 3 48 4 45 5 49 6 45 9 45
23 7 2 60 4 60 5 60 6 60 7 62 8 60 9 64 5 0 49 1 52 4 53 7 53 9 53 5 0 42 1 41 4 37 6 37 9 32 6 2 91 3 95 4 90 6 88 8 94 9 89 6 0 36 1 36 2 32 4 36 5 36 6 36 1 1 58 4 3 70 4 63 5 66 7 68 4 1 58 6 61 8 63 9 57 5 2 59 4 58 6 55 7 55 8 56 7 0 27 2 31 3 31 4 33 6 31 7 26 9 30 3 2 26 3 25 9 18 4 1 35 2 37 8 37 9 37 5 0 75 1 74 4 71 6 66 7 73 3 2 79 7 77 9 74 4 0 67 2 69 8 73 9 69 5 1 62 2 67 4 64 6 64 9 66 7 0 49 2 42 4 49 5 45 6 48 8 45 9 45 6 0 56 3 56 4 56 5 55 6 60 8 57 5 0 57 1 62 3 59 6 59 9 59 6 0 69 1 68 3 70 4 68 5 70 8 68 3 2 93 5 90 7 93 3 0 36 2 31 6 35 2 1 65 9 63
18 5 0 19 3 26 5 20 8 25 9 22 4 1 61 5 61 6 65 9 58 5 1 39 3 34 6 36 8 36 9 37 4 0 87 1 93 4 92 6 88 7 0 33 1 31 2 33 3 32 5 32 7 34 9 35 3 0 79 2 79 8 76 6 1 42 3 45 4 47 6 39 8 42 9 42 5 0 60 4 60 5 62 6 58 7 61 6 0 91 2 91 3 92 4 91 6 91 7 95 6 0 65 1 64 3 62 5 70 7 66 8 68 4 0 90 4 87 6 87 8 89 8 0 41 1 44 2 44 3 47 4 39 5 47 7 44 9 44 4 3 31 4 34 7 34 9 34 3 2 56 4 54 6 51 4 0 89 1 84 8 88 9 86 8 0 41 3 41 4 41 5 42 6 37 7 39 8 38 9 41 4 1 80 3 81 5 76 9 80 5 1 42 2 41 4 37 8 40 9 40
21 5 1 91 2 89 4 90 6 95 8 91 8 0 58 1 60 2 61 3 60 4 62 5 62 8 63 9 62 4 3 93 4 94 6 97 9 91 6 2 47 3 42 5 46 6 42 7 46 8 42 6 0 35 1 31 2 30 6 31 7 31 9 26 6 2 57 4 59 6 56 7 59 8 59 9 60 5 4 92 6 93 7 92 8 90 9 91 7 0 67 2 71 5 66 6 67 7 68 8 67 9 68 6 1 60 3 60 4 63 7 65 8 60 9 65 7 0 93 2 89 3 88 5 93 7 93 8 90 9 93 5 1 43 2 43 3 43 6 43 8 42 6 0 92 1 95 3 95 4 95 6 91 7 95 5 1 67 6 63 7 67 8 70 9 66 2 2 83 7 80 6 0 67 1 69 2 68 5 68 7 69 9 68 4 3 23 4 21 8 24 9 21 4 0 30 2 34 7 30 8 26 1 7 37 7 1 26 2 24 3 23 5 22 6 24 7 24 8 28 6 1 95 2 99 3 95 6 99 7 95 9 98 3 1 82 3 79 6 84
15 5 1 69 2 64 3 64 7 63 8 62 7 1 20 2 20 3 20 4 20 7 22 8 17 9 17 3 2 83 3 79 5 79 5 1 40 2 38 4 37 6 42 9 38 3 1 71 5 71 8 71 6 1 43 2 43 3 47 4 46 7 43 9 43 5 2 97 4 99 6 99 8 95 9 98 3 1 29 2 26 8 24 4 3 35 4 35 5 34 8 36 4 0 92 2 82 5 88 8 87 7 0 72 3 71 5 74 6 75 7 69 8 71 9 71 5 0 89 1 89 4 90 6 86 7 86 7 0 49 1 46 2 50 3 48 4 49 5 49 9 49 3 4 40 5 33 7 36 5 1 47 2 48 4 48 7 48 8 48
17 3 1 61 3 63 8 60 2 5 58 8 58 8 1 94 2 95 3 93 5 93 6 96 7 98 8 97 9 93 6 1 67 5 71 6 71 7 71 8 69 9 71 2 6 76 9 76 4 5 14 6 16 7 18 9 19 6 1 34 3 36 4 29 7 34 8 36 9 30 8 0 59 1 55 2 59 3 55 4 56 5 56 7 55 9 52 3 4 55 5 56 9 53 2 6 27 8 22 2 2 51 3 55 6 0 84 2 84 3 84 4 83 6 88 7 89 3 0 46 2 49 7 47 6 0 66 2 71 6 71 7 76 8 71 9 70 7 1 29 2 38 3 34 4 37 5 33 7 29 8 32 7 1 48 2 49 3 52 4 47 5 46 6 48 9 45 7 1 48 2 48 4 51 5 51 6 55 7 54 8 54
25 3 3 44 4 39 5 36 6 0 73 2 77 6 73 7 70 8 74 9 73 7 1 42 2 38 3 38 4 35 5 41 6 36 9 36 4 1 72 3 68 5 71 7 69 5 0 65 5 65 6 64 7 65 9 69 5 1 37 2 42 3 36 5 36 6 41 6 1 24 3 21 4 19 6 21 7 24 8 23 5 1 33 5 29 6 34 7 36 8 38 8 1 46 2 44 4 43 5 42 6 43 7 43 8 39 9 43 5 1 89 5 90 6 90 8 90 9 87 7 1 56 2 58 3 61 5 58 6 59 8 58 9 58 3 0 35 6 37 9 41 5 2 72 4 70 6 70 8 67 9 67 6 1 21 3 24 4 25 5 28 6 29 8 22 5 0 29 1 29 2 29 6 25 9 32 4 0 64 2 62 3 67 4 60 4 2 54 5 59 6 52 8 54 5 2 64 3 65 4 67 6 61 8 67 5 0 33 2 36 3 38 4 38 9 34 2 3 43 6 48 4 1 76 3 78 4 80 5 79 5 0 43 2 43 3 41 6 43 9 40 4 1 79 4 79 6 79 7 79 4 0 50 4 49 5 53 6 52 8 0 71 1 73 2 74 4 73 6 77 7 76 8 73 9 73
23 3 4 37 5 37 8 37 5 0 79 1 80 2 74 5 72 9 80 6 0 43 1 44 2 47 3 44 5 44 9 40 3 4 77 8 73 9 78 5 0 44 2 44 3 44 6 40 9 43 4 0 21 2 22 8 22 9 25 4 0 58 3 62 8 62 9 63 5 1 97 2 98 3 89 7 91 8 98 6 2 22 3 20 4 20 5 15 7 20 8 25 4 2 33 4 34 6 41 9 37 2 0 98 8 90 5 1 83 2 81 3 82 4 83 8 86 5 1 47 3 50 5 47 6 47 9 47 5 1 78 3 77 5 78 8 78 9 78 4 3 48 4 45 7 44 8 40 6 2 59 3 63 5 59 6 60 7 54 9 58 6 0 59 2 56 3 56 6 56 7 56 8 56 6 3 32 4 37 5 33 6 33 7 32 8 35 6 1 55 2 56 3 57 6 60 7 60 8 60 6 1 56 2 55 5 53 6 50 7 55 8 53 4 0 88 4 88 7 87 8 92 4 1 36 3 37 5 32 7 32 8 0 77 1 77 2 75 3 78 4 74 5 77 7 73 8 78
19 6 0 45 1 43 3 44 4 44 5 40 8 44 6 0 40 2 35 3 39 6 39 7 36 9 37 5 0 44 3 38 5 42 8 42 9 41 5 1 82 2 79 5 77 8 76 9 75 6 0 73 1 70 2 72 5 69 7 72 8 74 4 0 63 2 68 4 59 9 65 5 0 70 3 70 4 77 7 76 8 74 7 0 32 1 25 3 30 4 27 5 27 8 32 9 31 6 0 56 1 52 2 47 3 47 4 51 8 51 4 4 13 5 18 6 20 9 20 2 5 36 6 40 4 1 25 2 27 6 26 8 25 5 0 75 3 75 4 75 6 76 7 78 5 4 92 6 90 7 88 8 93 9 94 4 3 64 4 60 5 56 6 58 7 0 86 2 87 3 90 4 87 5 91 6 88 8 90 5 1 54 2 49 3 53 4 53 5 56 6 0 79 1 82 5 79 6 79 8 80 9 79 10 0 60 1 60 2 60 3 60 4 60 5 60 6 60 7 60 8 59 9 57
19 6 0 59 1 60 3 59 5 59 8 59 9 59 3 0 89 6 88 9 90 7 0 54 1 50 3 46 4 54 5 50 6 53 8 54 6 0 82 2 83 4 76 5 81 8 79 9 79 5 1 68 2 63 5 65 6 67 8 72 8 0 44 1 44 3 44 5 43 6 46 7 45 8 44 9 46 3 0 91 7 94 8 91 7 0 89 2 82 4 90 5 86 7 87 8 86 9 86 6 1 37 2 38 4 39 6 38 7 42 8 38 5 0 68 1 63 5 70 6 68 7 68 3 4 17 5 13 6 14 7 0 51 1 54 2 58 4 56 6 56 8 56 9 54 5 0 20 4 14 5 19 8 17 9 15 5 0 58 2 64 4 59 6 60 8 63 4 0 22 2 22 8 18 9 25 6 1 81 2 89 3 87 4 85 8 84 9 80 5 1 27 6 23 7 23 8 22 9 23 3 0 83 1 87 8 86 8 0 50 2 55 4 50 5 49 6 53 7 50 8 50 9 50
21 3 2 50 6 50 9 50 4 0 66 1 66 3 60 5 66 6 0 15 2 25 3 16 4 23 7 20 9 20 3 0 64 1 66 2 67 6 0 69 1 70 5 66 7 70 8 65 9 69 6 0 41 2 46 3 46 5 43 7 46 9 46 5 0 52 3 43 4 48 7 47 8 44 6 0 40 2 37 4 39 6 37 7 37 9 37 5 1 16 2 14 4 11 7 12 9 11 3 5 80 8 80 9 80 7 1 16 2 16 3 16 5 21 6 16 8 16 9 17 2 7 97 8 93 6 4 32 5 29 6 29 7 29 8 33 9 30 7 1 79 3 82 4 84 5 81 6 86 8 83 9 81 4 0 34 5 39 7 41 9 33 5 0 46 5 43 6 38 8 40 9 38 4 2 45 3 45 6 44 8 45 5 0 52 2 51 6 50 7 48 9 48 4 1 58 2 58 5 58 6 62 5 0 56 1 57 4 56 7 56 9 57 4 1 32 5 27 7 30 8 30
16 3 0 92 5 92 7 92 5 0 88 2 89 6 92 8 86 9 89 6 1 44 2 44 3 45 4 38 7 39 9 40 4 3 61 5 58 6 56 9 58 4 3 75 5 82 7 80 8 80 2 7 94 8 94 6 0 86 1 87 4 86 5 86 7 86 8 86 7 0 88 2 84 3 83 4 85 7 81 8 86 9 86 6 0 60 1 58 2 58 3 58 6 58 8 58 7 0 23 3 19 4 23 5 22 6 23 8 20 9 18 5 0 95 1 92 2 91 5 91 7 91 4 1 65 4 64 7 67 8 62 5 0 71 2 71 4 74 6 71 7 67 6 2 89 3 91 4 94 5 91 6 95 8 91 6 1 40 2 44 4 48 6 46 7 44 8 49 3 0 53 7 54 8 57
16 7 1 63 2 60 4 57 5 57 6 60 8 63 9 60 4 3 24 5 23 6 27 9 32 6 0 86 4 82 6 86 7 90 8 86 9 85 5 2 16 5 17 6 17 8 16 9 16 7 0 17 1 22 4 18 6 13 7 19 8 13 9 17 3 0 68 1 66 8 70 5 0 57 6 64 7 60 8 60 9 60 2 2 47 7 42 3 2 69 5 73 6 72 6 0 77 1 73 2 73 3 77 4 73 7 73 4 1 45 3 49 6 54 8 48 8 0 23 1 25 2 23 4 19 5 23 6 20 7 23 9 23 3 4 49 8 55 9 50 3 0 71 3 73 4 73 7 1 23 2 28 3 28 5 28 6 28 8 28 9 32 3 1 36 4 40 7 37
25 4 1 14 2 14 3 15 7 15 6 1 47 4 47 5 47 6 47 7 43 9 48 5 1 17 3 23 4 22 6 23 7 26 4 1 65 3 68 8 66 9 68 6 0 35 1 34 2 35 4 35 5 38 7 31 4 1 83 4 92 6 86 7 88 4 1 19 2 22 7 16 8 19 6 2 54 5 57 6 53 7 53 8 53 9 58 4 2 47 6 49 7 51 9 54 4 0 80 1 80 4 77 5 85 6 0 78 1 75 2 76 4 79 6 74 8 77 5 0 69 4 69 6 69 7 75 9 74 4 2 83 3 85 7 85 9 81 5 0 33 2 34 4 36 5 35 6 38 5 0 57 3 54 5 53 6 57 8 59 5 3 25 4 25 5 30 6 25 8 25 4 1 46 2 48 3 48 4 48 5 0 34 3 35 4 34 6 33 7 36 4 1 46 4 45 7 45 8 47 4 1 36 2 33 4 34 9 34 7 0 59 1 64 2 59 3 59 4 57 6 57 9 57 7 0 32 2 25 3 29 4 28 5 25 7 29 8 29 6 0 56 2 56 5 55 6 54 7 53 8 53 4 0 17 2 16 4 13 7 16 2 3 81 6 86
17 4 0 60 2 53 6 55 9 53 7 0 66 2 75 3 73 5 73 6 73 7 69 8 70 4 2 65 5 63 7 62 9 63 4 1 38 3 35 5 35 6 39 8 0 24 1 25 2 24 3 30 4 29 5 30 7 29 9 29 5 1 38 2 37 5 36 7 32 8 35 4 0 67 3 68 7 64 8 66 8 0 55 1 53 2 52 3 55 4 55 5 59 6 54 9 59 5 1 39 2 39 4 44 6 47 9 43 6 0 38 2 38 3 37 4 38 7 36 8 35 3 0 59 4 63 7 60 5 0 87 2 85 3 86 4 89 7 90 4 0 21 7 17 8 21 9 17 5 1 32 2 29 4 30 5 32 6 33 6 1 83 2 83 6 80 7 82 8 79 9 83 7 0 75 2 71 3 74 5 74 6 74 7 74 9 76 5 0 64 1 64 5 66 6 65 8 71
21 3 0 72 1 70 4 73 5 0 65 4 66 5 64 7 70 8 61 3 2 39 4 34 9 35 5 0 25 2 26 4 25 5 25 9 25 5 1 77 4 79 5 78 7 78 9 74 4 1 25 3 31 5 26 7 23 4 1 58 5 58 8 60 9 65 6 0 76 4 81 6 81 7 81 8 77 9 77 4 0 34 3 35 7 36 9 35 6 0 66 2 64 4 68 5 63 8 72 9 70 2 1 57 7 59 4 2 50 3 46 8 50 9 45 5 0 61 2 61 3 59 6 59 9 55 6 3 52 4 55 5 57 6 50 8 54 9 51 6 1 42 2 36 3 42 4 41 5 41 9 39 4 4 70 5 70 8 74 9 72 3 0 87 3 87 9 86 2 4 25 7 27 4 2 35 5 40 7 39 9 35 7 0 66 1 65 2 65 3 70 7 61 8 65 9 65 4 0 81 1 83 2 77 7 78
17 7 0 19 1 16 2 16 4 17 6 17 7 16 9 11 4 2 35 4 36 5 39 8 43 4 0 16 1 13 3 11 8 16 4 1 78 3 82 5 78 6 77 5 2 52 5 46 6 48 7 48 8 48 7 0 74 1 76 2 70 4 74 6 74 7 74 9 71 1 7 18 4 1 92 2 88 8 95 9 93 7 1 75 2 71 3 71 6 72 7 71 8 71 9 71 6 1 43 2 48 3 44 4 41 7 43 8 44 6 2 80 3 83 6 86 7 77 8 84 9 85 5 3 70 6 72 7 78 8 72 9 73 5 3 95 4 92 5 96 8 92 9 96 4 2 39 3 43 6 41 9 35 6 1 48 3 50 4 47 5 52 7 44 9 48 8 0 97 1 91 2 92 3 96 4 94 5 90 8 94 9 92 7 0 85 1 85 2 87 4 80 5 81 7 88 8 80
23 6 1 67 4 67 5 71 6 63 7 65 9 64 4 1 86 2 84 3 82 6 81 3 0 72 1 75 5 77 6 1 22 2 22 5 22 6 22 8 22 9 22 5 0 22 1 24 2 17 6 23 7 24 7 0 20 1 20 2 18 5 20 7 16 8 21 9 20 6 1 47 2 42 3 47 5 48 7 41 8 48 3 6 68 8 65 9 68 5 0 18 3 21 5 25 8 24 9 27 5 1 65 3 69 4 69 5 68 8 68 5 1 22 2 19 4 23 5 23 8 23 4 1 22 2 29 3 27 4 27 6 0 46 2 46 3 47 7 49 8 47 9 43 5 0 29 1 25 2 26 7 27 8 22 6 1 65 2 67 3 67 5 67 6 71 7 65 5 1 21 2 19 3 23 4 28 8 23 4 0 86 2 85 4 80 9 78 3 2 48 6 49 7 48 2 6 82 9 82 6 1 34 3 31 4 34 6 34 7 29 9 34 6 0 44 4 42 5 42 6 45 7 46 8 47 8 0 16 1 11 2 19 4 16 5 16 7 21 8 16 9 16 8 0 26 1 27 3 27 5 23 6 31 7 27 8 26 9 25
16 7 1 49 2 49 4 49 5 52 7 48 8 50 9 46 5 0 19 2 15 3 21 6 19 7 19 5 0 92 4 94 5 91 7 92 9 92 5 2 29 5 26 7 31 8 24 9 26 5 1 35 2 30 3 34 4 29 6 32 6 0 92 1 95 2 92 6 95 7 92 9 92 6 0 65 1 69 3 65 6 65 7 65 8 66 8 0 43 2 43 4 40 5 42 6 46 7 42 8 44 9 39 5 0 48 2 44 3 41 5 44 8 44 6 0 58 1 58 5 55 6 62 7 58 8 58 6 1 92 2 90 3 87 5 90 8 89 9 85 4 1 76 5 79 7 81 8 76 3 3 77 4 72 6 69 7 0 57 1 61 2 60 3 53 6 53 7 56 8 57 5 0 67 4 65 6 70 7 67 8 70 4 0 82 3 79 8 82 9 82
