10 10
10 1 4 88 1 8 68 1 6 94 1 5 99 2 1 67 7 67 1 2 89 1 9 77 1 7 99 1 0 86 1 3 92
10 1 5 72 1 3 50 2 6 69 5 69 1 4 75 1 2 94 1 8 66 2 0 92 5 92 1 1 82 1 7 94 1 9 63
10 1 9 83 2 8 61 9 61 1 0 83 1 1 65 1 6 64 1 5 85 1 7 78 1 4 85 2 2 55 3 55 1 3 77
10 1 7 94 2 2 68 9 68 1 1 61 1 4 99 1 3 54 1 6 75 1 5 66 1 0 76 1 9 63 1 8 67
10 1 3 69 2 4 88 2 88 1 9 82 1 8 95 2 0 99 4 99 1 2 67 1 6 95 1 5 68 2 7 67 8 67 1 1 86
10 2 1 99 7 99 1 4 81 1 5 64 1 6 66 1 8 80 1 2 80 1 7 69 1 9 62 1 3 79 1 0 88
10 1 7 50 1 1 86 1 4 97 1 3 96 1 0 95 1 8 97 1 2 66 1 5 99 1 6 52 1 9 71
10 1 4 98 2 6 73 2 73 1 3 82 1 2 51 1 1 71 1 5 94 1 7 85 1 0 62 1 8 95 1 9 79
10 1 0 94 2 6 71 4 71 1 3 81 1 7 85 1 1 66 1 2 90 1 4 76 1 5 58 1 8 93 1 9 97
10 1 3 50 1 0 59 2 1 82 4 82 1 8 67 1 7 56 1 9 96 1 6 58 1 4 81 1 5 59 1 2 96
