10 10
10 1 7 62 1 8 24 1 5 25 1 3 84 2 4 47 7 47 1 6 38 1 2 82 1 0 93 1 9 24 1 1 66
10 1 5 47 1 2 97 2 8 92 5 92 1 9 22 1 1 93 1 4 29 2 7 56 5 56 1 3 80 1 0 78 1 6 67
10 1 1 45 2 7 46 9 46 1 6 22 1 2 26 1 9 38 1 0 69 1 4 40 1 3 33 2 8 75 3 75 1 5 96
10 1 4 85 2 8 76 2 76 1 5 68 1 9 88 1 3 36 1 6 75 1 2 56 1 1 35 1 0 77 1 7 85
10 1 8 60 1 9 20 2 7 25 0 25 1 3 63 1 4 81 2 0 52 2 52 1 1 30 1 5 98 2 6 54 5 54 2 2 86 7 86
10 2 3 87 7 87 1 9 73 1 5 51 1 2 95 1 4 65 1 1 86 1 6 22 1 8 58 1 0 80 1 7 65
10 1 5 81 1 2 53 1 7 57 1 6 71 1 9 81 1 0 43 1 4 26 1 8 54 1 3 58 1 1 69
10 1 4 20 2 6 86 2 86 1 5 21 1 8 79 1 9 62 1 2 34 1 0 27 1 1 81 1 7 30 1 3 46
10 1 9 68 2 6 66 4 66 1 5 98 1 8 86 1 7 66 1 0 56 1 3 82 1 1 95 1 4 47 1 2 78
10 1 0 30 1 3 50 2 7 34 4 34 1 2 58 1 1 77 1 5 34 1 8 84 1 4 40 1 9 46 1 6 44
