20 15
15 1 2 24 1 3 12 1 9 17 1 4 27 2 0 21 12 21 1 6 25 1 8 27 1 7 26 1 1 30 1 5 31 1 11 18 1 14 16 2 13 39 5 39 1 10 19 1 12 26
15 1 6 30 2 3 15 5 15 1 12 20 1 11 19 1 1 24 1 13 15 2 10 28 9 28 1 2 36 1 5 26 1 7 15 1 0 11 1 8 23 1 14 20 2 9 26 3 26 1 4 28
15 1 6 35 2 0 22 2 22 1 13 23 1 7 32 1 2 20 1 3 12 1 12 19 1 10 23 1 9 17 1 1 14 1 5 16 1 11 29 2 8 16 10 16 1 4 22 1 14 22
15 2 9 20 2 20 1 6 29 1 1 19 2 7 14 0 14 2 12 33 7 33 2 4 30 12 30 1 0 32 1 5 21 1 11 29 1 10 24 1 14 25 1 2 29 1 3 13 1 8 20 1 13 18
15 1 11 23 1 13 20 1 1 28 1 6 32 1 7 16 1 5 18 1 8 24 1 9 23 1 3 24 1 10 34 1 2 24 2 0 24 2 24 1 14 28 1 12 15 1 4 18
15 1 8 24 1 11 19 1 14 21 1 1 33 1 7 34 1 6 35 2 5 40 9 40 1 10 36 1 3 23 1 2 26 1 4 15 1 9 28 1 13 38 1 12 13 1 0 25
15 1 13 27 1 3 30 2 6 21 9 21 1 8 19 1 12 12 1 4 27 1 2 39 1 9 13 1 14 12 1 5 36 1 10 21 1 11 17 1 1 29 1 0 17 2 7 33 9 33
15 1 5 27 1 4 19 1 6 29 1 9 20 1 3 21 2 10 40 1 40 1 8 14 1 14 39 1 13 39 1 2 27 1 1 36 1 12 12 1 11 37 1 7 22 1 0 13
15 1 13 32 2 11 29 13 29 1 8 24 1 3 27 2 5 40 6 40 1 4 21 1 9 26 2 0 27 10 27 1 14 27 1 6 16 1 2 21 2 10 13 7 13 1 7 28 1 12 28 1 1 32
15 1 12 35 1 1 11 2 5 39 9 39 1 14 18 1 7 23 1 0 34 1 3 24 2 13 11 12 11 1 8 30 1 11 31 1 4 15 1 10 15 1 2 28 1 9 26 1 6 33
15 2 10 28 8 28 1 5 37 1 12 29 1 1 31 1 7 25 1 8 13 1 14 14 1 4 20 1 3 27 1 9 25 1 13 31 2 11 14 13 14 1 6 25 1 2 39 1 0 36
15 1 0 22 1 11 25 1 5 28 1 13 35 1 4 31 1 8 21 1 9 20 1 14 19 1 2 29 1 7 32 1 10 18 1 1 18 1 3 11 3 12 17 2 17 4 17 1 6 15
15 1 12 39 1 5 32 2 2 36 10 36 1 8 14 1 3 28 1 13 37 1 0 38 1 6 20 1 7 19 1 11 12 1 14 22 1 1 36 1 4 15 1 9 32 1 10 16
15 1 8 28 1 1 29 1 14 40 1 12 23 1 4 34 1 5 33 1 6 27 1 10 17 1 0 20 1 7 28 1 11 21 1 2 21 1 13 20 1 9 33 1 3 27
15 1 9 21 1 14 34 2 3 30 12 30 1 12 38 1 0 11 2 11 16 2 16 2 2 14 12 14 1 5 14 2 1 34 8 34 2 8 33 6 33 1 4 23 1 13 40 1 10 12 1 6 23 1 7 27
15 1 9 13 1 14 40 1 7 36 2 4 17 11 17 1 0 13 1 5 33 1 8 25 1 13 24 1 10 23 1 3 36 1 2 29 1 1 18 1 11 13 2 6 33 11 33 1 12 13
15 1 3 25 1 5 15 1 2 28 1 12 40 1 7 39 1 1 31 1 8 35 1 6 31 1 11 36 1 4 12 1 10 33 1 14 19 2 9 16 1 16 1 13 27 1 0 21
15 1 12 22 1 10 14 1 0 12 1 2 20 1 5 12 2 1 18 3 18 1 11 17 1 8 39 1 14 31 1 3 31 1 7 32 1 9 20 1 13 29 1 4 13 1 6 26
15 1 5 18 1 10 30 1 7 38 1 14 22 1 13 15 1 11 20 2 9 16 1 16 1 3 17 1 1 12 2 2 13 12 13 1 12 40 1 6 17 1 8 30 1 4 38 1 0 13
15 1 9 31 1 8 39 1 12 27 1 1 14 1 5 33 1 3 31 1 11 22 1 13 36 1 0 16 1 7 11 2 14 14 6 14 1 4 29 1 6 28 1 2 22 1 10 17
