20 15
15 1 0 19 1 9 33 1 2 32 1 13 18 2 10 39 12 39 1 8 34 1 6 25 1 4 36 1 11 40 1 12 33 1 1 31 1 14 30 2 3 34 5 34 1 5 26 1 7 13
15 1 9 11 2 10 22 5 22 1 14 19 1 5 12 1 4 25 1 6 38 2 0 29 9 29 1 7 39 1 13 19 1 11 22 1 1 23 1 3 20 1 2 40 2 12 19 3 19 1 8 26
15 1 3 25 2 8 17 2 17 1 11 24 1 13 40 1 10 32 1 14 16 1 5 39 1 9 19 1 0 24 1 1 39 1 4 17 1 2 35 2 7 38 10 38 1 6 20 1 12 31
15 2 14 22 2 22 1 3 36 1 2 34 2 12 17 0 17 2 4 30 7 30 2 13 12 12 12 1 1 13 1 6 25 1 9 12 1 7 18 1 10 31 1 0 39 1 5 40 1 8 26 1 11 37
15 1 12 32 1 14 15 1 1 35 1 7 13 1 8 32 1 11 23 1 6 22 1 4 21 1 0 38 1 2 38 1 3 40 2 10 31 2 31 1 5 11 1 13 37 1 9 16
15 1 10 23 1 12 38 1 8 11 1 14 27 1 9 11 1 6 25 2 5 14 9 14 1 4 12 1 2 27 1 11 26 1 7 29 1 3 28 1 13 21 1 0 20 1 1 30
15 1 6 39 1 8 38 2 0 15 9 15 1 12 27 1 10 22 1 9 27 1 2 32 1 4 40 1 3 12 1 13 20 1 14 21 1 11 22 1 5 17 1 7 38 2 1 27 7 27
15 1 11 11 1 13 24 1 10 38 1 8 15 1 9 19 2 14 13 8 13 1 5 30 1 0 26 1 2 29 1 6 33 1 12 21 1 1 15 1 3 21 1 4 28 1 7 33
15 1 8 20 1 6 17 3 5 26 8 26 3 26 1 3 34 2 9 23 6 23 1 0 16 1 2 18 2 4 35 10 35 1 12 24 1 10 16 1 11 26 2 7 12 1 12 1 14 13 1 13 27 1 1 19
15 1 1 18 1 7 37 2 14 27 0 27 1 9 40 1 5 40 1 6 17 2 8 22 14 22 1 3 17 1 10 30 1 0 38 1 4 21 1 12 32 1 11 24 1 13 24 2 2 30 3 30
15 1 11 19 1 0 22 1 13 36 1 6 18 1 5 22 1 3 17 1 14 35 1 10 34 1 7 23 1 8 19 2 2 29 11 29 1 1 22 1 12 17 1 4 33 1 9 39
15 1 6 32 1 3 22 1 12 24 1 5 13 1 4 13 1 1 11 1 0 11 1 13 25 1 8 13 1 2 15 1 10 33 1 11 17 2 14 16 3 16 1 9 38 1 7 24
15 1 14 16 1 13 16 2 1 37 10 37 1 8 25 1 2 26 1 3 11 1 9 34 1 4 14 1 0 20 1 6 36 1 12 12 1 5 29 1 10 25 1 7 32 1 11 12
15 1 8 20 1 10 24 1 11 27 1 9 38 1 5 34 1 12 39 1 7 33 1 4 37 1 2 31 1 13 15 1 14 34 1 3 33 1 6 26 1 1 36 1 0 14
15 1 8 31 1 0 17 2 9 13 12 13 1 1 21 1 10 17 2 7 19 2 19 2 13 14 12 14 1 3 40 2 5 32 8 32 2 11 25 6 25 1 2 34 1 14 23 1 6 13 1 12 40 1 4 26
15 1 8 38 1 12 17 1 3 14 2 13 17 11 17 1 4 12 1 1 35 1 6 35 1 0 19 1 10 36 1 7 19 1 9 29 1 2 31 1 5 26 2 11 35 0 35 1 14 37
15 1 14 20 1 3 16 1 0 33 1 10 14 1 5 27 1 7 31 1 8 16 1 6 31 1 12 28 1 9 37 1 4 37 2 2 29 6 29 2 11 38 9 38 1 1 30 1 13 36
15 1 11 18 1 3 37 1 14 16 1 6 15 1 8 14 2 12 11 6 11 1 13 32 1 5 12 1 1 11 1 10 29 1 7 19 1 4 12 1 9 18 1 2 26 1 0 39
15 1 11 11 1 2 11 1 12 22 1 9 35 1 14 20 1 7 31 2 4 19 6 19 1 3 39 1 5 28 1 6 33 2 10 34 13 34 1 1 38 1 0 20 1 13 17 1 8 28
15 1 2 12 1 12 25 1 5 23 1 8 21 1 6 27 1 9 30 1 14 23 1 11 39 1 3 26 1 13 34 2 7 17 10 17 1 1 24 1 4 12 1 0 19 1 10 36
