20 15
15 1 6 14 1 5 21 1 8 13 1 4 11 2 1 11 12 11 1 14 35 1 13 20 1 11 17 1 10 18 1 12 11 1 2 23 1 3 13 2 0 15 5 15 1 7 11 1 9 35
15 1 1 35 2 5 31 13 31 1 0 13 1 3 26 1 6 14 1 9 17 2 7 38 12 38 1 12 20 1 10 19 1 13 12 1 8 16 1 4 34 2 11 15 4 15 1 14 12 1 2 14
15 2 0 30 6 30 1 4 35 1 2 40 1 10 35 1 6 30 1 14 23 1 8 29 1 13 37 1 7 38 1 3 40 1 9 26 2 12 11 7 11 1 1 40 1 11 36 2 5 17 4 17
15 1 7 40 1 5 18 1 4 12 2 8 23 4 23 1 0 23 2 9 14 12 14 1 13 16 1 12 14 1 10 23 1 3 12 1 6 16 1 14 32 1 1 40 1 11 25 1 2 29
15 1 2 35 1 3 15 1 12 31 1 11 28 1 6 32 1 4 30 1 10 27 1 7 29 1 0 38 1 13 11 2 1 23 5 23 1 14 17 1 5 27 1 9 37 1 8 29
15 1 5 33 1 3 33 1 6 19 1 12 40 1 10 19 2 0 33 4 33 1 13 26 1 2 31 1 11 28 1 7 36 1 4 38 1 1 21 1 14 25 1 9 40 1 8 35
15 1 13 25 2 0 32 9 32 1 11 33 1 12 18 1 4 32 1 6 28 1 5 15 1 3 35 1 9 14 1 2 34 1 7 23 1 10 32 1 1 17 2 14 26 2 26 1 8 19
15 1 2 16 1 12 33 1 9 34 1 11 30 1 13 40 2 8 12 1 12 1 14 26 1 5 26 1 6 15 1 3 21 1 1 40 1 4 32 1 0 14 1 7 30 1 10 35
15 1 2 17 2 10 16 13 16 1 14 20 1 6 24 2 8 26 6 26 1 3 36 1 12 22 2 0 14 10 14 1 13 11 1 9 20 1 7 23 2 1 29 7 29 1 11 23 1 4 15 1 5 40
15 1 4 27 1 9 37 2 3 40 9 40 1 11 14 1 13 25 1 7 30 1 0 34 2 2 11 12 11 1 5 15 1 12 32 1 1 36 1 10 12 1 14 28 1 8 31 1 6 23
15 2 13 25 8 25 1 0 22 1 3 27 1 8 14 1 5 25 1 6 20 1 14 18 1 7 14 1 1 19 1 2 17 1 4 27 2 9 22 13 22 1 12 22 1 11 27 1 10 21
15 1 14 34 1 10 15 1 0 22 1 3 29 1 13 34 1 6 40 1 7 17 1 2 32 1 12 20 1 5 39 1 4 31 1 11 16 1 1 37 3 8 33 2 33 4 33 1 9 13
15 1 6 12 1 12 27 2 4 17 10 17 1 2 24 1 8 11 1 5 19 1 14 11 1 3 17 1 9 25 1 1 11 1 11 31 1 13 33 1 7 31 1 10 12 1 0 22
15 1 5 22 1 14 15 1 0 16 1 8 32 1 7 20 1 4 22 1 9 11 1 13 19 1 1 30 1 12 33 1 6 29 1 11 18 1 3 34 1 10 32 1 2 18
15 1 5 27 1 3 26 2 10 28 12 28 1 6 37 1 4 18 2 12 12 2 12 2 11 11 12 11 1 13 26 2 7 27 8 27 2 9 40 6 40 1 14 19 1 1 24 1 2 18 1 0 12 1 8 34
15 1 8 15 1 5 28 1 9 25 2 6 32 11 32 1 1 13 1 7 38 1 11 11 1 2 34 1 4 25 1 0 20 1 10 32 1 3 23 1 12 14 2 14 16 11 16 1 13 20
15 1 1 15 1 4 13 1 8 37 1 3 14 1 10 22 1 5 24 1 12 26 1 7 22 1 9 34 1 14 22 1 11 19 1 13 32 2 0 29 9 29 2 2 13 1 13 1 6 35
15 1 7 36 1 5 33 1 13 28 1 9 20 1 10 30 1 4 33 2 14 29 3 29 1 0 34 1 3 22 1 11 12 1 6 30 1 8 12 1 1 35 1 2 13 1 12 35
15 1 14 26 1 11 31 1 5 35 1 2 38 1 13 19 1 10 35 1 4 27 2 8 29 1 29 1 3 39 1 9 13 2 6 14 12 14 1 7 26 1 0 17 1 1 22 1 12 15
15 1 1 36 1 7 34 1 11 33 1 8 17 1 14 38 1 6 39 1 5 16 1 3 27 1 13 29 1 2 16 1 0 16 2 4 19 6 19 1 9 40 1 12 35 1 10 39
