15 5
5 1 1 58 1 2 44 1 3 5 1 0 9 2 4 58 2 58
5 1 1 89 1 0 97 1 4 96 1 3 77 1 2 84
5 1 0 77 1 1 87 2 2 81 0 81 1 4 39 1 3 85
5 1 3 57 2 1 21 0 21 1 2 31 1 0 15 1 4 73
5 1 2 48 2 0 40 4 40 1 1 49 1 3 70 1 4 71
5 1 3 34 1 4 82 1 2 80 2 0 10 3 10 1 1 22
5 1 1 91 2 4 75 2 75 1 0 55 1 2 17 1 3 7
5 1 2 62 1 3 47 1 1 72 1 4 35 1 0 11
5 1 0 64 1 3 75 2 4 50 0 50 1 1 90 1 2 94
5 2 2 67 0 67 1 4 20 2 3 15 0 15 2 0 12 2 12 2 1 71 2 71
5 1 0 52 1 4 93 1 3 68 1 2 29 1 1 57
5 1 2 70 1 0 58 1 1 93 1 4 7 1 3 77
5 1 3 27 1 2 82 1 1 63 1 4 6 1 0 95
5 1 1 87 1 2 56 1 4 36 1 0 26 1 3 48
5 2 3 76 2 76 1 2 36 1 0 36 1 4 15 1 1 8
