20 5
5 1 1 23 1 0 82 1 4 84 1 2 45 2 3 38 2 38
5 1 3 50 1 4 41 1 1 29 1 0 18 1 2 21
5 1 4 16 1 3 54 2 1 52 0 52 1 2 38 1 0 52
5 1 1 62 2 3 57 0 57 1 4 37 1 2 74 1 0 54
5 1 3 68 2 1 61 4 61 1 2 30 1 0 81 1 4 57
5 1 1 89 1 2 89 1 3 11 2 0 79 3 79 1 4 81
5 1 1 66 2 0 91 2 91 1 3 33 1 4 20 1 2 20
5 1 3 8 1 4 24 1 2 55 1 0 32 1 1 84
5 1 0 7 1 2 64 2 1 39 0 39 1 4 56 1 3 54
5 2 0 19 2 19 1 4 40 1 3 7 2 2 8 0 8 2 1 83 2 83
5 2 0 63 2 63 1 2 64 1 3 91 1 4 40 1 1 6
5 1 1 42 1 3 61 1 4 15 1 2 98 1 0 74
5 1 1 80 1 0 26 1 3 75 1 4 6 1 2 87
5 1 2 39 1 4 22 1 0 75 1 3 24 1 1 44
5 1 1 15 2 3 79 2 79 1 4 8 1 0 12 1 2 20
5 1 3 26 1 2 43 1 0 80 1 4 22 1 1 61
5 1 2 62 2 1 36 4 36 1 0 63 1 3 96 1 4 40
5 1 1 33 1 3 18 1 0 22 1 4 5 1 2 10
5 1 2 64 1 4 64 2 0 89 4 89 1 1 96 1 3 95
5 1 2 18 1 4 23 1 3 15 1 1 38 1 0 8
