20 5
5 1 3 5 1 4 58 1 2 44 1 0 9 2 1 58 2 58
5 1 1 89 1 4 96 1 0 97 1 2 84 1 3 77
5 1 2 81 1 3 85 2 1 87 0 87 1 4 39 1 0 77
5 1 0 15 2 3 57 0 57 1 4 73 1 1 21 1 2 31
5 1 2 48 2 4 71 2 71 1 3 70 1 0 40 1 1 49
5 1 0 10 1 4 82 2 3 34 4 34 1 2 80 1 1 22
5 2 2 17 1 17 1 0 55 1 1 91 1 4 75 1 3 7
5 1 3 47 1 2 62 1 1 72 1 4 35 1 0 11
5 1 1 90 2 2 94 0 94 1 4 50 1 0 64 2 3 75 2 75
5 1 3 15 1 2 67 2 0 12 3 12 1 4 20 2 1 71 2 71
5 1 4 93 1 2 29 1 0 52 1 1 57 1 3 68
5 1 3 77 1 1 93 1 0 58 1 2 70 1 4 7
5 1 1 63 1 3 27 1 0 95 1 4 6 1 2 82
5 1 4 36 1 0 26 1 3 48 1 2 56 1 1 87
5 2 2 36 4 36 1 1 8 1 4 15 1 3 76 1 0 36
5 1 4 78 1 1 84 1 3 41 1 0 30 2 2 76 4 76
5 1 1 78 1 0 75 1 4 88 1 3 13 1 2 81
5 1 0 54 1 4 40 1 2 13 1 1 82 1 3 29
5 2 1 26 4 26 1 4 82 1 0 52 1 3 6 1 2 6
5 1 3 54 1 1 64 1 0 54 1 2 32 1 4 88
