20 5
5 1 0 6 1 2 40 1 1 81 1 3 37 2 4 19 2 19
5 1 2 40 1 3 32 1 0 55 1 4 81 1 1 9
5 1 1 46 1 4 65 2 2 70 0 70 1 3 55 1 0 77
5 1 2 21 2 4 65 0 65 1 0 64 1 3 25 1 1 15
5 1 2 85 2 0 40 4 40 1 1 44 1 3 24 1 4 37
5 1 0 89 1 4 29 1 1 83 2 3 31 4 31 1 2 84
5 2 4 59 1 59 1 3 38 1 1 80 1 2 30 1 0 8
5 1 0 80 1 2 56 1 1 77 1 4 41 1 3 97
5 1 4 56 2 0 91 2 91 1 3 50 1 2 71 2 1 17 4 17
5 1 1 40 1 0 88 1 4 59 2 2 7 3 7 1 3 80
5 2 0 45 2 45 1 1 29 1 2 8 1 4 77 1 3 58
5 1 2 36 1 0 54 1 3 96 1 1 9 1 4 10
5 1 0 28 1 2 73 1 1 98 1 3 92 1 4 87
5 1 0 70 1 3 86 1 2 27 1 1 99 1 4 96
5 1 1 95 2 0 59 2 59 1 4 56 1 3 85 1 2 41
5 1 1 81 1 2 92 1 4 32 1 0 52 1 3 39
5 1 1 7 2 4 22 2 22 1 2 12 1 0 88 1 3 60
5 1 3 45 1 0 93 1 2 69 1 4 49 1 1 27
5 1 0 21 2 1 84 4 84 1 2 61 1 3 68 1 4 26
5 1 1 82 1 2 33 1 4 71 1 0 99 1 3 44
