10 10
10 1 1 21 1 6 71 1 9 16 1 8 52 2 7 26 9 26 1 2 34 1 0 53 1 4 21 1 3 55 1 5 95
10 1 4 55 1 2 31 2 5 98 8 98 1 9 79 1 0 12 2 7 66 9 66 1 1 42 1 8 77 1 6 77 1 3 39
10 1 3 34 2 2 64 5 64 1 8 62 1 1 19 1 4 92 1 9 79 1 7 43 2 6 54 3 54 1 0 83 1 5 37
10 2 1 87 2 87 1 3 69 1 2 87 1 7 38 1 8 24 1 9 83 1 6 41 1 0 93 1 5 77 1 4 60
10 1 2 98 2 0 44 8 44 1 5 25 2 6 75 4 75 1 7 43 1 1 49 1 4 96 2 9 77 8 77 1 3 17 2 8 79 7 79
10 1 2 35 1 3 76 1 5 28 1 9 10 1 4 61 1 6 9 1 0 95 1 8 35 1 1 7 1 7 95
10 1 3 16 1 2 59 1 0 46 1 1 91 1 9 43 1 8 50 1 6 52 1 5 59 1 4 28 1 7 27
10 2 1 45 2 45 1 0 87 1 3 41 1 4 20 1 6 54 1 9 43 1 8 14 1 5 9 1 2 39 1 7 71
10 2 4 33 7 33 1 2 37 1 8 66 1 5 33 1 3 26 1 7 8 1 1 28 1 6 89 1 9 42 1 0 78
10 2 8 69 9 69 1 9 81 1 2 94 1 4 96 1 3 27 1 0 69 1 7 45 1 6 78 1 1 74 1 5 84
