10 10
10 1 2 44 1 3 5 1 5 58 1 4 97 2 0 9 7 9 1 7 84 1 8 77 1 9 96 1 1 58 1 6 89
10 1 4 15 1 7 31 2 1 87 5 87 1 8 57 1 0 77 1 3 85 2 2 81 5 81 1 5 39 1 9 73 1 6 21
10 1 9 82 2 6 22 9 22 1 4 10 1 3 70 1 1 49 1 0 40 1 8 34 1 2 48 2 7 80 3 80 1 5 71
10 1 1 91 2 2 17 9 17 1 7 62 1 5 75 1 8 47 1 4 11 1 3 7 1 6 72 1 9 35 1 0 55
10 1 6 71 2 1 90 2 90 1 3 75 1 0 64 2 2 94 4 94 1 8 15 1 4 12 1 7 67 2 9 20 8 20 1 5 50
10 2 7 70 2 70 1 5 93 1 8 77 1 2 29 1 4 58 1 6 93 1 3 68 1 1 57 1 9 7 1 0 52
10 1 6 87 1 1 63 1 4 26 1 5 6 1 2 82 1 3 27 1 7 56 1 8 48 1 9 36 1 0 95
10 2 0 36 2 36 1 5 15 1 8 41 1 9 78 1 3 76 1 6 84 1 4 30 1 7 76 1 2 36 1 1 8
10 2 5 88 4 88 1 2 81 1 3 13 1 6 82 1 4 54 1 7 13 1 8 29 1 9 40 1 1 78 1 0 75
10 1 9 88 2 4 54 6 54 1 6 64 1 7 32 1 0 52 1 2 6 1 8 54 1 5 82 1 3 6 1 1 26
