15 10
10 1 8 14 1 4 75 1 3 12 1 2 38 2 0 76 7 76 1 5 97 1 9 12 1 1 29 1 7 44 1 6 66
10 1 5 38 1 3 82 2 2 85 5 85 1 4 58 1 6 87 1 9 89 2 0 43 5 43 1 1 80 1 7 69 1 8 92
10 1 9 5 2 1 84 9 84 1 0 43 1 6 48 1 4 8 1 7 7 1 3 41 1 5 61 2 8 66 3 66 1 2 14
10 1 2 42 2 1 8 2 8 1 0 96 1 5 19 1 4 59 1 7 97 1 9 73 1 8 43 1 3 74 1 6 41
10 1 6 55 1 2 70 2 3 75 0 75 1 8 42 1 4 37 2 7 23 2 23 1 1 48 1 5 5 2 9 38 5 38 2 0 7 7 7
10 2 8 9 7 9 1 2 72 1 7 31 1 0 79 1 5 73 1 3 95 1 4 25 1 6 43 1 9 60 1 1 56
10 1 0 97 1 2 64 1 3 78 1 5 21 1 4 94 1 9 31 1 8 53 1 6 16 1 7 86 1 1 7
10 1 3 86 2 7 85 2 85 1 9 63 1 0 61 1 2 65 1 4 30 1 5 32 1 1 33 1 8 44 1 6 59
10 1 2 44 2 3 16 4 16 1 4 11 1 6 45 1 1 30 1 9 84 1 8 93 1 0 60 1 5 61 1 7 90
10 1 7 36 1 8 31 2 4 47 6 47 1 6 52 1 0 32 1 5 11 1 2 28 1 9 35 1 3 20 1 1 49
10 1 8 20 1 6 49 1 7 74 2 4 10 7 10 1 5 17 1 3 34 1 0 85 1 2 77 1 9 68 1 1 84
10 2 1 85 3 85 1 5 7 1 8 71 1 6 59 1 4 76 1 0 17 1 3 29 1 2 17 1 7 48 1 9 13
10 1 2 15 3 6 87 3 87 8 87 2 7 11 6 11 1 1 39 1 4 39 2 8 43 0 43 1 0 19 1 3 32 1 9 16 2 5 64 7 64
10 1 6 32 1 2 92 1 5 33 1 8 82 1 1 83 2 7 57 9 57 1 9 99 1 4 91 1 3 99 1 0 8
10 2 4 88 2 88 1 7 7 1 8 27 1 1 38 1 3 91 1 2 69 1 6 21 1 9 62 2 5 39 8 39 1 0 48
