20 10
10 1 3 60 1 4 48 1 5 95 1 0 87 2 1 72 7 72 1 9 5 1 8 35 1 7 39 1 6 54 1 2 66
10 1 7 37 1 6 34 2 0 97 5 97 1 5 55 1 2 21 1 3 20 2 4 59 5 59 1 9 46 1 8 19 1 1 46
10 1 4 45 2 2 73 9 73 1 1 24 1 8 28 1 0 28 1 3 25 1 5 23 1 7 83 2 9 5 3 5 1 6 78
10 1 0 53 2 2 12 9 12 1 9 12 1 1 37 1 8 33 1 3 71 1 6 55 1 5 29 1 7 87 1 4 38
10 1 4 90 2 2 49 0 49 1 9 27 1 7 65 2 5 7 2 7 1 6 23 1 0 48 2 3 83 5 83 2 8 17 7 17 2 1 40 7 40
10 1 3 85 1 4 25 1 2 84 1 6 64 1 9 13 1 1 66 1 7 46 1 8 59 1 0 62 1 5 19
10 1 5 88 1 6 67 1 4 14 1 0 41 1 1 73 1 7 57 1 2 53 1 3 80 1 9 47 1 8 74
10 2 1 78 2 78 1 5 64 1 4 63 1 6 46 1 3 84 1 0 84 1 8 28 1 9 52 1 7 26 1 2 41
10 2 1 11 4 11 1 0 64 1 6 97 1 9 38 1 2 17 1 4 85 1 5 73 1 3 10 1 8 95 1 7 67
10 1 3 93 2 2 95 4 95 1 7 43 1 1 65 1 8 32 1 0 59 1 6 85 1 5 46 1 9 85 1 4 60
10 1 2 61 1 3 41 1 5 49 2 4 23 7 23 1 0 66 1 7 49 1 8 70 1 9 99 1 1 90 2 6 17 8 17
10 1 4 13 1 7 7 1 1 98 1 8 57 1 0 73 1 3 73 1 2 68 1 5 40 1 9 98 1 6 9
10 1 9 86 3 6 76 3 76 8 76 2 4 14 6 14 1 3 41 1 1 85 2 0 37 4 37 1 8 19 1 2 17 2 7 54 1 54 1 5 79
10 1 1 40 1 2 53 1 7 97 1 5 87 1 8 96 2 4 84 0 84 1 3 16 1 6 66 1 9 52 2 0 95 9 95
10 1 6 33 1 1 33 1 3 87 1 0 18 1 2 55 1 8 13 1 4 77 2 7 60 3 60 1 9 42 1 5 74
10 1 7 92 1 5 91 1 8 79 1 2 54 1 4 69 1 6 79 1 3 33 1 1 61 2 9 39 1 39 1 0 16
10 1 6 82 1 1 41 1 4 28 1 5 64 1 2 78 1 3 76 1 7 6 1 8 49 1 9 47 1 0 58
10 1 0 52 1 5 42 1 8 24 1 9 91 1 3 47 2 6 88 3 88 1 4 91 1 7 52 1 2 28 1 1 35
10 2 5 82 4 82 1 2 76 1 3 86 1 6 93 1 4 84 1 7 38 1 8 95 1 9 37 1 1 21 1 0 23
10 1 9 77 1 4 8 1 6 42 1 7 64 1 0 70 1 2 45 1 8 45 1 5 28 1 3 67 1 1 86
