30 10
10 1 2 38 1 4 75 1 9 12 1 5 97 2 0 76 7 76 1 1 29 1 8 14 1 6 66 1 7 44 1 3 12
10 1 0 43 1 5 38 2 1 80 5 80 1 3 82 1 2 85 1 4 58 2 6 87 5 87 1 8 92 1 9 89 1 7 69
10 1 6 48 2 4 8 9 8 1 8 66 1 7 7 1 2 14 1 3 41 1 5 61 1 0 43 2 1 84 3 84 1 9 5
10 1 5 19 2 3 74 2 74 1 6 41 1 4 59 1 8 43 1 2 42 1 9 73 1 7 97 1 1 8 1 0 96
10 1 3 75 1 5 5 2 2 70 0 70 1 8 42 1 7 23 2 6 55 2 55 1 1 48 1 9 38 2 4 37 5 37 2 0 7 7 7
10 2 2 72 7 72 1 7 31 1 3 95 1 0 79 1 4 25 1 1 56 1 8 9 1 9 60 1 5 73 1 6 43
10 1 9 31 1 3 78 1 6 16 1 4 94 1 7 86 1 5 21 1 0 97 1 8 53 1 1 7 1 2 64
10 1 3 86 2 2 65 9 65 1 6 59 1 8 44 1 1 33 1 7 85 1 0 61 1 5 32 1 9 63 1 4 30
10 2 4 11 9 11 1 5 61 1 9 84 1 3 16 1 7 90 1 1 30 1 0 60 1 8 93 1 2 44 1 6 45
10 1 5 11 2 2 28 9 28 1 0 32 1 7 36 1 8 31 1 4 47 1 3 20 1 6 52 1 9 35 1 1 49
10 1 5 17 1 3 34 1 6 49 2 1 84 7 84 1 0 85 1 8 20 1 7 74 1 9 68 1 4 10 1 2 77
10 2 8 71 1 71 1 5 7 1 3 29 1 1 85 1 4 76 1 6 59 1 2 17 1 0 17 1 9 13 1 7 48
10 1 1 39 2 9 16 8 16 1 4 39 1 6 87 2 7 11 6 11 1 3 32 1 2 15 2 0 19 4 19 1 5 64 1 8 43
10 2 5 33 1 33 1 8 82 1 2 92 1 1 83 1 6 32 1 3 99 1 9 99 2 4 91 0 91 1 0 8 1 7 57
10 1 7 7 2 0 48 9 48 1 9 62 1 4 88 1 6 21 1 5 39 1 8 27 1 3 91 1 1 38 2 2 69 3 69
10 1 9 64 1 8 45 1 3 24 1 7 80 1 2 67 1 4 18 1 6 38 1 0 88 1 5 80 1 1 44
10 2 2 15 1 15 1 3 72 1 4 40 1 7 21 1 8 52 1 0 51 1 9 59 1 1 24 1 6 47 1 5 43
10 1 4 77 1 7 43 1 1 40 1 2 31 1 8 76 1 6 20 1 5 88 2 3 70 7 70 1 9 5 1 0 32
10 1 2 14 2 7 58 5 58 1 9 85 1 5 64 1 1 26 1 6 94 1 0 32 1 3 49 1 8 80 1 4 47
10 1 9 23 1 1 11 1 8 34 1 4 75 1 7 79 1 3 26 1 2 96 1 0 5 1 6 9 1 5 59
10 1 0 75 1 2 20 1 8 10 1 3 66 1 6 43 1 7 37 1 1 9 1 9 83 1 4 68 1 5 52
10 1 8 54 2 1 26 7 26 1 4 79 1 7 88 2 6 84 7 84 2 0 6 7 6 1 2 54 2 9 59 8 59 2 3 28 6 28 1 5 42
10 1 4 56 1 9 29 1 3 36 1 0 40 1 6 86 1 8 68 1 2 69 2 7 23 1 23 1 5 62 1 1 16
10 1 7 53 1 1 5 1 6 17 1 9 59 1 2 59 1 8 78 1 3 64 2 0 82 1 82 1 4 13 1 5 12
10 1 9 7 1 6 62 1 7 90 1 5 83 1 1 85 1 3 69 1 0 16 1 4 81 1 2 58 1 8 66
10 1 7 24 2 2 65 9 65 2 1 69 6 69 1 5 42 1 9 82 1 6 82 1 0 83 1 3 46 1 8 72 1 4 33
10 2 1 10 3 10 1 8 27 1 7 43 1 5 20 1 4 71 1 9 65 1 2 73 1 6 99 1 0 24 1 3 64
10 1 9 35 1 3 92 1 0 38 1 5 35 1 7 30 1 8 45 2 2 8 1 8 1 4 82 1 1 34 2 6 21 7 21
10 1 5 23 1 7 84 1 9 7 1 4 85 1 8 60 1 1 15 1 2 52 1 6 94 1 3 83 1 0 6
10 1 2 70 1 6 29 1 8 27 1 9 80 1 4 6 2 7 39 6 39 1 1 79 1 0 28 1 3 66 1 5 66
