15 15
15 1 4 21 1 3 55 1 6 71 1 14 98 2 10 12 12 12 1 2 34 1 9 16 1 1 21 1 0 53 1 7 26 1 8 52 1 5 95 2 12 31 5 31 1 11 42 1 13 39
15 1 11 54 2 4 83 5 83 1 1 77 1 7 64 1 8 34 1 14 79 2 12 43 9 43 1 0 55 1 3 77 1 6 19 1 9 37 1 5 79 1 10 92 2 13 62 3 62 1 2 66
15 1 9 83 2 5 77 2 77 1 2 87 1 7 38 1 4 60 1 12 98 1 0 93 1 13 17 1 6 41 1 10 44 1 3 69 1 11 49 2 8 24 10 24 1 1 87 1 14 25
15 2 5 77 2 77 1 0 96 1 9 28 2 6 7 0 7 2 4 95 7 95 2 13 35 12 35 1 7 35 1 8 76 1 11 9 1 12 95 1 2 43 1 1 75 1 10 61 1 14 10 1 3 79
15 1 10 87 1 4 28 1 8 50 1 2 59 1 0 46 1 11 45 1 14 9 1 9 43 1 6 52 1 7 27 1 1 91 2 13 41 2 41 1 3 16 1 5 59 1 12 39
15 1 0 20 1 2 71 1 4 78 1 13 66 1 3 14 1 12 8 2 14 42 9 42 1 6 28 1 1 54 1 9 33 1 11 89 1 8 26 1 7 37 1 10 33 1 5 43
15 1 8 69 1 4 96 2 12 17 9 17 1 0 69 1 7 45 1 11 31 1 6 78 1 10 20 1 3 27 1 13 87 1 1 74 1 5 84 1 14 76 1 2 94 2 9 81 7 81
15 1 4 58 1 13 90 1 11 76 1 3 81 1 7 23 2 9 28 8 28 1 1 18 1 2 32 1 12 86 1 8 99 1 14 97 1 0 24 1 10 45 1 6 72 1 5 25
15 1 5 27 1 1 46 3 6 67 8 67 3 67 1 8 27 2 13 19 6 19 1 10 80 1 2 17 2 3 48 10 48 1 7 62 1 11 12 1 14 28 2 4 98 7 98 1 0 42 1 9 48 1 12 50
15 1 11 37 1 5 80 2 4 75 9 75 1 8 55 1 7 50 1 0 94 1 9 14 2 6 41 12 41 1 14 72 1 3 50 1 10 61 1 13 79 1 2 98 1 12 18 1 1 63
15 2 7 65 8 65 1 3 96 1 0 47 1 4 75 1 12 69 1 14 58 1 10 33 1 1 71 1 9 22 1 13 32 1 5 57 2 8 79 13 79 1 2 14 1 11 31 1 6 60
15 1 1 34 1 2 47 1 3 58 1 5 51 1 4 62 1 6 44 1 9 8 1 7 17 1 10 97 1 8 29 1 11 15 1 13 66 1 12 40 3 0 44 2 44 4 44 1 14 38
15 1 3 50 1 7 57 2 13 61 10 61 1 5 20 1 11 85 1 12 90 1 2 58 1 4 63 1 10 84 1 1 39 1 9 87 1 6 21 1 14 56 1 8 32 1 0 57
15 1 9 84 1 7 45 1 5 15 1 14 41 1 10 18 1 4 82 1 11 29 1 2 70 1 1 67 1 3 30 1 13 50 1 6 23 1 0 20 1 12 21 1 8 38
15 1 9 37 1 10 81 2 11 61 12 61 1 14 57 1 8 57 2 0 52 2 52 2 7 74 12 74 1 6 62 2 12 30 8 30 2 1 52 6 52 1 2 38 1 13 68 1 4 54 1 3 54 1 5 16
