10 10
10 1 9 66 1 8 13 1 0 93 1 7 91 2 6 14 7 14 1 5 70 1 3 99 1 2 53 1 4 86 1 1 16
10 1 8 34 1 9 99 2 0 62 5 62 1 7 65 1 5 62 1 4 64 2 6 21 5 21 1 2 12 1 3 9 1 1 75
10 1 9 12 2 8 26 9 26 1 7 64 1 6 92 1 4 67 1 5 28 1 3 66 1 2 83 2 1 38 3 38 1 0 58
10 1 0 77 2 1 73 2 73 1 3 82 1 2 75 1 6 84 1 4 19 1 5 18 1 7 89 1 8 8 1 9 73
10 1 0 34 1 1 74 2 7 48 0 48 1 5 44 1 4 92 2 6 40 2 40 1 3 60 1 2 62 2 8 22 5 22 2 9 67 7 67
10 2 9 8 7 8 1 8 85 1 3 58 1 7 97 1 5 92 1 4 89 1 6 75 1 2 77 1 1 95 1 0 5
10 1 8 52 1 9 43 1 6 5 1 7 78 1 5 12 1 3 62 1 4 21 1 2 80 1 1 60 1 0 31
10 1 9 81 2 8 23 2 23 1 7 23 1 6 75 1 4 78 1 5 56 1 3 51 1 2 39 1 1 53 1 0 96
10 1 9 79 2 8 55 4 55 1 2 88 1 4 21 1 5 83 1 3 93 1 6 47 1 7 10 1 0 63 1 1 14
10 1 0 43 1 1 63 2 2 83 4 83 1 3 29 1 4 52 1 5 98 1 6 54 1 7 39 1 8 33 1 9 23
