10 10
10 1 0 36 1 1 96 1 2 86 1 3 7 2 4 20 7 20 1 5 9 1 6 39 1 7 79 1 8 82 1 9 24
10 1 0 16 1 8 95 2 3 67 5 67 1 5 63 1 2 87 1 1 24 2 9 62 5 62 1 6 49 1 7 92 1 4 16
10 1 0 65 2 6 71 9 71 1 1 9 1 3 67 1 8 70 1 2 48 1 5 49 1 4 66 2 7 5 3 5 1 9 96
10 1 0 50 2 1 31 2 31 1 4 6 1 8 13 1 5 98 1 7 97 1 6 93 1 9 30 1 3 34 1 2 83
10 1 0 99 1 5 7 2 9 55 0 55 1 8 78 1 7 68 2 4 81 2 81 1 3 90 1 2 75 2 1 66 5 66 2 6 40 7 40
10 2 1 42 7 42 1 5 11 1 0 5 1 9 39 1 2 10 1 8 30 1 3 39 1 6 50 1 7 20 1 4 51
10 1 0 38 1 3 68 1 8 86 1 7 77 1 9 32 1 2 89 1 4 37 1 6 53 1 1 43 1 5 89
10 1 0 19 2 9 11 2 11 1 4 37 1 1 41 1 5 72 1 7 7 1 2 52 1 6 31 1 3 68 1 8 10
10 1 0 83 2 1 21 4 21 1 9 23 1 7 87 1 8 58 1 6 89 1 4 74 1 5 29 1 2 74 1 3 23
10 1 0 44 1 2 57 2 4 69 6 69 1 9 50 1 1 65 1 5 69 1 8 60 1 3 58 1 6 89 1 7 13
