10 10
10 5 1 88 2 88 4 88 8 88 9 88 4 2 68 4 68 7 68 8 68 4 4 94 5 94 6 94 9 94 6 2 99 3 99 5 99 7 99 8 99 9 99 3 1 67 5 67 8 67 5 0 89 1 89 2 89 8 89 9 89 2 5 77 9 77 5 1 99 4 99 5 99 6 99 7 99 5 0 86 2 86 3 86 6 86 9 86 6 2 92 3 92 4 92 5 92 7 92 8 92
10 7 0 72 1 72 4 72 5 72 6 72 8 72 9 72 4 0 50 3 50 6 50 8 50 3 1 69 2 69 6 69 5 2 75 4 75 7 75 8 75 9 75 4 1 94 2 94 3 94 9 94 5 1 66 2 66 6 66 8 66 9 66 6 0 92 1 92 2 92 5 92 6 92 8 92 2 1 82 9 82 4 2 94 3 94 5 94 7 94 9 0 63 1 63 2 63 3 63 4 63 5 63 6 63 8 63 9 63
10 8 0 83 1 83 2 83 3 83 4 83 5 83 8 83 9 83 6 1 61 2 61 3 61 4 61 6 61 8 61 6 0 83 1 83 2 83 4 83 6 83 8 83 3 1 65 6 65 9 65 5 1 64 2 64 4 64 6 64 8 64 5 1 85 4 85 5 85 8 85 9 85 5 0 78 3 78 6 78 7 78 8 78 4 0 85 2 85 4 85 6 85 7 0 55 1 55 2 55 3 55 4 55 6 55 8 55 4 1 77 3 77 6 77 9 77
10 4 1 94 2 94 5 94 7 94 7 1 68 2 68 4 68 5 68 6 68 8 68 9 68 1 1 61 7 0 99 1 99 2 99 4 99 5 99 8 99 9 99 2 2 54 3 54 4 0 75 3 75 6 75 9 75 4 3 66 4 66 5 66 6 66 3 0 76 5 76 6 76 4 1 63 4 63 8 63 9 63 5 1 67 2 67 6 67 8 67 9 67
10 3 0 69 3 69 9 69 7 2 88 3 88 4 88 5 88 7 88 8 88 9 88 5 1 82 5 82 7 82 8 82 9 82 7 0 95 1 95 2 95 3 95 6 95 8 95 9 95 3 0 99 3 99 4 99 6 0 67 1 67 2 67 4 67 5 67 8 67 5 0 95 2 95 3 95 6 95 7 95 4 1 68 3 68 4 68 5 68 4 1 67 5 67 7 67 9 67 5 1 86 4 86 7 86 8 86 9 86
10 3 0 99 1 99 7 99 3 0 81 1 81 4 81 6 1 64 3 64 4 64 5 64 6 64 7 64 5 3 66 5 66 6 66 7 66 9 66 5 0 80 3 80 5 80 6 80 8 80 5 1 80 2 80 5 80 6 80 7 80 3 6 69 7 69 9 69 3 0 62 6 62 9 62 4 3 79 5 79 6 79 7 79 5 0 88 2 88 3 88 6 88 8 88
10 5 3 50 5 50 6 50 7 50 9 50 5 1 86 2 86 3 86 5 86 9 86 5 1 97 3 97 4 97 7 97 8 97 2 3 96 5 96 4 0 95 3 95 6 95 7 95 5 2 97 5 97 6 97 7 97 8 97 3 0 66 1 66 2 66 8 1 99 2 99 3 99 4 99 5 99 6 99 8 99 9 99 5 0 52 1 52 5 52 6 52 7 52 6 0 71 2 71 5 71 6 71 8 71 9 71
10 6 0 98 3 98 4 98 5 98 6 98 7 98 5 0 73 4 73 6 73 8 73 9 73 5 1 82 3 82 6 82 8 82 9 82 3 2 51 4 51 6 51 5 0 71 1 71 3 71 6 71 7 71 7 0 94 1 94 2 94 3 94 5 94 6 94 7 94 6 2 85 4 85 5 85 6 85 7 85 9 85 4 0 62 1 62 3 62 4 62 5 0 95 1 95 3 95 6 95 8 95 6 2 79 4 79 6 79 7 79 8 79 9 79
10 5 0 94 4 94 5 94 6 94 7 94 4 1 71 3 71 6 71 7 71 6 1 81 3 81 4 81 7 81 8 81 9 81 6 0 85 1 85 2 85 3 85 5 85 7 85 4 1 66 4 66 6 66 7 66 5 0 90 1 90 2 90 4 90 6 90 4 1 76 4 76 6 76 7 76 4 4 58 5 58 7 58 9 58 3 1 93 2 93 8 93 5 0 97 5 97 6 97 8 97 9 97
10 3 3 50 7 50 8 50 3 0 59 6 59 7 59 6 1 82 2 82 3 82 5 82 6 82 8 82 2 0 67 8 67 4 1 56 4 56 7 56 9 56 5 1 96 3 96 5 96 8 96 9 96 7 1 58 3 58 4 58 6 58 7 58 8 58 9 58 4 1 81 4 81 6 81 8 81 3 1 59 2 59 5 59 5 1 96 2 96 5 96 7 96 8 96
