10 10
10 6 0 62 1 62 3 62 4 62 7 62 8 62 7 1 24 2 24 3 24 4 24 5 24 8 24 9 24 6 0 25 3 25 4 25 5 25 8 25 9 25 3 0 84 1 84 3 84 6 1 47 2 47 4 47 5 47 6 47 9 47 4 1 38 4 38 6 38 7 38 4 2 82 3 82 5 82 6 82 3 0 93 3 93 8 93 6 0 24 1 24 3 24 5 24 8 24 9 24 5 1 66 3 66 4 66 6 66 9 66
10 4 0 47 3 47 5 47 7 47 4 2 97 5 97 8 97 9 97 4 1 92 2 92 4 92 8 92 5 0 22 2 22 7 22 8 22 9 22 4 0 93 1 93 3 93 7 93 4 4 29 5 29 7 29 9 29 3 1 56 4 56 7 56 6 0 80 1 80 3 80 5 80 7 80 9 80 7 0 78 1 78 4 78 6 78 7 78 8 78 9 78 4 1 67 2 67 4 67 6 67
10 4 1 45 2 45 3 45 6 45 5 0 46 2 46 5 46 6 46 7 46 4 1 22 3 22 6 22 9 22 2 1 26 2 26 5 1 38 2 38 4 38 7 38 9 38 5 0 69 4 69 5 69 6 69 9 69 3 0 40 4 40 7 40 4 3 33 5 33 6 33 9 33 4 0 75 1 75 7 75 8 75 3 0 96 5 96 7 96
10 4 4 85 5 85 7 85 9 85 4 0 76 3 76 6 76 8 76 5 0 68 3 68 5 68 7 68 9 68 2 0 88 9 88 6 0 36 1 36 3 36 4 36 5 36 9 36 4 2 75 6 75 7 75 9 75 6 1 56 2 56 6 56 7 56 8 56 9 56 3 1 35 8 35 9 35 2 0 77 5 77 3 1 85 6 85 7 85
10 3 5 60 8 60 9 60 5 2 20 3 20 6 20 7 20 9 20 3 2 25 4 25 7 25 8 0 63 1 63 2 63 3 63 4 63 6 63 7 63 9 63 3 1 81 3 81 4 81 3 0 52 4 52 5 52 7 0 30 1 30 2 30 4 30 5 30 7 30 8 30 7 1 98 2 98 3 98 4 98 5 98 6 98 8 98 1 6 54 3 2 86 4 86 5 86
10 3 3 87 6 87 9 87 2 2 73 9 73 4 1 51 4 51 5 51 9 51 4 1 95 2 95 3 95 4 95 1 4 65 8 0 86 1 86 2 86 3 86 4 86 5 86 6 86 9 86 7 0 22 1 22 4 22 6 22 7 22 8 22 9 22 7 0 58 1 58 2 58 4 58 5 58 6 58 8 58 6 0 80 2 80 3 80 5 80 7 80 8 80 4 0 65 1 65 2 65 7 65
10 3 2 81 5 81 6 81 4 0 53 2 53 7 53 8 53 7 0 57 1 57 2 57 5 57 6 57 7 57 9 57 3 4 71 5 71 6 71 5 0 81 3 81 5 81 6 81 9 81 2 0 43 6 43 3 1 26 2 26 4 26 4 2 54 3 54 8 54 9 54 3 0 58 2 58 3 58 3 1 69 3 69 8 69
10 4 1 20 3 20 4 20 7 20 5 1 86 4 86 6 86 7 86 8 86 7 1 21 2 21 3 21 4 21 5 21 6 21 7 21 3 6 79 8 79 9 79 4 1 62 6 62 8 62 9 62 5 0 34 2 34 4 34 6 34 8 34 5 0 27 3 27 4 27 8 27 9 27 6 0 81 1 81 6 81 7 81 8 81 9 81 4 2 30 4 30 7 30 8 30 6 0 46 1 46 3 46 4 46 5 46 9 46
10 4 0 68 5 68 7 68 9 68 4 2 66 4 66 6 66 8 66 5 3 98 5 98 6 98 8 98 9 98 5 1 86 3 86 5 86 7 86 8 86 3 0 66 2 66 7 66 5 0 56 1 56 6 56 7 56 9 56 6 2 82 3 82 4 82 5 82 8 82 9 82 3 1 95 3 95 9 95 4 3 47 4 47 5 47 6 47 5 1 78 2 78 3 78 6 78 7 78
10 3 0 30 6 30 9 30 4 1 50 3 50 7 50 9 50 2 0 34 7 34 4 0 58 2 58 4 58 7 58 2 1 77 9 77 4 1 34 5 34 6 34 9 34 6 0 84 1 84 3 84 4 84 6 84 8 84 5 0 40 1 40 3 40 4 40 6 40 4 1 46 2 46 3 46 9 46 3 0 44 5 44 6 44
