20 15
15 10 0 24 1 24 2 24 3 24 4 24 8 24 11 24 12 24 13 24 14 24 8 0 12 3 12 4 12 5 12 8 12 9 12 13 12 14 12 5 0 17 1 17 9 17 11 17 12 17 6 0 27 1 27 4 27 6 27 9 27 12 27 6 0 21 2 21 3 21 5 21 6 21 13 21 6 3 25 5 25 6 25 8 25 10 25 13 25 8 1 27 3 27 4 27 6 27 8 27 9 27 10 27 13 27 5 2 26 7 26 10 26 13 26 14 26 6 1 30 2 30 4 30 8 30 10 30 12 30 6 2 31 3 31 4 31 5 31 8 31 12 31 6 4 18 5 18 7 18 9 18 11 18 14 18 5 5 16 6 16 10 16 12 16 14 16 10 1 39 4 39 6 39 7 39 8 39 9 39 11 39 12 39 13 39 14 39 4 7 19 8 19 10 19 11 19 7 0 26 2 26 5 26 6 26 11 26 12 26 13 26
15 3 4 30 6 30 7 30 7 1 15 2 15 3 15 4 15 7 15 9 15 14 15 5 0 20 1 20 4 20 5 20 12 20 6 3 19 5 19 6 19 9 19 10 19 11 19 5 1 24 2 24 5 24 10 24 12 24 5 5 15 7 15 9 15 10 15 13 15 6 1 28 5 28 8 28 10 28 12 28 14 28 6 0 36 2 36 10 36 11 36 13 36 14 36 7 0 26 4 26 5 26 7 26 11 26 12 26 14 26 5 1 15 6 15 7 15 8 15 9 15 4 0 11 3 11 4 11 10 11 4 1 23 6 23 7 23 8 23 7 0 20 4 20 7 20 8 20 11 20 12 20 14 20 7 2 26 4 26 9 26 10 26 11 26 12 26 14 26 6 1 28 2 28 4 28 6 28 8 28 9 28
15 7 4 35 5 35 6 35 10 35 11 35 12 35 14 35 10 0 22 2 22 3 22 6 22 7 22 8 22 9 22 10 22 11 22 13 22 3 6 23 13 23 14 23 4 0 32 7 32 11 32 14 32 4 2 20 9 20 11 20 14 20 7 0 12 3 12 4 12 6 12 7 12 8 12 9 12 6 4 19 10 19 11 19 12 19 13 19 14 19 10 0 23 1 23 4 23 5 23 6 23 9 23 10 23 12 23 13 23 14 23 10 0 17 1 17 2 17 4 17 5 17 6 17 8 17 9 17 12 17 13 17 7 0 14 1 14 2 14 3 14 5 14 6 14 7 14 5 2 16 5 16 6 16 10 16 12 16 8 2 29 3 29 5 29 6 29 7 29 10 29 11 29 14 29 5 4 16 5 16 8 16 10 16 13 16 4 0 22 1 22 4 22 11 22 5 1 22 2 22 12 22 13 22 14 22
15 6 3 20 4 20 5 20 7 20 8 20 9 20 5 3 29 6 29 8 29 11 29 13 29 6 1 19 2 19 6 19 9 19 12 19 13 19 6 1 14 2 14 3 14 4 14 6 14 7 14 6 1 33 4 33 6 33 11 33 12 33 13 33 7 0 30 4 30 6 30 8 30 10 30 13 30 14 30 9 0 32 3 32 4 32 5 32 6 32 11 32 12 32 13 32 14 32 8 2 21 4 21 5 21 8 21 10 21 11 21 13 21 14 21 6 0 29 4 29 5 29 10 29 11 29 12 29 6 2 24 4 24 6 24 8 24 10 24 13 24 10 0 25 1 25 3 25 4 25 6 25 8 25 10 25 12 25 13 25 14 25 4 0 29 2 29 7 29 11 29 10 1 13 2 13 3 13 4 13 7 13 8 13 9 13 10 13 13 13 14 13 4 3 20 8 20 9 20 13 20 7 0 18 1 18 6 18 8 18 11 18 12 18 13 18
15 3 6 23 9 23 11 23 5 2 20 4 20 5 20 12 20 13 20 6 0 28 1 28 2 28 4 28 7 28 11 28 4 4 32 6 32 11 32 14 32 10 0 16 1 16 3 16 4 16 6 16 7 16 10 16 11 16 13 16 14 16 5 1 18 5 18 6 18 7 18 8 18 7 0 24 5 24 6 24 8 24 12 24 13 24 14 24 7 0 23 4 23 6 23 7 23 9 23 12 23 14 23 6 0 24 3 24 6 24 7 24 11 24 12 24 6 1 34 6 34 7 34 9 34 10 34 13 34 3 0 24 2 24 3 24 3 0 24 1 24 4 24 7 0 28 1 28 5 28 6 28 8 28 12 28 14 28 8 2 15 4 15 6 15 8 15 10 15 11 15 12 15 14 15 5 0 18 4 18 5 18 11 18 13 18
15 4 1 24 6 24 8 24 13 24 3 0 19 9 19 11 19 6 1 21 4 21 5 21 7 21 8 21 14 21 9 0 33 1 33 5 33 7 33 9 33 11 33 12 33 13 33 14 33 4 2 34 3 34 7 34 10 34 4 0 35 6 35 9 35 13 35 8 3 40 4 40 5 40 7 40 8 40 10 40 11 40 13 40 9 1 36 2 36 4 36 5 36 6 36 10 36 11 36 13 36 14 36 8 0 23 1 23 2 23 3 23 4 23 5 23 7 23 12 23 8 0 26 1 26 2 26 4 26 7 26 10 26 12 26 14 26 11 0 15 1 15 2 15 3 15 4 15 7 15 8 15 10 15 11 15 12 15 13 15 5 0 28 2 28 3 28 4 28 9 28 8 1 38 3 38 8 38 9 38 10 38 11 38 12 38 13 38 9 0 13 6 13 8 13 9 13 10 13 11 13 12 13 13 13 14 13 6 0 25 3 25 4 25 6 25 7 25 8 25
15 6 1 27 3 27 7 27 8 27 9 27 13 27 6 1 30 3 30 5 30 7 30 8 30 9 30 6 0 21 1 21 6 21 8 21 10 21 14 21 8 2 19 3 19 4 19 5 19 6 19 8 19 11 19 13 19 5 0 12 2 12 7 12 10 12 12 12 9 1 27 2 27 3 27 4 27 5 27 6 27 8 27 11 27 13 27 7 1 39 2 39 4 39 5 39 6 39 7 39 13 39 9 0 13 1 13 4 13 8 13 9 13 10 13 12 13 13 13 14 13 5 4 12 6 12 7 12 8 12 14 12 8 0 36 2 36 3 36 5 36 7 36 8 36 9 36 12 36 7 3 21 6 21 8 21 9 21 10 21 11 21 12 21 6 0 17 6 17 8 17 11 17 12 17 13 17 7 0 29 1 29 2 29 5 29 9 29 12 29 13 29 7 0 17 3 17 4 17 6 17 9 17 10 17 13 17 5 1 33 3 33 4 33 6 33 7 33
15 8 1 27 2 27 3 27 5 27 8 27 10 27 11 27 13 27 8 0 19 2 19 4 19 5 19 6 19 7 19 11 19 14 19 5 0 29 6 29 8 29 9 29 14 29 5 0 20 8 20 9 20 12 20 13 20 6 2 21 3 21 4 21 5 21 12 21 14 21 11 0 40 1 40 2 40 3 40 6 40 7 40 9 40 10 40 11 40 12 40 13 40 8 0 14 1 14 2 14 3 14 8 14 10 14 12 14 13 14 5 6 39 9 39 10 39 12 39 14 39 9 0 39 3 39 4 39 7 39 8 39 9 39 12 39 13 39 14 39 4 2 27 9 27 10 27 14 27 8 1 36 2 36 4 36 6 36 7 36 11 36 12 36 14 36 7 0 12 3 12 4 12 7 12 10 12 12 12 14 12 5 4 37 5 37 6 37 9 37 11 37 6 1 22 4 22 5 22 6 22 7 22 10 22 5 0 13 3 13 5 13 10 13 12 13
15 8 0 32 3 32 4 32 5 32 9 32 11 32 13 32 14 32 2 4 29 11 29 6 1 24 7 24 8 24 10 24 12 24 13 24 11 0 27 3 27 4 27 6 27 7 27 8 27 9 27 11 27 12 27 13 27 14 27 9 0 40 4 40 5 40 7 40 8 40 9 40 10 40 13 40 14 40 5 3 21 4 21 9 21 13 21 14 21 4 1 26 8 26 9 26 11 26 6 0 27 1 27 2 27 3 27 10 27 12 27 6 1 27 3 27 4 27 7 27 9 27 14 27 8 1 16 2 16 3 16 4 16 6 16 7 16 9 16 13 16 3 2 21 8 21 10 21 6 4 13 5 13 8 13 10 13 11 13 14 13 8 0 28 2 28 3 28 4 28 5 28 7 28 10 28 13 28 4 9 28 10 28 11 28 12 28 10 0 32 1 32 3 32 4 32 7 32 9 32 10 32 11 32 13 32 14 32
15 7 2 35 7 35 8 35 9 35 12 35 13 35 14 35 6 1 11 2 11 3 11 6 11 8 11 9 11 10 3 39 4 39 5 39 6 39 7 39 8 39 9 39 11 39 13 39 14 39 6 0 18 1 18 6 18 10 18 12 18 14 18 9 0 23 5 23 7 23 8 23 9 23 10 23 11 23 12 23 13 23 3 0 34 4 34 12 34 6 0 24 1 24 3 24 8 24 9 24 13 24 5 6 11 9 11 10 11 12 11 13 11 8 0 30 4 30 6 30 7 30 8 30 11 30 12 30 13 30 7 0 31 1 31 2 31 3 31 7 31 8 31 11 31 7 1 15 2 15 4 15 7 15 9 15 13 15 14 15 9 0 15 2 15 3 15 5 15 6 15 8 15 9 15 10 15 13 15 9 1 28 2 28 4 28 5 28 6 28 8 28 9 28 10 28 14 28 6 0 26 4 26 5 26 7 26 9 26 13 26 5 5 33 6 33 7 33 9 33 11 33
15 5 4 28 5 28 7 28 10 28 11 28 5 0 37 3 37 5 37 8 37 10 37 3 2 29 10 29 12 29 6 0 31 1 31 4 31 6 31 9 31 12 31 10 1 25 2 25 3 25 4 25 5 25 6 25 7 25 8 25 13 25 14 25 6 2 13 6 13 8 13 9 13 10 13 11 13 6 2 14 5 14 6 14 8 14 12 14 14 14 6 0 20 4 20 6 20 9 20 12 20 14 20 7 3 27 4 27 9 27 10 27 11 27 13 27 14 27 8 3 25 5 25 8 25 9 25 11 25 12 25 13 25 14 25 4 1 31 4 31 13 31 14 31 8 1 14 5 14 6 14 9 14 10 14 11 14 12 14 14 14 6 2 25 3 25 6 25 7 25 8 25 14 25 5 2 39 5 39 8 39 13 39 14 39 6 0 36 5 36 7 36 9 36 11 36 14 36
15 7 0 22 1 22 3 22 5 22 6 22 7 22 10 22 4 0 25 6 25 11 25 12 25 10 0 28 1 28 3 28 4 28 5 28 6 28 9 28 10 28 11 28 13 28 8 1 35 4 35 5 35 6 35 9 35 12 35 13 35 14 35 9 1 31 2 31 4 31 6 31 7 31 8 31 10 31 12 31 13 31 8 0 21 2 21 5 21 6 21 8 21 10 21 12 21 13 21 6 2 20 3 20 6 20 9 20 11 20 12 20 7 5 19 6 19 7 19 8 19 9 19 11 19 14 19 8 0 29 1 29 2 29 3 29 10 29 11 29 13 29 14 29 9 2 32 3 32 5 32 6 32 7 32 8 32 9 32 10 32 11 32 6 1 18 2 18 3 18 6 18 10 18 12 18 8 1 18 3 18 4 18 6 18 9 18 10 18 11 18 14 18 5 3 11 5 11 7 11 9 11 11 11 7 2 17 5 17 7 17 8 17 11 17 12 17 13 17 8 0 15 2 15 5 15 6 15 7 15 10 15 11 15 13 15
15 3 0 39 7 39 12 39 6 0 32 1 32 5 32 7 32 8 32 10 32 5 2 36 4 36 9 36 13 36 14 36 4 1 14 2 14 8 14 12 14 7 0 28 1 28 3 28 5 28 6 28 7 28 9 28 4 5 37 6 37 7 37 13 37 5 0 38 3 38 8 38 9 38 10 38 4 0 20 2 20 6 20 14 20 10 0 19 1 19 3 19 5 19 7 19 8 19 9 19 10 19 12 19 13 19 6 5 12 7 12 8 12 9 12 11 12 13 12 5 0 22 6 22 11 22 12 22 14 22 5 0 36 1 36 6 36 7 36 9 36 7 2 15 4 15 6 15 8 15 11 15 12 15 14 15 5 2 32 6 32 8 32 9 32 13 32 3 9 16 10 16 11 16
15 8 0 28 3 28 4 28 5 28 8 28 10 28 11 28 14 28 6 1 29 2 29 3 29 8 29 11 29 14 29 7 5 40 6 40 8 40 9 40 11 40 12 40 14 40 8 1 23 3 23 4 23 5 23 9 23 10 23 12 23 13 23 7 1 34 2 34 3 34 4 34 5 34 8 34 10 34 5 2 33 5 33 7 33 13 33 14 33 5 2 27 4 27 6 27 9 27 12 27 9 0 17 2 17 4 17 7 17 8 17 9 17 10 17 12 17 14 17 8 0 20 1 20 4 20 5 20 8 20 9 20 12 20 13 20 10 2 28 3 28 4 28 5 28 6 28 7 28 8 28 9 28 12 28 13 28 9 0 21 2 21 3 21 4 21 8 21 10 21 11 21 13 21 14 21 8 0 21 2 21 8 21 9 21 10 21 11 21 13 21 14 21 8 0 20 5 20 6 20 9 20 10 20 12 20 13 20 14 20 8 0 33 1 33 3 33 5 33 8 33 9 33 11 33 12 33 8 1 27 3 27 7 27 9 27 10 27 11 27 12 27 14 27
15 10 0 21 1 21 4 21 5 21 6 21 7 21 8 21 9 21 10 21 11 21 7 1 34 3 34 6 34 7 34 11 34 12 34 14 34 11 1 30 2 30 3 30 4 30 5 30 6 30 8 30 9 30 10 30 13 30 14 30 6 0 38 1 38 3 38 5 38 11 38 12 38 6 0 11 1 11 2 11 3 11 4 11 8 11 6 1 16 3 16 8 16 9 16 11 16 12 16 7 0 14 2 14 4 14 6 14 11 14 12 14 14 14 3 1 14 5 14 14 14 9 1 34 2 34 3 34 4 34 6 34 8 34 10 34 12 34 13 34 9 1 33 3 33 4 33 6 33 8 33 9 33 11 33 13 33 14 33 8 0 23 1 23 3 23 4 23 8 23 9 23 11 23 12 23 6 2 40 3 40 7 40 8 40 13 40 14 40 6 3 12 4 12 7 12 8 12 9 12 10 12 9 0 23 1 23 3 23 4 23 5 23 6 23 7 23 11 23 13 23 7 0 27 4 27 7 27 8 27 9 27 10 27 12 27
15 7 0 13 4 13 6 13 8 13 9 13 12 13 14 13 7 1 40 2 40 4 40 7 40 10 40 11 40 14 40 4 5 36 7 36 8 36 11 36 4 3 17 4 17 7 17 14 17 6 0 13 1 13 6 13 8 13 9 13 13 13 4 5 33 10 33 11 33 12 33 9 3 25 5 25 7 25 8 25 9 25 11 25 12 25 13 25 14 25 7 0 24 2 24 5 24 10 24 11 24 13 24 14 24 5 1 23 2 23 8 23 10 23 14 23 3 0 36 2 36 3 36 7 2 29 4 29 7 29 9 29 10 29 12 29 14 29 4 1 18 9 18 12 18 14 18 6 0 13 3 13 4 13 5 13 7 13 11 13 6 4 33 6 33 8 33 9 33 10 33 11 33 5 2 13 6 13 10 13 11 13 12 13
15 4 3 25 4 25 8 25 14 25 3 3 15 5 15 13 15 5 2 28 4 28 5 28 12 28 14 28 7 3 40 4 40 5 40 6 40 7 40 8 40 12 40 7 0 39 4 39 5 39 6 39 7 39 11 39 13 39 6 1 31 3 31 4 31 9 31 10 31 14 31 6 5 35 6 35 8 35 10 35 11 35 14 35 8 0 31 1 31 2 31 6 31 8 31 9 31 11 31 14 31 9 0 36 2 36 3 36 5 36 6 36 8 36 10 36 11 36 13 36 11 0 12 2 12 3 12 4 12 5 12 8 12 9 12 10 12 11 12 13 12 14 12 7 5 33 6 33 7 33 9 33 10 33 11 33 14 33 8 4 19 5 19 6 19 7 19 8 19 9 19 10 19 14 19 4 3 16 4 16 9 16 13 16 7 0 27 3 27 9 27 10 27 11 27 12 27 13 27 4 0 21 7 21 10 21 11 21
15 7 0 22 1 22 6 22 7 22 9 22 11 22 12 22 7 2 14 3 14 5 14 6 14 7 14 10 14 12 14 5 0 12 2 12 8 12 9 12 10 12 6 1 20 2 20 3 20 5 20 6 20 14 20 5 1 12 4 12 5 12 10 12 13 12 6 0 18 1 18 2 18 10 18 11 18 14 18 6 2 17 6 17 9 17 11 17 12 17 13 17 3 8 39 9 39 10 39 8 2 31 3 31 5 31 9 31 10 31 11 31 13 31 14 31 7 2 31 3 31 4 31 6 31 8 31 10 31 14 31 6 0 32 4 32 5 32 7 32 8 32 11 32 6 4 20 6 20 9 20 10 20 11 20 14 20 8 0 29 1 29 2 29 3 29 5 29 7 29 12 29 13 29 10 1 13 2 13 3 13 4 13 6 13 7 13 8 13 11 13 12 13 14 13 9 0 26 1 26 3 26 4 26 5 26 6 26 10 26 11 26 13 26
15 9 2 18 4 18 5 18 7 18 10 18 11 18 12 18 13 18 14 18 9 2 30 4 30 5 30 6 30 10 30 11 30 12 30 13 30 14 30 6 0 38 2 38 5 38 7 38 9 38 14 38 9 1 22 3 22 4 22 6 22 9 22 10 22 12 22 13 22 14 22 6 2 15 5 15 10 15 12 15 13 15 14 15 5 3 20 6 20 7 20 11 20 14 20 6 4 16 5 16 6 16 7 16 9 16 13 16 8 3 17 4 17 5 17 6 17 7 17 10 17 11 17 14 17 3 1 12 4 12 5 12 8 0 13 2 13 4 13 8 13 11 13 12 13 13 13 14 13 8 1 40 3 40 4 40 7 40 8 40 9 40 10 40 12 40 7 0 17 1 17 3 17 5 17 6 17 9 17 12 17 10 0 30 1 30 2 30 7 30 8 30 9 30 11 30 12 30 13 30 14 30 8 0 38 2 38 4 38 5 38 6 38 8 38 9 38 13 38 8 0 13 3 13 5 13 9 13 11 13 12 13 13 13 14 13
15 6 0 31 1 31 3 31 4 31 9 31 14 31 7 0 39 3 39 7 39 8 39 10 39 11 39 13 39 5 3 27 4 27 5 27 12 27 13 27 5 1 14 4 14 6 14 10 14 14 14 5 0 33 3 33 5 33 6 33 9 33 3 1 31 3 31 13 31 6 7 22 8 22 10 22 11 22 12 22 13 22 9 0 36 3 36 4 36 5 36 7 36 8 36 12 36 13 36 14 36 7 0 16 6 16 7 16 9 16 11 16 12 16 13 16 5 3 11 7 11 9 11 10 11 11 11 7 0 14 2 14 3 14 4 14 7 14 11 14 14 14 9 2 29 3 29 4 29 5 29 8 29 9 29 12 29 13 29 14 29 8 1 28 2 28 3 28 5 28 6 28 7 28 8 28 9 28 4 1 22 2 22 3 22 8 22 9 4 17 5 17 6 17 7 17 9 17 10 17 12 17 13 17 14 17
