20 15
15 8 0 19 1 19 5 19 6 19 7 19 8 19 9 19 12 19 6 1 33 7 33 8 33 9 33 10 33 14 33 6 0 32 1 32 2 32 5 32 7 32 14 32 7 1 18 3 18 5 18 6 18 7 18 9 18 13 18 8 0 39 1 39 6 39 7 39 8 39 10 39 11 39 13 39 8 2 34 3 34 4 34 7 34 8 34 9 34 12 34 13 34 5 0 25 6 25 8 25 13 25 14 25 5 1 36 4 36 5 36 7 36 13 36 7 0 40 1 40 3 40 5 40 8 40 11 40 14 40 6 6 33 9 33 10 33 11 33 12 33 14 33 5 1 31 3 31 6 31 8 31 10 31 9 0 30 2 30 7 30 8 30 9 30 10 30 11 30 13 30 14 30 6 3 34 5 34 6 34 7 34 12 34 14 34 4 2 26 4 26 5 26 8 26 6 4 13 7 13 10 13 11 13 12 13 13 13
15 7 0 11 1 11 3 11 4 11 9 11 11 11 13 11 8 1 22 2 22 6 22 8 22 9 22 10 22 11 22 12 22 7 0 19 1 19 4 19 5 19 7 19 8 19 14 19 7 0 12 4 12 5 12 8 12 11 12 13 12 14 12 5 1 25 2 25 3 25 4 25 14 25 5 0 38 5 38 6 38 7 38 12 38 6 0 29 1 29 2 29 9 29 11 29 13 29 10 0 39 1 39 3 39 4 39 5 39 6 39 7 39 9 39 12 39 14 39 4 2 19 6 19 7 19 13 19 6 0 22 2 22 6 22 7 22 8 22 11 22 6 1 23 2 23 3 23 4 23 7 23 11 23 8 2 20 3 20 6 20 7 20 8 20 9 20 10 20 12 20 5 2 40 8 40 11 40 12 40 13 40 7 3 19 6 19 10 19 11 19 12 19 13 19 14 19 8 1 26 4 26 5 26 6 26 7 26 8 26 9 26 12 26
15 6 3 25 4 25 6 25 8 25 9 25 10 25 6 2 17 4 17 8 17 11 17 13 17 14 17 7 1 24 2 24 5 24 7 24 11 24 13 24 14 24 4 0 40 1 40 5 40 13 40 8 1 32 2 32 3 32 4 32 5 32 10 32 11 32 13 32 6 1 16 6 16 10 16 11 16 13 16 14 16 6 0 39 1 39 4 39 5 39 11 39 14 39 4 6 19 9 19 12 19 13 19 5 0 24 2 24 3 24 4 24 7 24 6 1 39 2 39 3 39 6 39 8 39 12 39 7 0 17 1 17 4 17 5 17 6 17 8 17 10 17 9 2 35 4 35 5 35 6 35 7 35 9 35 12 35 13 35 14 35 7 0 38 4 38 7 38 9 38 11 38 12 38 14 38 7 2 20 3 20 4 20 6 20 7 20 9 20 12 20 4 9 31 12 31 13 31 14 31
15 8 4 22 5 22 9 22 10 22 11 22 12 22 13 22 14 22 6 0 36 3 36 4 36 12 36 13 36 14 36 5 1 34 2 34 4 34 10 34 13 34 6 3 17 4 17 5 17 7 17 12 17 13 17 7 0 30 2 30 4 30 5 30 6 30 7 30 11 30 9 0 12 2 12 3 12 6 12 8 12 9 12 11 12 13 12 14 12 7 1 13 2 13 3 13 4 13 6 13 13 13 14 13 7 3 25 6 25 7 25 8 25 9 25 12 25 13 25 9 0 12 1 12 2 12 4 12 6 12 8 12 9 12 11 12 13 12 8 0 18 2 18 3 18 6 18 7 18 9 18 11 18 12 18 8 1 31 2 31 3 31 7 31 9 31 10 31 11 31 13 31 6 0 39 3 39 10 39 11 39 12 39 14 39 8 0 40 3 40 5 40 6 40 7 40 10 40 11 40 12 40 8 1 26 2 26 3 26 5 26 7 26 8 26 9 26 14 26 3 0 37 1 37 11 37
15 5 0 32 1 32 5 32 11 32 12 32 7 1 15 4 15 6 15 7 15 8 15 9 15 14 15 10 0 35 1 35 3 35 5 35 6 35 7 35 10 35 11 35 12 35 14 35 6 0 13 1 13 3 13 4 13 7 13 9 13 7 0 32 3 32 4 32 5 32 8 32 10 32 11 32 9 0 23 2 23 4 23 7 23 8 23 10 23 11 23 12 23 13 23 3 3 22 6 22 13 22 4 3 21 4 21 10 21 11 21 6 0 38 1 38 2 38 6 38 8 38 14 38 4 0 38 2 38 8 38 12 38 5 3 40 7 40 8 40 9 40 10 40 10 0 31 1 31 2 31 3 31 4 31 7 31 9 31 10 31 12 31 13 31 7 1 11 2 11 3 11 5 11 9 11 12 11 13 11 3 5 37 8 37 13 37 6 0 16 2 16 3 16 9 16 10 16 13 16
15 13 0 23 1 23 2 23 3 23 4 23 5 23 6 23 7 23 8 23 10 23 11 23 12 23 13 23 9 0 38 1 38 6 38 7 38 9 38 10 38 11 38 12 38 13 38 5 3 11 5 11 7 11 8 11 10 11 5 2 27 8 27 9 27 12 27 14 27 8 0 11 2 11 3 11 5 11 6 11 7 11 9 11 10 11 8 0 25 4 25 5 25 6 25 8 25 11 25 13 25 14 25 6 5 14 7 14 9 14 10 14 11 14 12 14 7 0 12 1 12 4 12 6 12 7 12 9 12 14 12 4 2 27 3 27 7 27 10 27 6 3 26 6 26 7 26 10 26 11 26 14 26 5 3 29 7 29 10 29 11 29 13 29 5 2 28 3 28 5 28 8 28 12 28 6 6 21 8 21 10 21 12 21 13 21 14 21 6 0 20 2 20 3 20 10 20 13 20 14 20 6 1 30 6 30 7 30 10 30 11 30 13 30
15 5 1 39 3 39 6 39 7 39 11 39 8 1 38 6 38 7 38 8 38 10 38 11 38 12 38 14 38 3 0 15 5 15 7 15 5 0 27 2 27 3 27 4 27 12 27 6 0 22 1 22 6 22 7 22 9 22 10 22 9 1 27 2 27 3 27 7 27 8 27 9 27 11 27 12 27 14 27 7 0 32 2 32 5 32 6 32 9 32 12 32 14 32 7 1 40 4 40 5 40 6 40 10 40 11 40 14 40 6 0 12 1 12 3 12 8 12 9 12 11 12 6 0 20 2 20 3 20 6 20 9 20 13 20 4 4 21 5 21 6 21 14 21 7 2 22 3 22 7 22 9 22 10 22 11 22 13 22 9 2 17 5 17 6 17 8 17 10 17 11 17 12 17 13 17 14 17 6 1 38 4 38 6 38 7 38 11 38 14 38 9 0 27 1 27 4 27 5 27 7 27 8 27 10 27 11 27 12 27
15 8 0 11 1 11 2 11 3 11 10 11 11 11 12 11 14 11 7 1 24 3 24 5 24 6 24 9 24 13 24 14 24 5 4 38 5 38 8 38 10 38 12 38 5 3 15 8 15 9 15 10 15 13 15 6 0 19 1 19 4 19 9 19 13 19 14 19 7 0 13 4 13 5 13 8 13 10 13 12 13 14 13 2 2 30 5 30 7 0 26 1 26 3 26 7 26 10 26 11 26 13 26 7 1 29 2 29 3 29 7 29 8 29 11 29 12 29 8 1 33 2 33 4 33 6 33 11 33 12 33 13 33 14 33 7 0 21 1 21 3 21 4 21 7 21 9 21 12 21 6 1 15 2 15 4 15 8 15 13 15 14 15 8 0 21 1 21 2 21 3 21 6 21 9 21 10 21 12 21 6 0 28 3 28 4 28 7 28 9 28 12 28 4 2 33 7 33 9 33 12 33
15 6 1 20 4 20 5 20 7 20 8 20 14 20 9 0 17 1 17 2 17 6 17 9 17 10 17 11 17 13 17 14 17 8 0 26 2 26 3 26 4 26 5 26 7 26 11 26 13 26 6 0 34 3 34 4 34 8 34 9 34 11 34 10 0 23 1 23 2 23 5 23 7 23 8 23 9 23 10 23 11 23 12 23 6 0 16 1 16 7 16 11 16 12 16 14 16 9 0 18 1 18 2 18 3 18 4 18 5 18 8 18 10 18 12 18 9 1 35 3 35 4 35 6 35 8 35 11 35 12 35 13 35 14 35 5 0 24 3 24 4 24 6 24 12 24 5 4 16 9 16 10 16 12 16 13 16 4 7 26 9 26 11 26 14 26 5 3 12 6 12 7 12 8 12 11 12 6 1 13 3 13 6 13 7 13 10 13 14 13 8 0 27 3 27 4 27 5 27 11 27 12 27 13 27 14 27 5 1 19 5 19 6 19 8 19 9 19
15 8 0 18 1 18 2 18 4 18 6 18 8 18 9 18 12 18 7 1 37 3 37 6 37 7 37 8 37 10 37 14 37 6 2 27 4 27 5 27 12 27 13 27 14 27 7 0 40 1 40 3 40 4 40 9 40 11 40 13 40 10 0 40 2 40 3 40 4 40 5 40 6 40 9 40 10 40 12 40 14 40 5 1 17 2 17 4 17 6 17 11 17 7 3 22 4 22 6 22 8 22 10 22 13 22 14 22 6 0 17 1 17 3 17 6 17 11 17 12 17 4 1 30 5 30 9 30 10 30 6 0 38 2 38 3 38 9 38 12 38 14 38 9 0 21 4 21 5 21 6 21 9 21 10 21 12 21 13 21 14 21 9 0 32 1 32 2 32 3 32 4 32 6 32 7 32 9 32 12 32 2 11 24 13 24 5 1 24 3 24 8 24 12 24 13 24 6 0 30 1 30 2 30 6 30 9 30 10 30
15 8 0 19 4 19 5 19 7 19 8 19 11 19 12 19 13 19 7 0 22 2 22 3 22 4 22 5 22 9 22 10 22 8 0 36 1 36 3 36 6 36 7 36 8 36 13 36 14 36 8 0 18 1 18 4 18 5 18 6 18 10 18 12 18 13 18 6 3 22 5 22 8 22 9 22 10 22 12 22 6 1 17 3 17 8 17 10 17 11 17 13 17 5 1 35 2 35 4 35 7 35 14 35 4 5 34 10 34 11 34 12 34 8 1 23 5 23 7 23 9 23 11 23 12 23 13 23 14 23 6 6 19 7 19 8 19 9 19 11 19 13 19 10 0 29 2 29 3 29 4 29 7 29 8 29 9 29 10 29 11 29 12 29 6 0 22 1 22 4 22 8 22 9 22 11 22 5 2 17 3 17 6 17 12 17 14 17 6 0 33 4 33 8 33 9 33 10 33 11 33 8 2 39 3 39 5 39 9 39 10 39 11 39 12 39 14 39
15 7 1 32 3 32 5 32 6 32 8 32 10 32 11 32 6 0 22 2 22 3 22 11 22 13 22 14 22 11 0 24 1 24 2 24 3 24 5 24 6 24 7 24 8 24 12 24 13 24 14 24 4 5 13 8 13 10 13 11 13 7 0 13 3 13 4 13 9 13 10 13 11 13 13 13 4 1 11 10 11 11 11 12 11 6 0 11 1 11 7 11 9 11 10 11 11 11 10 0 25 3 25 5 25 7 25 9 25 10 25 11 25 12 25 13 25 14 25 5 0 13 2 13 7 13 8 13 13 13 8 0 15 2 15 5 15 6 15 7 15 8 15 12 15 13 15 7 0 33 1 33 2 33 8 33 10 33 11 33 12 33 11 1 17 2 17 3 17 5 17 6 17 7 17 10 17 11 17 12 17 13 17 14 17 6 3 16 4 16 8 16 12 16 13 16 14 16 8 1 38 4 38 6 38 7 38 9 38 11 38 12 38 14 38 8 0 24 5 24 6 24 7 24 8 24 11 24 12 24 14 24
15 2 2 16 14 16 8 0 16 3 16 5 16 7 16 11 16 12 16 13 16 14 16 6 1 37 7 37 8 37 10 37 12 37 13 37 5 1 25 6 25 7 25 8 25 10 25 7 0 26 1 26 2 26 3 26 4 26 9 26 14 26 5 0 11 3 11 5 11 7 11 11 11 7 1 34 2 34 6 34 7 34 9 34 11 34 12 34 7 1 14 3 14 4 14 8 14 9 14 10 14 13 14 6 0 20 2 20 8 20 9 20 10 20 12 20 10 0 36 1 36 2 36 3 36 4 36 6 36 8 36 9 36 10 36 12 36 5 0 12 4 12 12 12 13 12 14 12 6 1 29 5 29 10 29 11 29 12 29 14 29 6 0 25 3 25 7 25 9 25 10 25 12 25 7 2 32 3 32 4 32 6 32 7 32 9 32 13 32 8 1 12 3 12 6 12 7 12 9 12 11 12 12 12 13 12
15 5 4 20 6 20 8 20 9 20 12 20 10 0 24 1 24 2 24 6 24 7 24 8 24 9 24 10 24 11 24 12 24 4 0 27 7 27 8 27 11 27 7 0 38 1 38 4 38 7 38 9 38 11 38 12 38 9 1 34 2 34 3 34 4 34 5 34 7 34 8 34 10 34 14 34 8 1 39 2 39 3 39 4 39 6 39 9 39 12 39 13 39 6 1 33 4 33 5 33 7 33 9 33 12 33 8 0 37 1 37 2 37 4 37 5 37 6 37 8 37 13 37 7 0 31 2 31 3 31 8 31 9 31 11 31 13 31 5 0 15 4 15 7 15 10 15 13 15 9 1 34 3 34 5 34 7 34 8 34 9 34 11 34 12 34 14 34 6 0 33 1 33 3 33 5 33 12 33 13 33 8 1 26 2 26 3 26 4 26 6 26 7 26 8 26 10 26 9 0 36 1 36 3 36 4 36 7 36 8 36 9 36 12 36 14 36 6 0 14 3 14 6 14 8 14 9 14 14 14
15 10 2 31 3 31 4 31 5 31 8 31 9 31 11 31 12 31 13 31 14 31 9 0 17 1 17 3 17 6 17 8 17 9 17 10 17 13 17 14 17 7 0 13 3 13 4 13 6 13 7 13 9 13 10 13 7 1 21 2 21 4 21 7 21 8 21 9 21 12 21 3 3 17 7 17 10 17 4 7 19 9 19 11 19 13 19 6 0 14 1 14 9 14 12 14 13 14 14 14 7 2 40 3 40 5 40 8 40 11 40 12 40 13 40 7 0 32 3 32 5 32 7 32 9 32 10 32 11 32 4 1 25 2 25 6 25 11 25 8 0 34 1 34 2 34 3 34 4 34 7 34 9 34 11 34 8 0 23 1 23 2 23 5 23 7 23 9 23 12 23 14 23 7 3 13 4 13 6 13 10 13 11 13 12 13 13 13 8 2 40 3 40 4 40 5 40 9 40 12 40 13 40 14 40 8 1 26 2 26 4 26 6 26 7 26 11 26 12 26 14 26
15 6 0 38 1 38 4 38 8 38 10 38 13 38 5 3 17 5 17 6 17 8 17 12 17 9 0 14 3 14 4 14 5 14 7 14 8 14 10 14 12 14 14 14 8 0 17 2 17 4 17 7 17 9 17 10 17 11 17 13 17 7 1 12 3 12 4 12 5 12 7 12 10 12 11 12 7 1 35 3 35 6 35 10 35 11 35 12 35 14 35 3 5 35 6 35 11 35 8 0 19 2 19 3 19 6 19 9 19 11 19 12 19 14 19 9 1 36 3 36 4 36 7 36 8 36 9 36 10 36 12 36 14 36 9 0 19 2 19 3 19 4 19 7 19 8 19 9 19 12 19 13 19 6 2 29 3 29 5 29 7 29 9 29 12 29 9 1 31 2 31 7 31 8 31 9 31 11 31 12 31 13 31 14 31 7 2 26 3 26 4 26 5 26 7 26 10 26 12 26 8 1 35 3 35 4 35 7 35 9 35 11 35 12 35 14 35 6 1 37 2 37 5 37 8 37 12 37 14 37
15 2 8 20 14 20 8 1 16 3 16 4 16 5 16 6 16 7 16 12 16 13 16 6 0 33 1 33 2 33 4 33 5 33 13 33 4 1 14 10 14 12 14 14 14 8 0 27 3 27 4 27 5 27 6 27 9 27 12 27 14 27 2 7 31 11 31 7 3 16 4 16 6 16 8 16 9 16 13 16 14 16 5 0 31 1 31 6 31 10 31 11 31 3 3 28 6 28 12 28 6 0 37 1 37 8 37 9 37 10 37 12 37 6 2 37 4 37 7 37 9 37 10 37 13 37 6 2 29 4 29 8 29 11 29 13 29 14 29 8 0 38 1 38 5 38 8 38 9 38 11 38 12 38 14 38 9 1 30 4 30 5 30 6 30 7 30 9 30 10 30 13 30 14 30 6 0 36 3 36 4 36 6 36 11 36 13 36
15 8 0 18 1 18 2 18 6 18 7 18 8 18 11 18 12 18 7 0 37 3 37 4 37 7 37 8 37 9 37 14 37 4 0 16 6 16 13 16 14 16 5 5 15 6 15 8 15 10 15 14 15 4 2 14 7 14 8 14 9 14 11 0 11 1 11 2 11 3 11 4 11 6 11 8 11 10 11 11 11 12 11 14 11 5 2 32 8 32 10 32 12 32 13 32 6 0 12 2 12 5 12 7 12 10 12 12 12 7 1 11 2 11 4 11 7 11 9 11 11 11 13 11 5 2 29 4 29 5 29 6 29 10 29 9 0 19 1 19 4 19 6 19 7 19 8 19 9 19 10 19 14 19 9 0 12 1 12 2 12 4 12 5 12 7 12 8 12 10 12 13 12 7 0 18 1 18 2 18 3 18 4 18 9 18 10 18 4 1 26 2 26 7 26 11 26 7 0 39 2 39 5 39 11 39 12 39 13 39 14 39
15 6 2 11 4 11 5 11 6 11 11 11 13 11 7 0 11 2 11 3 11 4 11 7 11 10 11 12 11 6 0 22 1 22 4 22 10 22 12 22 14 22 8 1 35 2 35 3 35 5 35 9 35 10 35 12 35 13 35 3 3 20 13 20 14 20 7 0 31 1 31 3 31 7 31 9 31 10 31 14 31 6 0 19 1 19 3 19 4 19 6 19 11 19 6 0 39 2 39 3 39 7 39 9 39 14 39 6 0 28 3 28 4 28 5 28 6 28 11 28 5 1 33 6 33 9 33 12 33 13 33 6 1 34 5 34 9 34 10 34 13 34 14 34 6 1 38 2 38 7 38 11 38 12 38 14 38 5 0 20 3 20 5 20 7 20 12 20 5 5 17 11 17 12 17 13 17 14 17 7 0 28 6 28 7 28 8 28 9 28 13 28 14 28
15 5 1 12 2 12 6 12 7 12 13 12 7 0 25 2 25 5 25 7 25 9 25 10 25 12 25 9 2 23 4 23 5 23 6 23 7 23 8 23 10 23 11 23 12 23 10 1 21 2 21 3 21 4 21 5 21 8 21 9 21 10 21 12 21 14 21 8 0 27 4 27 6 27 7 27 8 27 9 27 11 27 14 27 6 0 30 4 30 9 30 10 30 12 30 14 30 11 0 23 2 23 3 23 4 23 6 23 7 23 8 23 10 23 11 23 13 23 14 23 5 0 39 1 39 2 39 9 39 11 39 6 2 26 3 26 10 26 11 26 13 26 14 26 8 0 34 3 34 5 34 6 34 7 34 10 34 11 34 13 34 4 0 17 2 17 7 17 11 17 8 0 24 1 24 3 24 4 24 6 24 7 24 9 24 11 24 10 0 12 1 12 2 12 3 12 4 12 6 12 7 12 8 12 12 12 14 12 6 0 19 1 19 4 19 5 19 8 19 11 19 5 0 36 4 36 8 36 10 36 11 36
