11 5
5 4 0 375 1 375 2 375 3 375 2 1 12 3 12 3 1 142 2 142 4 142 4 1 245 2 245 3 245 4 245 3 1 412 2 412 4 412
5 3 0 632 3 632 4 632 3 1 452 3 452 4 452 1 2 758 3 2 278 3 278 4 278 1 4 398
5 2 0 12 2 12 3 1 876 2 876 4 876 2 1 124 2 124 4 1 534 2 534 3 534 4 534 3 0 765 3 765 4 765
5 4 0 460 1 460 2 460 4 460 3 0 542 1 542 2 542 4 0 523 2 523 3 523 4 523 2 1 120 3 120 2 2 499 4 499
5 1 0 528 2 1 101 4 101 2 2 789 3 789 4 0 124 1 124 2 124 3 124 3 1 999 3 999 4 999
5 2 0 796 2 796 3 1 245 3 245 4 245 3 0 632 2 632 4 632 1 3 375 2 0 123 4 123
5 4 0 532 1 532 2 532 3 532 1 1 230 2 0 543 2 543 4 0 896 1 896 2 896 3 896 3 0 452 3 452 4 452
5 3 0 14 1 14 4 14 3 1 124 2 124 3 124 2 1 214 2 214 2 0 543 3 543 4 0 785 2 785 3 785 4 785
5 4 0 257 1 257 3 257 4 257 2 1 527 3 527 2 0 753 2 753 2 2 210 3 210 4 0 463 1 463 2 463 4 463
5 1 0 896 3 0 896 1 896 4 896 2 1 214 2 214 4 0 258 1 258 2 258 3 258 4 0 259 2 259 3 259 4 259
5 4 0 532 2 532 3 532 4 532 2 1 302 4 302 2 2 501 3 501 5 0 765 1 765 2 765 3 765 4 765 3 0 988 2 988 4 988
