12 5
5 3 0 456 2 456 4 456 2 1 537 3 537 3 2 123 3 123 4 123 2 0 214 3 214 4 0 234 1 234 2 234 4 234
5 4 0 789 1 789 2 789 4 789 2 0 854 1 854 2 0 225 2 225 1 3 528 2 1 123 4 123
5 1 0 876 2 1 632 3 632 4 0 588 2 588 3 588 4 588 3 0 896 2 896 3 896 2 2 456 4 456
5 3 0 543 1 543 2 543 1 1 145 4 0 669 1 669 2 669 3 669 3 0 325 3 325 4 325 4 0 789 1 789 3 789 4 789
5 2 0 210 1 210 2 1 785 2 785 3 0 966 2 966 3 966 2 3 147 4 147 2 1 876 4 876
5 3 0 123 2 123 4 123 2 0 214 1 214 3 1 332 2 332 4 332 3 1 856 2 856 3 856 2 2 543 4 543
5 4 0 456 2 456 3 456 4 456 4 0 752 1 752 2 752 4 752 3 0 144 1 144 2 144 4 1 321 2 321 3 321 4 321 1 4 210
5 3 0 789 2 789 4 789 4 0 143 1 143 3 143 4 143 4 0 755 2 755 3 755 4 755 1 3 427 4 0 123 1 123 2 123 4 123
5 3 0 876 1 876 3 876 3 1 698 2 698 3 698 2 1 322 2 322 2 0 546 3 546 2 0 456 4 456
5 2 0 543 1 543 2 0 532 1 532 2 2 100 3 100 4 0 321 2 321 3 321 4 321 1 4 789
5 1 0 210 4 0 145 1 145 2 145 4 145 1 2 114 2 3 401 4 401 3 2 876 3 876 4 876
5 1 0 124 4 0 247 1 247 3 247 4 247 2 1 753 2 753 4 0 214 1 214 3 214 4 214 3 0 543 2 543 4 543
