10 5
5 2 1 23 2 23 3 0 45 1 45 2 45 1 0 82 2 3 84 4 84 2 1 38 3 38
5 3 0 21 2 21 4 21 4 0 29 1 29 2 29 3 29 2 0 18 1 18 3 1 41 2 41 4 41 2 0 50 3 50
5 2 2 38 4 38 3 1 54 2 54 3 54 1 4 16 2 0 52 2 52 3 1 52 2 52 3 52
5 2 2 37 4 37 2 0 54 3 54 3 0 74 2 74 3 74 3 1 62 2 62 3 62 5 0 57 1 57 2 57 3 57 4 57
5 4 0 57 1 57 3 57 4 57 2 0 81 2 81 4 0 61 1 61 3 61 4 61 2 1 68 3 68 1 2 30
5 1 4 81 3 0 79 1 79 3 79 2 1 89 2 89 2 2 89 4 89 1 3 11
5 4 0 33 1 33 2 33 3 33 3 1 20 2 20 4 20 3 0 91 1 91 2 91 3 2 20 3 20 4 20 2 1 66 2 66
5 2 3 24 4 24 5 0 84 1 84 2 84 3 84 4 84 2 0 32 3 32 3 1 55 2 55 4 55 2 3 8 4 8
5 3 0 56 3 56 4 56 4 0 7 2 7 3 7 4 7 1 3 54 2 2 64 3 64 2 1 39 2 39
5 3 1 40 3 40 4 40 3 0 83 1 83 2 83 3 0 19 1 19 3 19 3 0 8 2 8 4 8 3 0 7 2 7 3 7
