15 5
5 5 0 47 1 47 2 47 3 47 4 47 1 4 57 1 1 71 4 0 96 1 96 3 96 4 96 3 0 14 2 14 4 14
5 3 0 75 3 75 4 75 2 0 60 1 60 2 1 22 4 22 1 3 79 5 0 65 1 65 2 65 3 65 4 65
5 3 0 32 2 32 3 32 2 0 33 1 33 2 0 69 2 69 4 1 31 2 31 3 31 4 31 2 3 58 4 58
5 4 0 44 2 44 3 44 4 44 2 1 34 3 34 2 3 51 4 51 3 1 58 3 58 4 58 1 2 47
5 1 3 29 3 1 44 3 44 4 44 2 0 62 3 62 2 2 17 4 17 1 4 8
5 1 1 15 2 2 40 4 40 1 0 97 2 1 38 4 38 3 1 66 3 66 4 66
5 3 0 58 2 58 4 58 2 0 39 1 39 1 0 57 3 0 20 2 20 4 20 1 3 50
5 2 2 57 4 57 3 0 32 1 32 3 32 3 0 87 1 87 4 87 3 0 63 3 63 4 63 2 1 21 3 21
5 4 0 56 2 56 3 56 4 56 3 0 84 1 84 4 84 2 1 90 2 90 2 0 85 1 85 2 3 61 4 61
5 1 4 15 2 0 20 1 20 2 1 67 2 67 3 0 30 2 30 3 30 2 2 70 3 70
5 3 0 84 3 84 4 84 1 0 82 2 0 23 1 23 2 2 45 4 45 2 1 38 3 38
5 2 2 50 3 50 4 0 21 1 21 2 21 4 21 3 0 18 1 18 2 18 1 4 41 2 1 29 4 29
5 5 0 16 1 16 2 16 3 16 4 16 2 0 52 1 52 4 0 52 2 52 3 52 4 52 2 1 38 2 38 3 1 54 3 54 4 54
5 2 1 37 4 37 5 0 54 1 54 2 54 3 54 4 54 2 3 57 4 57 2 0 74 2 74 3 0 62 1 62 3 62
5 3 2 57 3 57 4 57 2 0 61 1 61 3 0 81 2 81 4 81 3 1 30 2 30 4 30 3 0 68 1 68 3 68
