15 5
5 2 1 92 3 92 2 2 94 3 94 2 0 12 2 12 2 2 91 4 91 2 1 7 3 7
5 2 2 21 4 21 2 1 19 4 19 3 0 87 1 87 4 87 3 2 11 3 11 4 11 1 4 66
5 1 1 14 4 0 13 2 13 3 13 4 13 2 0 75 1 75 1 4 16 4 0 20 1 20 2 20 4 20
5 2 2 95 3 95 4 0 66 1 66 2 66 4 66 4 0 7 1 7 2 7 3 7 3 1 77 3 77 4 77 2 2 7 3 7
5 2 1 34 2 34 3 0 89 2 89 4 89 2 2 6 3 6 2 0 45 1 45 2 0 15 3 15
5 3 0 88 3 88 4 88 5 0 77 1 77 2 77 3 77 4 77 4 0 20 2 20 3 20 4 20 2 1 53 2 53 3 0 76 1 76 2 76
5 2 0 9 4 9 4 0 27 1 27 2 27 3 27 1 0 52 1 1 88 4 1 74 2 74 3 74 4 74
5 5 0 69 1 69 2 69 3 69 4 69 2 0 52 2 52 3 0 62 1 62 3 62 2 1 88 3 88 3 1 98 2 98 4 98
5 3 1 90 2 90 3 90 3 0 62 2 62 4 62 4 0 9 1 9 3 9 4 9 2 2 61 3 61 2 1 52 4 52
5 2 3 5 4 5 1 2 54 4 1 59 2 59 3 59 4 59 4 0 88 1 88 2 88 3 88 3 0 15 1 15 4 15
5 3 0 41 2 41 3 41 2 1 50 3 50 2 0 78 4 78 5 0 53 1 53 2 53 3 53 4 53 3 0 23 1 23 2 23
5 2 0 38 4 38 2 1 72 4 72 2 2 91 3 91 3 0 68 2 68 3 68 3 1 71 2 71 3 71
5 3 0 45 3 45 4 45 4 0 95 2 95 3 95 4 95 2 0 52 4 52 3 1 25 2 25 4 25 1 1 6
5 2 3 30 4 30 1 1 66 3 0 23 2 23 3 23 2 2 36 4 36 3 0 17 2 17 4 17
5 2 1 95 2 95 2 0 71 3 71 3 0 76 1 76 3 76 2 0 8 1 8 3 1 88 3 88 4 88
