15 5
5 1 1 66 2 2 85 3 85 1 2 84 2 0 62 2 62 2 3 19 4 19
5 2 3 59 4 59 2 1 64 4 64 4 0 46 1 46 2 46 4 46 3 2 13 3 13 4 13 1 0 25
5 2 1 88 4 88 4 0 80 2 80 3 80 4 80 1 1 73 2 2 53 4 53 4 0 41 1 41 2 41 4 41
5 3 0 14 2 14 3 14 3 0 67 1 67 2 67 3 1 57 2 57 3 57 2 3 74 4 74 2 2 47 4 47
5 2 0 84 1 84 3 0 64 2 64 4 64 1 2 41 2 0 84 3 84 3 0 78 1 78 3 78
5 3 0 63 3 63 4 63 5 0 28 1 28 2 28 3 28 4 28 4 0 46 1 46 3 46 4 46 1 2 26 4 0 52 1 52 2 52 4 52
5 3 0 10 3 10 4 10 4 0 17 1 17 2 17 3 17 1 4 73 1 1 11 4 0 64 1 64 3 64 4 64
5 4 0 67 1 67 2 67 4 67 2 0 97 1 97 3 0 95 1 95 3 95 2 3 38 4 38 3 0 85 1 85 2 85
5 3 1 95 2 95 3 95 3 0 46 2 46 4 46 3 0 59 1 59 3 59 3 1 65 2 65 3 65 2 3 93 4 93
5 2 2 43 3 43 1 4 85 4 1 32 2 32 3 32 4 32 3 1 85 2 85 3 85 2 0 60 4 60
5 4 0 49 2 49 3 49 4 49 1 3 41 2 0 61 2 61 4 0 66 1 66 2 66 4 66 2 0 90 1 90
5 3 0 17 1 17 4 17 2 0 23 1 23 2 2 70 3 70 3 0 99 2 99 4 99 3 1 49 2 49 3 49
5 2 3 40 4 40 4 0 73 2 73 3 73 4 73 1 0 73 2 1 98 4 98 2 1 68 2 68
5 2 3 57 4 57 1 1 9 3 0 7 2 7 3 7 3 0 13 2 13 4 13 3 0 98 2 98 4 98
5 3 0 37 1 37 2 37 3 0 85 1 85 3 85 4 0 17 1 17 2 17 3 17 2 0 79 4 79 2 1 41 3 41
