15 5
5 2 1 58 3 58 4 1 44 2 44 3 44 4 44 4 1 5 2 5 3 5 4 5 2 0 9 4 9 2 3 58 4 58
5 4 0 89 1 89 3 89 4 89 4 0 97 1 97 3 97 4 97 2 1 96 4 96 1 3 77 3 2 84 3 84 4 84
5 4 0 77 1 77 3 77 4 77 2 0 87 1 87 4 0 81 1 81 2 81 4 81 2 0 39 4 39 2 0 85 3 85
5 3 1 57 2 57 3 57 2 1 21 4 21 5 0 31 1 31 2 31 3 31 4 31 2 0 15 1 15 4 0 73 1 73 3 73 4 73
5 4 0 48 1 48 2 48 3 48 3 0 40 2 40 3 40 1 1 49 3 1 70 2 70 3 70 1 4 71
5 1 3 34 2 2 82 4 82 3 0 80 2 80 3 80 3 0 10 1 10 4 10 2 0 22 1 22
5 3 1 91 2 91 3 91 1 4 75 2 0 55 1 55 4 0 17 1 17 2 17 3 17 3 0 7 2 7 3 7
5 4 1 62 2 62 3 62 4 62 5 0 47 1 47 2 47 3 47 4 47 2 0 72 1 72 2 2 35 4 35 4 0 11 1 11 2 11 4 11
5 3 0 64 1 64 4 64 3 1 75 3 75 4 75 2 3 50 4 50 2 1 90 2 90 4 0 94 2 94 3 94 4 94
5 3 0 67 2 67 4 67 1 4 20 3 2 15 3 15 4 15 4 0 12 1 12 2 12 3 12 1 1 71
5 3 0 52 2 52 4 52 3 1 93 3 93 4 93 2 0 68 3 68 2 2 29 3 29 4 1 57 2 57 3 57 4 57
5 1 2 70 2 0 58 4 58 3 0 93 1 93 4 93 3 0 7 1 7 4 7 3 0 77 3 77 4 77
5 3 2 27 3 27 4 27 2 0 82 2 82 2 1 63 2 63 3 1 6 2 6 4 6 1 0 95
5 1 1 87 3 1 56 2 56 4 56 2 2 36 4 36 3 0 26 1 26 3 26 3 2 48 3 48 4 48
5 3 0 76 2 76 3 76 2 1 36 2 36 2 0 36 1 36 4 0 15 1 15 3 15 4 15 3 0 8 1 8 3 8
