20 5
5 2 1 23 4 23 1 0 82 2 2 84 4 84 2 1 45 2 45 4 0 38 1 38 2 38 3 38
5 5 0 50 1 50 2 50 3 50 4 50 1 4 41 4 0 29 1 29 2 29 4 29 1 0 18 2 1 21 2 21
5 3 1 16 2 16 4 16 2 0 54 3 54 3 1 52 2 52 4 52 4 1 38 2 38 3 38 4 38 4 0 52 1 52 2 52 4 52
5 2 1 62 4 62 3 0 57 3 57 4 57 4 1 37 2 37 3 37 4 37 2 1 74 2 74 2 0 54 1 54
5 3 0 68 3 68 4 68 3 0 61 1 61 4 61 2 2 30 3 30 2 0 81 4 81 3 0 57 2 57 4 57
5 2 0 89 1 89 4 0 89 1 89 2 89 3 89 2 1 11 3 11 2 0 79 3 79 1 4 81
5 3 0 66 1 66 3 66 4 0 91 1 91 2 91 4 91 3 2 33 3 33 4 33 1 4 20 2 1 20 2 20
5 2 3 8 4 8 1 4 24 3 0 55 2 55 4 55 2 0 32 2 32 2 1 84 3 84
5 1 0 7 5 0 64 1 64 2 64 3 64 4 64 5 0 39 1 39 2 39 3 39 4 39 3 0 56 1 56 4 56 2 0 54 3 54
5 3 0 19 1 19 4 19 3 0 40 2 40 4 40 2 3 7 4 7 3 1 8 2 8 4 8 2 1 83 3 83
5 3 0 63 1 63 3 63 2 2 64 3 64 4 0 91 1 91 2 91 3 91 3 1 40 2 40 4 40 3 1 6 2 6 4 6
5 3 0 42 1 42 4 42 2 0 61 3 61 2 3 15 4 15 2 2 98 3 98 1 0 74
5 2 1 80 4 80 5 0 26 1 26 2 26 3 26 4 26 2 1 75 3 75 1 4 6 2 2 87 3 87
5 2 1 39 2 39 3 2 22 3 22 4 22 1 0 75 4 0 24 1 24 2 24 3 24 1 1 44
5 2 1 15 2 15 1 3 79 2 2 8 4 8 2 0 12 4 12 4 1 20 2 20 3 20 4 20
5 2 0 26 3 26 1 2 43 3 0 80 2 80 3 80 2 3 22 4 22 2 1 61 4 61
5 3 1 62 2 62 3 62 2 1 36 4 36 1 0 63 1 3 96 3 2 40 3 40 4 40
5 3 0 33 1 33 2 33 3 0 18 1 18 3 18 2 0 22 2 22 2 2 5 4 5 4 1 10 2 10 3 10 4 10
5 2 2 64 4 64 2 3 64 4 64 4 0 89 1 89 3 89 4 89 3 1 96 3 96 4 96 3 0 95 2 95 3 95
5 1 2 18 3 1 23 2 23 4 23 1 3 15 4 0 38 1 38 2 38 4 38 3 0 8 3 8 4 8
