20 5
5 2 3 60 4 60 1 0 87 2 1 72 2 72 3 1 95 2 95 4 95 3 0 66 1 66 2 66
5 4 0 54 1 54 2 54 4 54 1 0 48 4 0 39 1 39 2 39 4 39 1 3 35 2 1 5 4 5
5 3 1 20 2 20 3 20 2 0 46 1 46 3 0 97 2 97 4 97 4 1 21 2 21 3 21 4 21 3 1 55 2 55 4 55
5 2 2 37 4 37 2 0 59 4 59 4 1 19 2 19 3 19 4 19 1 1 34 2 1 46 4 46
5 4 0 73 2 73 3 73 4 73 4 0 25 1 25 3 25 4 25 2 1 24 3 24 2 0 28 4 28 3 0 23 2 23 4 23
5 2 0 78 1 78 4 0 28 1 28 2 28 3 28 3 1 83 2 83 3 83 2 0 45 3 45 1 4 5
5 2 0 71 3 71 4 0 37 1 37 2 37 4 37 3 2 12 3 12 4 12 1 4 29 2 0 53 1 53
5 1 4 12 1 3 33 4 0 55 1 55 2 55 4 55 1 2 87 2 0 38 3 38
5 1 0 48 4 0 40 1 40 3 40 4 40 4 0 49 2 49 3 49 4 49 3 0 83 1 83 3 83 3 0 7 3 7 4 7
5 3 0 90 1 90 4 90 3 0 27 2 27 4 27 2 2 65 4 65 4 1 17 2 17 3 17 4 17 2 1 23 3 23
5 3 0 62 1 62 3 62 1 3 85 4 0 66 1 66 2 66 3 66 2 1 84 2 84 2 2 19 4 19
5 4 0 59 1 59 3 59 4 59 2 0 46 2 46 2 3 13 4 13 2 1 64 3 64 1 0 25
5 3 1 53 2 53 4 53 4 1 73 2 73 3 73 4 73 2 1 80 3 80 1 4 88 3 0 41 2 41 3 41
5 2 1 57 2 57 3 2 47 3 47 4 47 1 0 14 3 0 67 1 67 2 67 1 3 74
5 2 1 41 2 41 1 4 64 3 2 84 3 84 4 84 2 1 78 4 78 4 0 84 1 84 3 84 4 84
5 3 0 52 3 52 4 52 1 3 28 2 2 26 3 26 3 0 63 3 63 4 63 2 1 46 4 46
5 3 1 11 2 11 3 11 2 0 64 4 64 2 0 10 3 10 1 4 73 2 2 17 3 17
5 4 0 38 1 38 2 38 4 38 3 0 95 1 95 3 95 2 0 85 2 85 2 1 97 2 97 4 1 67 2 67 3 67 4 67
5 2 3 93 4 93 3 1 65 3 65 4 65 4 1 95 2 95 3 95 4 95 3 0 59 3 59 4 59 4 0 46 2 46 3 46 4 46
5 1 0 60 2 1 85 2 85 1 2 43 3 0 85 2 85 4 85 2 3 32 4 32
