20 5
5 2 3 5 4 5 2 0 58 4 58 1 2 44 3 0 9 1 9 2 9 3 0 58 1 58 2 58
5 4 0 89 1 89 2 89 4 89 1 4 96 4 0 97 1 97 2 97 4 97 1 2 84 2 1 77 3 77
5 2 1 81 2 81 2 0 85 3 85 3 1 87 2 87 4 87 3 1 39 3 39 4 39 4 0 77 1 77 2 77 4 77
5 2 0 15 4 15 3 0 57 3 57 4 57 4 1 73 2 73 3 73 4 73 1 1 21 2 1 31 2 31
5 4 0 48 2 48 3 48 4 48 3 0 71 1 71 4 71 1 3 70 2 0 40 4 40 4 0 49 1 49 2 49 4 49
5 1 0 10 5 0 82 1 82 2 82 3 82 4 82 2 1 34 3 34 3 0 80 2 80 3 80 2 1 22 4 22
5 3 0 17 2 17 3 17 4 0 55 1 55 2 55 4 55 4 1 91 2 91 3 91 4 91 1 4 75 2 1 7 3 7
5 2 3 47 4 47 1 2 62 4 0 72 1 72 2 72 4 72 2 2 35 4 35 2 0 11 3 11
5 1 1 90 5 0 94 1 94 2 94 3 94 4 94 4 0 50 2 50 3 50 4 50 2 0 64 1 64 2 0 75 3 75
5 3 1 15 3 15 4 15 2 0 67 2 67 2 0 12 4 12 3 1 20 2 20 4 20 2 1 71 3 71
5 3 1 93 3 93 4 93 2 2 29 3 29 4 0 52 1 52 2 52 3 52 2 1 57 2 57 3 2 68 3 68 4 68
5 4 0 77 1 77 3 77 4 77 2 0 93 1 93 2 0 58 3 58 2 2 70 3 70 1 4 7
5 2 1 63 4 63 4 1 27 2 27 3 27 4 27 3 0 95 1 95 3 95 1 4 6 2 2 82 3 82
5 3 1 36 2 36 4 36 3 0 26 2 26 3 26 2 0 48 3 48 3 0 56 1 56 2 56 1 1 87
5 2 1 36 2 36 1 1 8 2 2 15 4 15 2 3 76 4 76 4 0 36 1 36 3 36 4 36
5 3 0 78 3 78 4 78 1 1 84 2 2 41 3 41 3 0 30 3 30 4 30 3 1 76 2 76 4 76
5 3 1 78 2 78 3 78 2 0 75 4 75 2 0 88 4 88 1 3 13 2 2 81 3 81
5 3 0 54 1 54 2 54 3 0 40 1 40 4 40 2 0 13 2 13 2 1 82 2 82 3 1 29 3 29 4 29
5 2 1 26 4 26 2 3 82 4 82 4 0 52 1 52 3 52 4 52 2 3 6 4 6 3 0 6 2 6 3 6
5 1 3 54 2 1 64 2 64 1 0 54 3 0 32 2 32 4 32 2 3 88 4 88
