20 5
5 3 0 6 2 6 3 6 2 2 40 4 40 3 1 81 2 81 3 81 1 3 37 3 1 19 2 19 4 19
5 4 1 40 2 40 3 40 4 40 2 0 32 3 32 3 0 55 1 55 3 55 4 1 81 2 81 3 81 4 81 2 1 9 2 9
5 3 0 46 1 46 3 46 3 0 65 1 65 4 65 3 0 70 2 70 4 70 2 1 55 3 55 1 0 77
5 4 0 21 2 21 3 21 4 21 2 1 65 4 65 2 0 64 3 64 2 0 25 3 25 4 1 15 2 15 3 15 4 15
5 1 2 85 2 0 40 3 40 3 1 44 2 44 3 44 1 3 24 2 2 37 4 37
5 2 0 89 4 89 2 2 29 4 29 4 1 83 2 83 3 83 4 83 4 0 31 1 31 2 31 3 31 4 0 84 1 84 2 84 4 84
5 3 1 59 3 59 4 59 1 3 38 4 0 80 1 80 3 80 4 80 3 0 30 2 30 4 30 1 0 8
5 3 0 80 2 80 4 80 3 0 56 2 56 3 56 4 0 77 1 77 2 77 3 77 4 1 41 2 41 3 41 4 41 2 1 97 3 97
5 1 4 56 2 0 91 4 91 1 3 50 3 1 71 2 71 3 71 2 0 17 1 17
5 4 1 40 2 40 3 40 4 40 2 0 88 1 88 2 3 59 4 59 3 0 7 1 7 2 7 2 2 80 3 80
5 1 0 45 1 1 29 3 1 8 2 8 4 8 1 4 77 2 0 58 3 58
5 2 1 36 2 36 1 0 54 3 0 96 2 96 3 96 3 0 9 1 9 3 9 3 1 10 2 10 4 10
5 1 0 28 2 2 73 3 73 3 0 98 1 98 2 98 3 1 92 3 92 4 92 3 1 87 2 87 4 87
5 3 0 70 3 70 4 70 3 1 86 3 86 4 86 4 1 27 2 27 3 27 4 27 2 0 99 1 99 3 0 96 3 96 4 96
5 4 1 95 2 95 3 95 4 95 5 0 59 1 59 2 59 3 59 4 59 3 1 56 3 56 4 56 3 1 85 2 85 3 85 3 1 41 2 41 3 41
5 2 0 81 1 81 1 2 92 3 0 32 2 32 4 32 4 0 52 2 52 3 52 4 52 3 0 39 1 39 3 39
5 3 1 7 2 7 3 7 4 0 22 1 22 2 22 4 22 3 0 12 2 12 3 12 3 0 88 1 88 3 88 2 3 60 4 60
5 3 1 45 2 45 3 45 3 0 93 1 93 3 93 3 0 69 2 69 4 69 3 0 49 2 49 4 49 2 1 27 2 27
5 3 0 21 1 21 4 21 4 0 84 1 84 3 84 4 84 3 2 61 3 61 4 61 2 0 68 3 68 3 0 26 3 26 4 26
5 1 1 82 3 0 33 2 33 3 33 4 0 71 1 71 3 71 4 71 3 0 99 2 99 4 99 2 3 44 4 44
