10 10
10 6 0 21 1 21 2 21 3 21 7 21 9 21 4 1 71 2 71 3 71 6 71 6 1 16 2 16 6 16 7 16 8 16 9 16 4 0 52 3 52 6 52 8 52 4 1 26 2 26 3 26 7 26 7 0 34 1 34 2 34 3 34 5 34 6 34 9 34 3 0 53 4 53 6 53 4 4 21 5 21 8 21 9 21 4 1 55 3 55 5 55 8 55 5 0 95 5 95 7 95 8 95 9 95
10 2 4 55 8 55 2 2 31 3 31 3 2 98 5 98 9 98 6 2 79 4 79 6 79 7 79 8 79 9 79 7 0 12 1 12 2 12 5 12 6 12 7 12 9 12 3 1 66 3 66 7 66 6 0 42 1 42 3 42 4 42 5 42 9 42 5 0 77 5 77 7 77 8 77 9 77 7 0 77 2 77 3 77 5 77 6 77 7 77 8 77 4 1 39 2 39 3 39 6 39
10 2 3 34 9 34 3 2 64 6 64 8 64 5 0 62 6 62 7 62 8 62 9 62 3 0 19 1 19 8 19 5 0 92 1 92 2 92 4 92 7 92 1 9 79 4 1 43 2 43 4 43 7 43 4 0 54 3 54 6 54 7 54 3 0 83 5 83 7 83 6 0 37 3 37 5 37 6 37 7 37 9 37
10 3 1 87 7 87 8 87 7 0 69 1 69 2 69 3 69 6 69 8 69 9 69 5 1 87 2 87 5 87 8 87 9 87 6 1 38 4 38 6 38 7 38 8 38 9 38 3 0 24 5 24 8 24 7 2 83 3 83 4 83 6 83 7 83 8 83 9 83 4 1 41 3 41 6 41 7 41 4 0 93 1 93 3 93 5 93 3 5 77 7 77 9 77 6 2 60 3 60 4 60 5 60 6 60 8 60
10 7 1 98 2 98 3 98 5 98 6 98 7 98 9 98 6 0 44 2 44 3 44 5 44 6 44 8 44 5 3 25 4 25 5 25 6 25 7 25 7 0 75 1 75 3 75 5 75 6 75 7 75 9 75 3 0 43 2 43 7 43 6 0 49 1 49 4 49 5 49 8 49 9 49 4 3 96 4 96 5 96 8 96 5 0 77 3 77 4 77 6 77 9 77 5 0 17 3 17 5 17 6 17 8 17 5 0 79 2 79 4 79 8 79 9 79
10 6 2 35 3 35 4 35 5 35 7 35 9 35 3 0 76 2 76 3 76 4 3 28 5 28 8 28 9 28 4 0 10 3 10 8 10 9 10 2 3 61 4 61 6 0 9 2 9 3 9 5 9 6 9 9 9 5 0 95 3 95 4 95 6 95 8 95 7 0 35 1 35 2 35 3 35 6 35 7 35 8 35 4 1 7 5 7 7 7 8 7 6 0 95 1 95 3 95 4 95 7 95 9 95
10 6 0 16 3 16 4 16 5 16 7 16 9 16 4 0 59 2 59 4 59 9 59 3 0 46 2 46 3 46 3 1 91 7 91 8 91 7 1 43 2 43 3 43 5 43 7 43 8 43 9 43 4 0 50 2 50 6 50 8 50 7 0 52 3 52 4 52 5 52 6 52 7 52 9 52 5 1 59 5 59 6 59 7 59 9 59 4 2 28 4 28 6 28 7 28 4 1 27 5 27 7 27 8 27
10 8 0 45 1 45 2 45 4 45 6 45 7 45 8 45 9 45 7 0 87 1 87 2 87 3 87 4 87 6 87 7 87 5 2 41 3 41 4 41 8 41 9 41 4 0 20 2 20 4 20 6 20 6 0 54 4 54 5 54 6 54 7 54 9 54 6 1 43 2 43 3 43 7 43 8 43 9 43 6 0 14 4 14 6 14 7 14 8 14 9 14 7 0 9 2 9 4 9 5 9 6 9 8 9 9 9 7 0 39 1 39 2 39 4 39 5 39 6 39 7 39 3 6 71 7 71 8 71
10 7 0 33 1 33 2 33 3 33 4 33 5 33 6 33 4 2 37 3 37 5 37 9 37 5 1 66 2 66 3 66 7 66 8 66 5 2 33 5 33 6 33 7 33 9 33 4 2 26 3 26 4 26 9 26 4 1 8 3 8 7 8 9 8 2 1 28 8 28 4 1 89 3 89 6 89 9 89 7 0 42 1 42 4 42 5 42 6 42 7 42 9 42 2 0 78 1 78
10 4 1 69 6 69 7 69 8 69 4 2 81 3 81 7 81 9 81 4 1 94 2 94 6 94 7 94 5 1 96 2 96 3 96 4 96 8 96 4 3 27 6 27 7 27 9 27 5 0 69 2 69 4 69 5 69 9 69 2 1 45 7 45 8 0 78 1 78 2 78 4 78 5 78 6 78 8 78 9 78 4 1 74 3 74 4 74 6 74 4 2 84 3 84 5 84 7 84
