10 10
10 4 2 18 4 18 5 18 6 18 6 0 21 4 21 5 21 7 21 8 21 9 21 7 2 41 3 41 4 41 5 41 6 41 7 41 9 41 9 1 45 2 45 3 45 4 45 5 45 6 45 7 45 8 45 9 45 5 0 38 1 38 3 38 4 38 5 38 6 1 50 4 50 5 50 6 50 8 50 9 50 4 2 84 3 84 5 84 7 84 7 0 29 2 29 4 29 5 29 6 29 8 29 9 29 5 0 23 1 23 2 23 8 23 9 23 4 0 82 1 82 2 82 4 82
10 5 1 57 4 57 6 57 7 57 8 57 4 5 16 6 16 7 16 9 16 4 1 52 3 52 4 52 7 52 8 0 74 1 74 3 74 4 74 5 74 6 74 7 74 8 74 3 2 38 4 38 5 38 4 2 54 3 54 6 54 8 54 5 0 62 1 62 3 62 6 62 8 62 7 0 37 1 37 2 37 3 37 6 37 8 37 9 37 3 1 54 4 54 5 54 6 0 52 1 52 2 52 3 52 6 52 9 52
10 5 0 30 1 30 2 30 6 30 9 30 5 0 79 1 79 4 79 6 79 7 79 4 0 68 3 68 4 68 7 68 2 1 61 2 61 4 0 11 2 11 8 11 9 11 6 1 89 2 89 3 89 5 89 6 89 7 89 4 1 89 3 89 4 89 7 89 3 0 81 5 81 9 81 3 4 81 7 81 9 81 6 0 57 2 57 3 57 5 57 8 57 9 57
10 5 0 91 1 91 2 91 6 91 8 91 5 3 8 4 8 5 8 6 8 8 8 5 2 33 3 33 4 33 6 33 7 33 2 7 55 8 55 4 4 20 5 20 7 20 9 20 5 0 20 1 20 2 20 4 20 9 20 4 0 32 2 32 4 32 7 32 5 0 84 3 84 6 84 8 84 9 84 5 1 66 3 66 4 66 7 66 9 66 5 0 24 3 24 5 24 6 24 9 24
10 4 3 40 4 40 6 40 9 40 2 0 7 2 7 2 4 19 6 19 5 0 7 1 7 5 7 8 7 9 7 4 0 83 2 83 5 83 6 83 4 2 64 4 64 5 64 6 64 6 1 56 2 56 4 56 5 56 6 56 8 56 4 0 54 3 54 4 54 9 54 5 0 8 3 8 4 8 5 8 7 8 7 0 39 1 39 3 39 4 39 6 39 7 39 8 39
10 4 0 91 2 91 3 91 5 91 7 1 64 2 64 3 64 5 64 6 64 7 64 9 64 4 4 40 5 40 6 40 8 40 3 0 63 3 63 8 63 3 2 98 6 98 7 98 5 3 74 4 74 5 74 6 74 7 74 3 0 61 1 61 8 61 6 0 6 1 6 2 6 3 6 5 6 7 6 6 2 42 5 42 6 42 7 42 8 42 9 42 5 2 15 3 15 6 15 7 15 9 15
10 8 0 80 1 80 2 80 3 80 4 80 5 80 7 80 8 80 5 2 39 5 39 6 39 7 39 8 39 7 0 24 2 24 4 24 5 24 6 24 7 24 8 24 5 3 75 4 75 5 75 7 75 8 75 5 0 75 1 75 4 75 7 75 9 75 4 0 6 1 6 5 6 7 6 6 0 44 3 44 4 44 5 44 6 44 7 44 3 0 26 1 26 5 26 4 2 87 4 87 5 87 6 87 4 2 22 3 22 7 22 9 22
10 3 1 15 8 15 9 15 4 0 43 2 43 6 43 7 43 3 1 20 2 20 9 20 6 0 12 2 12 3 12 4 12 5 12 7 12 3 5 26 7 26 8 26 4 1 61 2 61 6 61 7 61 5 2 79 3 79 6 79 8 79 9 79 5 2 22 5 22 7 22 8 22 9 22 4 1 8 2 8 5 8 9 8 2 4 80 7 80
10 6 0 62 1 62 2 62 5 62 7 62 9 62 7 1 96 2 96 3 96 4 96 5 96 6 96 8 96 3 4 22 5 22 9 22 4 3 5 5 5 7 5 9 5 5 0 63 2 63 4 63 6 63 9 63 5 0 33 2 33 4 33 6 33 7 33 8 0 10 1 10 3 10 4 10 5 10 6 10 7 10 9 10 4 3 18 5 18 8 18 9 18 8 0 36 1 36 3 36 4 36 5 36 6 36 7 36 8 36 6 0 40 2 40 5 40 7 40 8 40 9 40
10 6 1 96 3 96 4 96 7 96 8 96 9 96 4 0 89 2 89 7 89 9 89 7 0 64 1 64 2 64 3 64 4 64 5 64 8 64 6 0 95 1 95 3 95 4 95 5 95 9 95 5 0 23 4 23 6 23 8 23 9 23 5 1 18 2 18 7 18 8 18 9 18 4 1 15 6 15 7 15 8 15 6 1 64 2 64 4 64 6 64 8 64 9 64 3 5 38 6 38 8 38 5 0 8 1 8 2 8 4 8 8 8
