10 10
10 3 2 54 5 54 6 54 5 0 87 4 87 5 87 8 87 9 87 7 2 48 3 48 4 48 5 48 6 48 7 48 9 48 9 1 60 2 60 3 60 4 60 5 60 6 60 7 60 8 60 9 60 6 0 39 1 39 3 39 4 39 5 39 7 39 6 1 35 4 35 5 35 6 35 8 35 9 35 4 1 72 2 72 3 72 7 72 7 0 95 2 95 4 95 5 95 6 95 8 95 9 95 5 0 66 1 66 2 66 8 66 9 66 5 0 5 1 5 2 5 4 5 9 5
10 6 1 20 3 20 4 20 6 20 7 20 8 20 3 6 46 7 46 9 46 4 3 34 4 34 6 34 7 34 8 0 55 1 55 3 55 4 55 5 55 6 55 7 55 8 55 3 0 97 4 97 5 97 4 2 19 3 19 6 19 8 19 6 0 59 1 59 3 59 4 59 6 59 8 59 6 0 21 1 21 2 21 3 21 6 21 8 21 3 1 37 5 37 7 37 6 0 46 1 46 2 46 3 46 6 46 9 46
10 6 0 45 1 45 2 45 4 45 6 45 9 45 5 0 24 1 24 4 24 6 24 7 24 4 0 28 4 28 7 28 8 28 2 0 28 2 28 4 0 83 2 83 7 83 9 83 6 1 78 2 78 3 78 5 78 6 78 7 78 4 1 23 3 23 4 23 5 23 3 3 25 5 25 9 25 3 4 5 7 5 9 5 6 0 73 2 73 3 73 5 73 8 73 9 73
10 6 0 12 1 12 2 12 6 12 8 12 9 12 5 1 37 3 37 4 37 5 37 6 37 4 2 38 4 38 6 38 7 38 2 3 71 8 71 5 4 33 5 33 7 33 8 33 9 33 5 0 12 1 12 2 12 4 12 9 12 5 0 55 2 55 4 55 6 55 7 55 4 0 53 3 53 8 53 9 53 4 3 87 4 87 7 87 9 87 4 0 29 3 29 5 29 6 29
10 3 3 83 4 83 6 83 2 0 49 2 49 1 6 23 4 0 27 1 27 5 27 9 27 5 0 65 2 65 5 65 6 65 7 65 4 0 48 4 48 5 48 6 48 5 1 90 2 90 4 90 6 90 8 90 5 0 7 3 7 4 7 5 7 9 7 6 0 40 1 40 3 40 4 40 5 40 7 40 6 0 17 3 17 4 17 6 17 7 17 8 17
10 4 0 66 1 66 2 66 5 66 8 1 25 2 25 3 25 4 25 5 25 6 25 7 25 9 25 4 0 62 4 62 6 62 8 62 4 0 84 2 84 3 84 8 84 4 2 13 6 13 7 13 9 13 4 3 64 5 64 6 64 7 64 4 0 46 1 46 7 46 8 46 6 0 59 2 59 3 59 5 59 7 59 8 59 6 2 19 5 19 6 19 7 19 8 19 9 19 5 2 85 3 85 6 85 7 85 9 85
10 8 0 73 1 73 2 73 3 73 4 73 5 73 7 73 8 73 6 2 80 3 80 5 80 6 80 7 80 8 80 6 0 41 2 41 4 41 5 41 6 41 7 41 5 2 53 4 53 5 53 7 53 8 53 5 0 47 1 47 4 47 7 47 9 47 3 0 57 1 57 7 57 7 0 74 3 74 4 74 5 74 6 74 7 74 8 74 3 1 14 4 14 5 14 3 4 67 5 67 6 67 4 2 88 3 88 5 88 7 88
10 3 5 64 8 64 9 64 4 0 84 2 84 3 84 6 84 3 1 46 6 46 9 46 7 0 78 1 78 2 78 3 78 4 78 5 78 7 78 4 0 84 5 84 7 84 8 84 3 1 26 2 26 7 26 5 2 28 3 28 6 28 8 28 9 28 5 2 52 5 52 7 52 8 52 9 52 4 1 41 2 41 5 41 9 41 2 4 63 7 63
10 5 0 11 1 11 5 11 7 11 9 11 7 0 64 1 64 2 64 4 64 5 64 6 64 8 64 3 5 67 7 67 9 67 4 3 85 4 85 5 85 7 85 5 2 10 3 10 4 10 6 10 9 10 6 0 73 2 73 4 73 5 73 6 73 7 73 7 0 38 1 38 3 38 4 38 5 38 6 38 9 38 4 3 95 5 95 8 95 9 95 8 0 97 1 97 3 97 4 97 5 97 6 97 7 97 8 97 6 0 17 2 17 5 17 7 17 8 17 9 17
10 6 1 60 3 60 4 60 7 60 8 60 9 60 4 2 32 7 32 8 32 9 32 7 0 95 1 95 2 95 3 95 4 95 5 95 8 95 6 0 93 1 93 3 93 4 93 5 93 9 93 6 0 65 1 65 4 65 6 65 8 65 9 65 6 1 85 2 85 6 85 7 85 8 85 9 85 4 1 43 6 43 7 43 8 43 6 1 85 2 85 4 85 6 85 8 85 9 85 2 5 46 8 46 4 0 59 1 59 2 59 8 59
