15 10
10 5 2 34 3 34 5 34 6 34 9 34 5 1 55 3 55 6 55 7 55 8 55 7 0 95 2 95 3 95 5 95 7 95 8 95 9 95 6 0 16 1 16 2 16 4 16 8 16 9 16 6 0 21 2 21 3 21 4 21 5 21 7 21 6 2 71 3 71 4 71 5 71 6 71 8 71 5 0 53 1 53 5 53 8 53 9 53 4 1 52 3 52 6 52 8 52 5 0 21 1 21 5 21 7 21 8 21 8 0 26 2 26 4 26 5 26 6 26 7 26 8 26 9 26
10 5 0 39 1 39 3 39 5 39 9 39 4 2 31 4 31 5 31 7 31 5 0 12 5 12 7 12 8 12 9 12 5 1 42 5 42 7 42 8 42 9 42 2 1 79 9 79 5 2 77 4 77 5 77 7 77 8 77 4 1 77 3 77 5 77 6 77 5 4 98 5 98 6 98 7 98 9 98 3 4 55 5 55 9 55 6 1 66 3 66 4 66 5 66 7 66 8 66
10 4 1 19 2 19 5 19 9 19 5 0 83 1 83 2 83 5 83 8 83 6 3 34 4 34 5 34 6 34 7 34 8 34 3 4 92 6 92 8 92 6 2 54 4 54 5 54 6 54 7 54 8 54 5 2 79 5 79 7 79 8 79 9 79 6 1 62 3 62 5 62 6 62 8 62 9 62 5 0 37 2 37 4 37 5 37 7 37 4 2 64 5 64 8 64 9 64 3 1 43 3 43 7 43
10 6 0 60 1 60 4 60 6 60 8 60 9 60 6 0 87 2 87 4 87 5 87 7 87 9 87 4 2 24 3 24 4 24 8 24 5 1 77 2 77 3 77 5 77 6 77 4 1 69 3 69 7 69 8 69 7 2 38 4 38 5 38 6 38 7 38 8 38 9 38 6 1 87 3 87 4 87 6 87 7 87 9 87 3 3 41 6 41 7 41 2 2 83 9 83 4 0 93 6 93 7 93 9 93
10 4 2 79 3 79 4 79 8 79 4 3 77 5 77 7 77 9 77 6 0 98 1 98 2 98 5 98 6 98 9 98 5 1 96 2 96 4 96 6 96 7 96 5 1 17 2 17 3 17 4 17 5 17 4 0 44 4 44 6 44 8 44 3 5 43 7 43 8 43 5 2 75 3 75 5 75 6 75 9 75 4 1 49 2 49 3 49 8 49 7 0 25 1 25 2 25 3 25 4 25 5 25 6 25
10 6 2 35 3 35 5 35 6 35 8 35 9 35 4 3 95 4 95 6 95 7 95 2 4 9 6 9 6 0 10 1 10 2 10 4 10 6 10 9 10 6 0 35 2 35 4 35 5 35 7 35 9 35 5 1 7 2 7 4 7 5 7 6 7 5 1 28 2 28 5 28 7 28 8 28 5 0 61 1 61 4 61 8 61 9 61 3 0 95 1 95 3 95 8 1 76 3 76 4 76 5 76 6 76 7 76 8 76 9 76
10 5 3 28 4 28 7 28 8 28 9 28 7 1 59 2 59 3 59 5 59 6 59 7 59 9 59 5 3 16 4 16 6 16 8 16 9 16 4 1 43 5 43 7 43 9 43 3 0 46 1 46 5 46 2 2 50 8 50 5 1 52 2 52 4 52 6 52 7 52 6 0 27 2 27 3 27 6 27 7 27 8 27 6 1 59 2 59 3 59 4 59 8 59 9 59 3 1 91 4 91 8 91
10 3 2 9 5 9 6 9 4 2 20 4 20 5 20 6 20 4 2 39 3 39 5 39 6 39 5 0 54 2 54 4 54 6 54 9 54 5 0 45 1 45 3 45 5 45 7 45 4 4 71 6 71 7 71 9 71 4 0 87 5 87 7 87 9 87 8 0 41 2 41 3 41 4 41 5 41 6 41 8 41 9 41 6 0 43 1 43 3 43 4 43 5 43 9 43 7 1 14 2 14 3 14 5 14 6 14 8 14 9 14
10 7 1 28 2 28 4 28 5 28 6 28 7 28 8 28 2 3 33 5 33 4 0 78 1 78 3 78 7 78 6 0 26 1 26 2 26 3 26 4 26 5 26 7 0 37 1 37 2 37 3 37 7 37 8 37 9 37 4 5 8 7 8 8 8 9 8 2 0 66 8 66 2 4 89 6 89 4 0 42 2 42 5 42 9 42 3 1 33 4 33 5 33
10 6 0 94 2 94 3 94 4 94 5 94 8 94 8 0 84 1 84 3 84 4 84 5 84 6 84 7 84 9 84 6 1 78 2 78 5 78 6 78 7 78 8 78 5 0 81 2 81 3 81 8 81 9 81 6 1 74 5 74 6 74 7 74 8 74 9 74 2 2 27 3 27 6 0 69 1 69 2 69 5 69 7 69 8 69 6 0 69 1 69 4 69 5 69 6 69 7 69 3 5 45 7 45 8 45 4 1 96 2 96 3 96 4 96
10 6 1 31 2 31 3 31 5 31 6 31 9 31 4 1 24 3 24 4 24 5 24 5 0 20 1 20 2 20 4 20 6 20 4 1 17 2 17 5 17 6 17 5 0 25 1 25 6 25 7 25 9 25 5 1 81 3 81 5 81 8 81 9 81 2 5 76 7 76 5 0 87 2 87 3 87 6 87 7 87 3 4 32 7 32 8 32 4 0 18 1 18 6 18 8 18
10 4 0 28 5 28 6 28 9 28 7 0 97 1 97 2 97 3 97 5 97 8 97 9 97 6 0 58 1 58 2 58 4 58 5 58 9 58 5 0 45 3 45 4 45 8 45 9 45 4 0 76 4 76 6 76 9 76 4 1 99 3 99 4 99 6 99 6 0 23 1 23 2 23 3 23 4 23 5 23 4 0 72 1 72 7 72 9 72 4 1 90 3 90 4 90 8 90 5 0 86 2 86 4 86 6 86 7 86
10 2 5 27 9 27 5 1 48 4 48 5 48 6 48 9 48 6 0 27 2 27 5 27 6 27 7 27 8 27 3 0 62 6 62 7 62 6 1 98 3 98 4 98 5 98 7 98 9 98 7 0 67 1 67 2 67 3 67 5 67 6 67 7 67 5 0 48 3 48 5 48 8 48 9 48 3 0 42 2 42 7 42 5 1 46 2 46 5 46 7 46 8 46 4 2 17 3 17 4 17 5 17
10 5 1 12 3 12 4 12 7 12 9 12 4 0 50 3 50 4 50 8 50 5 0 80 2 80 3 80 4 80 6 80 4 2 50 6 50 8 50 9 50 4 0 80 4 80 5 80 9 80 4 2 19 3 19 4 19 9 19 4 0 28 5 28 7 28 8 28 4 1 63 6 63 7 63 8 63 3 4 94 5 94 9 94 7 0 98 1 98 2 98 4 98 5 98 6 98 7 98
10 5 1 61 3 61 4 61 5 61 9 61 7 1 55 2 55 3 55 4 55 5 55 8 55 9 55 3 4 37 6 37 8 37 5 0 14 2 14 4 14 5 14 6 14 5 1 50 2 50 3 50 5 50 7 50 3 3 79 8 79 9 79 5 1 41 3 41 5 41 7 41 8 41 7 1 72 2 72 3 72 5 72 6 72 7 72 9 72 8 0 18 1 18 2 18 4 18 6 18 7 18 8 18 9 18 4 0 75 3 75 4 75 9 75
