15 10
10 3 1 66 7 66 9 66 5 3 91 5 91 6 91 8 91 9 91 3 2 87 4 87 9 87 5 0 94 2 94 3 94 5 94 7 94 4 0 21 5 21 7 21 8 21 5 0 92 3 92 5 92 8 92 9 92 3 1 7 2 7 8 7 3 0 12 2 12 3 12 6 1 11 3 11 4 11 5 11 6 11 8 11 5 0 19 1 19 2 19 6 19 9 19
10 2 3 13 8 13 4 1 20 2 20 3 20 4 20 3 4 7 7 7 8 7 5 0 14 1 14 3 14 8 14 9 14 3 2 66 7 66 9 66 4 0 75 1 75 4 75 9 75 4 2 77 3 77 6 77 8 77 5 0 16 5 16 6 16 7 16 9 16 6 1 95 2 95 5 95 6 95 7 95 8 95 4 0 7 4 7 7 7 8 7
10 4 0 77 4 77 8 77 9 77 5 0 20 1 20 3 20 7 20 9 20 5 2 34 3 34 5 34 7 34 9 34 4 0 15 2 15 4 15 7 15 4 3 88 6 88 8 88 9 88 6 3 89 4 89 5 89 7 89 8 89 9 89 3 1 53 6 53 9 53 7 2 6 3 6 4 6 5 6 7 6 8 6 9 6 5 0 45 1 45 2 45 4 45 6 45 5 0 76 4 76 6 76 7 76 9 76
10 2 3 27 5 27 4 2 74 3 74 5 74 8 74 7 1 88 3 88 5 88 6 88 7 88 8 88 9 88 4 2 62 4 62 7 62 9 62 3 0 52 3 52 7 52 7 0 69 1 69 2 69 5 69 7 69 8 69 9 69 4 1 9 5 9 7 9 9 9 5 3 98 4 98 5 98 6 98 9 98 5 0 52 2 52 4 52 5 52 6 52 4 1 88 6 88 7 88 8 88
10 6 0 88 3 88 4 88 5 88 8 88 9 88 2 6 15 7 15 7 0 52 1 52 2 52 3 52 5 52 7 52 9 52 5 2 61 3 61 4 61 6 61 8 61 3 4 54 6 54 7 54 4 0 62 1 62 4 62 9 62 5 2 59 3 59 7 59 8 59 9 59 4 3 9 5 9 7 9 8 9 4 3 90 4 90 5 90 9 90 5 0 5 2 5 5 5 7 5 9 5
10 3 2 71 5 71 6 71 3 0 41 1 41 7 41 4 1 38 4 38 6 38 9 38 6 0 53 1 53 3 53 4 53 6 53 8 53 4 2 91 3 91 7 91 8 91 6 0 68 1 68 4 68 6 68 8 68 9 68 6 1 50 2 50 4 50 5 50 6 50 8 50 5 4 78 5 78 7 78 8 78 9 78 5 2 23 4 23 6 23 8 23 9 23 5 1 72 3 72 5 72 6 72 9 72
10 4 3 95 4 95 6 95 7 95 6 0 36 2 36 4 36 6 36 7 36 9 36 2 1 66 6 66 5 1 52 2 52 3 52 4 52 5 52 4 0 45 1 45 2 45 7 45 5 2 30 4 30 7 30 8 30 9 30 5 1 23 2 23 4 23 8 23 9 23 3 1 25 2 25 8 25 4 0 17 1 17 6 17 7 17 5 0 6 1 6 6 6 7 6 8 6
10 3 0 65 1 65 4 65 2 1 8 8 8 4 2 85 3 85 4 85 8 85 4 0 71 2 71 4 71 9 71 3 1 65 5 65 7 65 7 1 28 2 28 3 28 4 28 6 28 8 28 9 28 7 1 88 2 88 3 88 5 88 7 88 8 88 9 88 7 1 76 2 76 3 76 5 76 7 76 8 76 9 76 5 0 27 1 27 6 27 8 27 9 27 6 1 95 2 95 4 95 5 95 6 95 9 95
10 5 1 37 3 37 5 37 7 37 9 37 6 0 37 1 37 5 37 6 37 8 37 9 37 6 0 28 2 28 3 28 4 28 6 28 9 28 2 3 51 5 51 5 0 86 2 86 7 86 8 86 9 86 3 0 9 2 9 6 9 5 1 55 3 55 6 55 8 55 9 55 4 0 73 1 73 2 73 8 73 6 0 51 3 51 4 51 5 51 7 51 8 51 3 2 90 5 90 7 90
10 5 0 39 1 39 3 39 4 39 6 39 5 2 15 4 15 7 15 8 15 9 15 4 0 83 3 83 6 83 7 83 6 0 44 1 44 3 44 5 44 6 44 9 44 6 1 53 2 53 4 53 6 53 7 53 9 53 4 0 16 2 16 3 16 5 16 3 2 46 4 46 6 46 6 0 24 1 24 2 24 5 24 6 24 8 24 4 0 25 1 25 4 25 7 25 4 0 82 5 82 6 82 8 82
10 6 1 72 2 72 3 72 5 72 6 72 8 72 7 2 48 3 48 4 48 6 48 7 48 8 48 9 48 4 0 87 4 87 5 87 6 87 4 2 66 5 66 7 66 8 66 5 3 5 4 5 6 5 8 5 9 5 4 2 54 3 54 5 54 6 54 5 0 39 1 39 4 39 5 39 7 39 5 1 35 3 35 6 35 8 35 9 35 5 0 95 2 95 3 95 4 95 5 95 4 1 60 3 60 7 60 9 60
10 3 1 46 5 46 7 46 7 0 20 3 20 4 20 5 20 6 20 8 20 9 20 5 0 97 2 97 3 97 4 97 8 97 5 0 21 1 21 2 21 5 21 8 21 5 0 46 3 46 4 46 7 46 9 46 6 0 37 1 37 5 37 6 37 7 37 8 37 7 0 19 1 19 3 19 4 19 6 19 7 19 8 19 3 2 59 4 59 9 59 3 1 34 6 34 7 34 2 2 55 5 55
10 4 0 23 3 23 4 23 5 23 5 0 25 2 25 3 25 5 25 7 25 5 0 78 2 78 4 78 5 78 6 78 5 1 24 2 24 3 24 6 24 9 24 2 0 28 9 28 7 0 83 1 83 2 83 5 83 7 83 8 83 9 83 7 0 28 1 28 2 28 5 28 6 28 8 28 9 28 1 9 5 6 0 73 2 73 5 73 7 73 8 73 9 73 3 2 45 4 45 6 45
10 3 1 37 7 37 8 37 6 0 53 4 53 6 53 7 53 8 53 9 53 4 1 87 2 87 4 87 7 87 4 0 38 2 38 4 38 9 38 8 0 71 1 71 3 71 4 71 5 71 6 71 8 71 9 71 3 3 29 5 29 8 29 4 0 12 7 12 8 12 9 12 3 0 33 3 33 8 33 5 0 55 1 55 4 55 6 55 7 55 4 0 12 2 12 5 12 6 12
10 4 2 90 4 90 5 90 9 90 6 0 17 1 17 2 17 3 17 4 17 8 17 6 1 49 2 49 3 49 4 49 6 49 8 49 3 1 83 3 83 6 83 4 1 40 4 40 7 40 9 40 3 5 23 6 23 9 23 7 1 65 2 65 3 65 4 65 5 65 6 65 7 65 2 0 27 9 27 5 2 7 4 7 5 7 7 7 8 7 3 0 48 4 48 7 48
