15 10
10 2 1 84 7 84 5 3 58 5 58 6 58 8 58 9 58 3 2 77 8 77 9 77 5 0 44 2 44 3 44 5 44 7 44 5 0 97 4 97 5 97 7 97 8 97 5 0 89 5 89 6 89 8 89 9 89 3 2 5 3 5 8 5 3 1 58 2 58 3 58 7 1 96 3 96 4 96 5 96 6 96 8 96 9 96 4 0 9 1 9 2 9 9 9
10 3 3 21 6 21 8 21 4 1 87 2 87 3 87 4 87 3 4 15 7 15 8 15 6 0 39 1 39 3 39 5 39 8 39 9 39 3 2 81 7 81 9 81 4 1 85 3 85 4 85 9 85 4 2 31 3 31 7 31 8 31 6 0 57 5 57 6 57 7 57 8 57 9 57 6 1 73 2 73 5 73 6 73 8 73 9 73 3 0 77 4 77 7 77
10 4 0 40 4 40 8 40 9 40 5 0 71 1 71 3 71 5 71 9 71 6 2 34 3 34 5 34 7 34 8 34 9 34 4 2 82 4 82 7 82 9 82 3 3 70 6 70 8 70 7 3 22 4 22 5 22 6 22 7 22 8 22 9 22 3 1 10 4 10 9 10 7 2 80 3 80 4 80 5 80 7 80 8 80 9 80 5 0 48 1 48 2 48 4 48 6 48 5 0 49 1 49 6 49 7 49 9 49
10 1 5 75 4 2 17 3 17 5 17 8 17 6 1 7 3 7 5 7 7 7 8 7 9 7 4 2 72 6 72 7 72 9 72 3 0 11 3 11 4 11 6 0 62 1 62 2 62 5 62 7 62 9 62 5 1 47 5 47 7 47 8 47 9 47 5 3 35 4 35 5 35 6 35 9 35 5 1 91 2 91 4 91 5 91 6 91 5 0 55 1 55 6 55 7 55 8 55
10 5 0 20 3 20 5 20 8 20 9 20 3 4 12 6 12 7 12 8 0 71 1 71 2 71 3 71 5 71 6 71 7 71 9 71 6 2 67 3 67 4 67 6 67 7 67 8 67 3 0 64 4 64 6 64 4 1 94 2 94 4 94 9 94 5 2 15 3 15 7 15 8 15 9 15 4 3 50 5 50 7 50 8 50 4 3 75 4 75 5 75 9 75 5 0 90 1 90 2 90 5 90 7 90
10 3 2 93 5 93 6 93 3 1 93 5 93 7 93 3 1 57 6 57 9 57 6 0 70 1 70 4 70 6 70 7 70 8 70 4 2 77 3 77 7 77 8 77 6 0 58 1 58 4 58 6 58 8 58 9 58 6 0 52 2 52 4 52 5 52 6 52 8 52 5 2 29 4 29 7 29 8 29 9 29 5 2 7 4 7 6 7 8 7 9 7 4 1 68 3 68 5 68 6 68
10 4 3 56 4 56 6 56 7 56 5 0 95 2 95 4 95 6 95 7 95 2 1 48 8 48 4 1 26 2 26 3 26 4 26 4 0 82 1 82 2 82 7 82 5 1 63 2 63 4 63 7 63 9 63 5 1 36 2 36 4 36 8 36 9 36 4 1 27 2 27 3 27 8 27 4 0 87 1 87 6 87 7 87 5 0 6 5 6 6 6 7 6 8 6
10 4 0 76 1 76 3 76 4 76 3 1 15 5 15 8 15 5 2 78 3 78 4 78 8 78 9 78 4 1 8 2 8 4 8 9 8 4 1 41 5 41 7 41 8 41 7 1 36 2 36 3 36 4 36 6 36 8 36 9 36 7 1 30 2 30 3 30 4 30 7 30 8 30 9 30 8 1 84 2 84 3 84 5 84 6 84 7 84 8 84 9 84 4 0 36 1 36 6 36 8 36 6 1 76 4 76 5 76 6 76 7 76 9 76
10 6 0 75 1 75 3 75 5 75 7 75 9 75 6 0 13 5 13 6 13 7 13 8 13 9 13 5 0 81 2 81 3 81 6 81 9 81 2 5 29 8 29 6 0 54 2 54 4 54 7 54 8 54 9 54 2 0 82 6 82 6 1 88 3 88 5 88 6 88 8 88 9 88 3 1 78 2 78 8 78 6 0 40 3 40 4 40 5 40 8 40 9 40 3 2 13 3 13 7 13
10 6 0 6 1 6 2 6 3 6 4 6 6 6 6 1 26 2 26 4 26 7 26 8 26 9 26 4 0 32 3 32 6 32 7 32 6 0 64 1 64 3 64 5 64 6 64 9 64 5 1 54 2 54 4 54 6 54 9 54 4 0 52 2 52 3 52 5 52 3 2 82 5 82 6 82 6 0 6 1 6 2 6 3 6 6 6 8 6 4 0 88 4 88 7 88 9 88 4 0 54 5 54 6 54 8 54
10 6 1 62 2 62 3 62 5 62 6 62 8 62 7 2 67 3 67 4 67 6 67 7 67 8 67 9 67 3 4 32 5 32 6 32 5 0 62 2 62 5 62 7 62 8 62 6 3 69 4 69 6 69 7 69 8 69 9 69 3 2 61 3 61 5 61 4 0 35 1 35 4 35 5 35 6 1 72 3 72 4 72 6 72 8 72 9 72 6 0 5 2 5 3 5 4 5 5 5 9 5 5 1 93 3 93 6 93 7 93 9 93
10 4 1 78 2 78 5 78 7 78 6 0 90 4 90 5 90 6 90 8 90 9 90 5 0 85 2 85 3 85 4 85 8 85 5 0 72 1 72 2 72 5 72 8 72 5 0 64 3 64 4 64 7 64 8 64 5 0 63 1 63 5 63 6 63 8 63 7 0 11 1 11 3 11 4 11 6 11 7 11 8 11 4 2 82 4 82 7 82 9 82 3 1 88 5 88 7 88 3 2 7 4 7 5 7
10 3 0 28 3 28 4 28 5 0 11 2 11 5 11 7 11 9 11 5 0 50 2 50 4 50 5 50 7 50 4 2 88 3 88 6 88 9 88 2 0 44 9 44 6 0 31 1 31 2 31 5 31 8 31 9 31 7 0 27 1 27 2 27 5 27 6 27 8 27 9 27 1 1 66 5 0 49 5 49 7 49 8 49 9 49 3 2 35 3 35 6 35
10 3 2 14 7 14 8 14 6 4 39 5 39 6 39 7 39 8 39 9 39 4 1 56 2 56 4 56 6 56 4 0 62 2 62 4 62 9 62 8 0 97 1 97 3 97 4 97 5 97 6 97 8 97 9 97 3 3 66 8 66 9 66 4 0 69 7 69 8 69 9 69 4 0 7 1 7 3 7 8 7 5 0 47 1 47 4 47 7 47 8 47 3 0 76 5 76 6 76
10 5 1 18 2 18 4 18 5 18 9 18 6 0 93 1 93 2 93 3 93 4 93 8 93 6 1 58 3 58 4 58 6 58 7 58 8 58 3 1 47 3 47 6 47 4 3 69 4 69 7 69 9 69 2 5 57 9 57 6 1 41 2 41 3 41 4 41 5 41 6 41 2 0 53 5 53 4 2 79 4 79 7 79 8 79 3 0 64 4 64 7 64
