15 10
10 7 0 8 1 8 3 8 4 8 5 8 7 8 9 8 6 1 75 4 75 5 75 7 75 8 75 9 75 7 0 72 1 72 2 72 4 72 5 72 8 72 9 72 2 6 74 7 74 6 0 30 3 30 4 30 5 30 6 30 7 30 5 3 43 5 43 7 43 8 43 9 43 3 2 38 3 38 6 38 5 0 98 1 98 4 98 5 98 8 98 8 0 26 1 26 2 26 3 26 4 26 6 26 7 26 9 26 2 3 19 8 19
10 5 3 19 4 19 5 19 6 19 7 19 7 1 73 3 73 4 73 5 73 6 73 8 73 9 73 2 3 43 9 43 4 0 23 2 23 4 23 8 23 7 0 85 1 85 3 85 4 85 5 85 6 85 7 85 1 4 39 6 2 13 3 13 4 13 5 13 8 13 9 13 5 1 26 2 26 3 26 8 26 9 26 5 2 67 5 67 6 67 7 67 9 67 4 4 9 6 9 7 9 9 9
10 6 0 50 1 50 5 50 6 50 7 50 8 50 4 0 93 3 93 4 93 8 93 4 3 80 5 80 6 80 9 80 6 0 7 1 7 4 7 6 7 7 7 9 7 6 0 55 2 55 3 55 5 55 6 55 7 55 7 1 61 2 61 5 61 6 61 7 61 8 61 9 61 8 1 57 2 57 3 57 4 57 5 57 6 57 7 57 9 57 2 7 72 8 72 6 1 42 2 42 5 42 7 42 8 42 9 42 6 0 46 4 46 5 46 6 46 7 46 8 46
10 5 1 68 2 68 5 68 6 68 9 68 4 4 43 5 43 6 43 7 43 3 4 99 5 99 6 99 5 1 60 5 60 6 60 7 60 8 60 7 0 68 2 68 3 68 5 68 6 68 8 68 9 68 5 0 91 2 91 3 91 5 91 6 91 7 0 11 2 11 3 11 4 11 5 11 6 11 8 11 4 0 96 3 96 5 96 9 96 5 1 11 2 11 3 11 6 11 9 11 4 1 72 2 72 4 72 5 72
10 4 6 84 7 84 8 84 9 84 5 2 34 3 34 4 34 5 34 7 34 6 0 40 1 40 4 40 6 40 7 40 8 40 6 2 7 5 7 6 7 7 7 8 7 9 7 5 1 70 4 70 7 70 8 70 9 70 6 1 74 4 74 5 74 6 74 7 74 8 74 7 0 12 1 12 2 12 3 12 5 12 6 12 7 12 6 0 43 1 43 3 43 5 43 7 43 8 43 3 1 69 7 69 9 69 4 0 30 4 30 7 30 9 30
10 3 5 60 8 60 9 60 4 0 49 5 49 7 49 9 49 3 3 59 4 59 7 59 5 2 72 3 72 5 72 8 72 9 72 6 0 63 2 63 6 63 7 63 8 63 9 63 5 0 69 1 69 2 69 7 69 8 69 7 0 99 2 99 3 99 5 99 6 99 7 99 8 99 4 1 45 4 45 5 45 6 45 4 1 27 2 27 3 27 4 27 4 0 9 2 9 4 9 5 9
10 7 0 71 2 71 4 71 5 71 6 71 7 71 8 71 6 1 91 2 91 5 91 6 91 8 91 9 91 5 1 65 5 65 6 65 7 65 8 65 5 0 90 1 90 3 90 4 90 9 90 4 2 98 5 98 6 98 9 98 6 1 8 4 8 5 8 6 8 7 8 9 8 5 0 50 4 50 7 50 8 50 9 50 5 0 75 2 75 3 75 6 75 8 75 4 0 37 2 37 5 37 9 37 3 1 17 3 17 6 17
10 3 0 62 7 62 8 62 4 0 90 3 90 7 90 8 90 6 0 98 1 98 5 98 6 98 8 98 9 98 6 2 31 3 31 4 31 5 31 7 31 8 31 7 0 91 1 91 2 91 3 91 5 91 7 91 8 91 4 1 38 4 38 6 38 7 38 2 1 72 9 72 5 0 9 1 9 5 9 6 9 9 9 6 0 72 1 72 2 72 4 72 6 72 8 72 6 0 49 2 49 4 49 6 49 7 49 8 49
10 5 0 35 1 35 4 35 6 35 7 35 5 0 39 1 39 2 39 4 39 5 39 6 1 74 4 74 5 74 6 74 7 74 9 74 3 2 25 5 25 6 25 5 4 47 6 47 7 47 8 47 9 47 3 3 52 4 52 9 52 3 0 63 2 63 4 63 3 2 21 3 21 8 21 3 0 35 1 35 6 35 4 0 80 1 80 8 80 9 80
10 4 0 58 3 58 4 58 9 58 6 0 5 2 5 5 5 6 5 7 5 8 5 4 2 50 3 50 4 50 6 50 3 0 52 4 52 8 52 5 0 88 1 88 7 88 8 88 9 88 4 2 20 4 20 6 20 9 20 3 0 68 2 68 9 68 3 0 24 1 24 5 24 3 0 53 4 53 6 53 2 5 57 7 57
10 5 1 99 2 99 3 99 4 99 7 99 6 0 91 2 91 3 91 5 91 8 91 9 91 5 1 33 2 33 3 33 4 33 5 33 8 0 19 1 19 3 19 5 19 6 19 7 19 8 19 9 19 6 0 18 1 18 2 18 4 18 8 18 9 18 4 0 38 4 38 6 38 9 38 5 0 24 2 24 3 24 7 24 8 24 7 1 35 2 35 4 35 5 35 6 35 7 35 9 35 2 1 49 5 49 4 0 9 7 9 8 9 9 9
10 3 0 68 1 68 7 68 6 0 60 1 60 3 60 4 60 5 60 8 60 5 1 77 2 77 4 77 6 77 9 77 6 0 10 1 10 4 10 6 10 7 10 9 10 5 1 60 3 60 5 60 7 60 8 60 5 0 15 3 15 5 15 8 15 9 15 5 1 72 6 72 7 72 8 72 9 72 5 1 18 2 18 3 18 4 18 8 18 6 1 90 3 90 5 90 6 90 7 90 8 90 5 1 18 2 18 4 18 5 18 7 18
10 5 0 79 1 79 7 79 8 79 9 79 6 1 60 2 60 3 60 5 60 7 60 8 60 7 1 56 2 56 3 56 5 56 7 56 8 56 9 56 2 0 91 6 91 5 1 40 2 40 3 40 6 40 7 40 5 0 86 4 86 7 86 8 86 9 86 5 1 72 4 72 6 72 7 72 8 72 6 0 80 3 80 5 80 6 80 7 80 9 80 6 0 89 2 89 3 89 5 89 8 89 9 89 6 1 51 2 51 4 51 6 51 7 51 8 51
10 4 0 10 2 10 4 10 7 10 5 2 92 4 92 5 92 7 92 9 92 7 0 23 1 23 2 23 5 23 6 23 7 23 8 23 6 1 46 2 46 3 46 5 46 6 46 7 46 6 1 40 3 40 4 40 7 40 8 40 9 40 7 0 72 1 72 3 72 6 72 7 72 8 72 9 72 5 1 6 2 6 3 6 4 6 7 6 3 1 23 5 23 8 23 4 0 95 5 95 6 95 8 95 5 0 34 5 34 6 34 8 34 9 34
10 7 0 24 1 24 2 24 3 24 4 24 5 24 9 24 4 3 29 4 29 5 29 8 29 4 3 49 4 49 6 49 9 49 5 1 55 3 55 6 55 7 55 8 55 4 0 47 1 47 4 47 6 47 6 1 77 2 77 4 77 6 77 8 77 9 77 3 3 77 5 77 7 77 5 0 8 5 8 7 8 8 8 9 8 2 1 28 7 28 5 0 48 1 48 4 48 6 48 8 48
