15 10
10 7 0 14 1 14 3 14 4 14 5 14 8 14 9 14 5 1 75 4 75 5 75 7 75 8 75 8 0 12 1 12 2 12 3 12 4 12 5 12 8 12 9 12 2 2 38 7 38 5 0 76 3 76 5 76 6 76 7 76 4 3 97 5 97 7 97 9 97 3 3 12 6 12 9 12 5 0 29 1 29 4 29 5 29 8 29 7 0 44 2 44 3 44 4 44 6 44 7 44 9 44 3 3 66 6 66 8 66
10 4 3 38 4 38 5 38 7 38 6 1 82 3 82 4 82 5 82 6 82 9 82 2 2 85 9 85 3 2 58 4 58 8 58 6 0 87 3 87 4 87 5 87 6 87 7 87 1 9 89 7 0 43 2 43 3 43 4 43 5 43 8 43 9 43 5 1 80 2 80 3 80 8 80 9 80 4 5 69 6 69 7 69 9 69 5 4 92 6 92 7 92 8 92 9 92
10 6 0 5 5 5 6 5 7 5 8 5 9 5 5 0 84 1 84 3 84 4 84 8 84 4 0 43 3 43 6 43 9 43 5 0 48 1 48 6 48 7 48 9 48 6 2 8 3 8 4 8 5 8 6 8 7 8 6 1 7 5 7 6 7 7 7 8 7 9 7 8 1 41 2 41 3 41 4 41 5 41 6 41 7 41 9 41 3 5 61 7 61 8 61 5 1 66 2 66 5 66 7 66 8 66 6 0 14 2 14 4 14 5 14 6 14 8 14
10 5 1 42 2 42 5 42 6 42 9 42 4 1 8 4 8 5 8 6 8 3 0 96 5 96 6 96 4 1 19 5 19 7 19 8 19 8 0 59 2 59 3 59 4 59 5 59 6 59 8 59 9 59 6 0 97 2 97 3 97 5 97 6 97 7 97 7 0 73 2 73 3 73 4 73 5 73 6 73 9 73 4 0 43 5 43 8 43 9 43 5 1 74 2 74 3 74 6 74 9 74 4 1 41 4 41 5 41 6 41
10 4 6 55 7 55 8 55 9 55 5 2 70 3 70 4 70 5 70 7 70 6 0 75 1 75 3 75 4 75 6 75 7 75 5 2 42 6 42 7 42 8 42 9 42 5 1 37 4 37 7 37 8 37 9 37 5 1 23 4 23 5 23 7 23 8 23 7 0 48 1 48 2 48 3 48 5 48 6 48 7 48 5 1 5 3 5 5 5 7 5 8 5 3 1 38 7 38 9 38 3 0 7 7 7 9 7
10 3 5 9 8 9 9 9 4 2 72 5 72 7 72 9 72 2 3 31 7 31 5 0 79 2 79 3 79 8 79 9 79 6 0 73 2 73 5 73 6 73 7 73 8 73 5 0 95 2 95 3 95 7 95 8 95 8 0 25 2 25 3 25 4 25 5 25 6 25 7 25 8 25 4 1 43 4 43 5 43 6 43 4 1 60 2 60 4 60 9 60 4 0 56 1 56 4 56 5 56
10 7 0 97 2 97 4 97 5 97 6 97 7 97 8 97 6 1 64 2 64 5 64 6 64 8 64 9 64 6 1 78 3 78 5 78 6 78 7 78 8 78 6 0 21 1 21 3 21 4 21 5 21 9 21 5 2 94 4 94 5 94 6 94 9 94 6 1 31 4 31 5 31 6 31 7 31 9 31 5 0 53 4 53 7 53 8 53 9 53 5 0 16 2 16 3 16 6 16 8 16 5 0 86 2 86 5 86 7 86 9 86 2 1 7 6 7
10 3 0 86 3 86 7 86 4 0 85 3 85 7 85 8 85 5 0 63 1 63 6 63 8 63 9 63 6 0 61 2 61 4 61 5 61 7 61 8 61 7 0 65 1 65 2 65 3 65 5 65 7 65 8 65 4 1 30 4 30 6 30 7 30 2 1 32 5 32 5 0 33 1 33 5 33 6 33 9 33 5 1 44 2 44 4 44 6 44 8 44 6 0 59 2 59 4 59 6 59 7 59 8 59
10 6 0 44 1 44 2 44 4 44 6 44 7 44 6 0 16 1 16 2 16 3 16 4 16 5 16 5 1 11 4 11 5 11 6 11 7 11 3 2 45 5 45 6 45 5 1 30 4 30 6 30 8 30 9 30 2 4 84 9 84 4 0 93 2 93 4 93 8 93 4 0 60 2 60 3 60 8 60 3 0 61 1 61 5 61 4 0 90 7 90 8 90 9 90
10 5 0 36 3 36 4 36 7 36 9 36 5 2 31 5 31 6 31 7 31 8 31 3 2 47 4 47 6 47 3 0 52 4 52 6 52 5 0 32 1 32 7 32 8 32 9 32 4 2 11 4 11 5 11 9 11 3 0 28 2 28 9 28 3 0 35 1 35 9 35 4 0 20 3 20 4 20 6 20 2 1 49 5 49
10 6 1 20 2 20 3 20 4 20 7 20 8 20 6 0 49 2 49 5 49 6 49 8 49 9 49 6 1 74 2 74 3 74 4 74 5 74 7 74 9 0 10 1 10 3 10 4 10 5 10 6 10 7 10 8 10 9 10 7 0 17 1 17 2 17 4 17 5 17 8 17 9 17 4 0 34 3 34 4 34 9 34 5 0 85 2 85 3 85 7 85 8 85 6 1 77 2 77 4 77 5 77 6 77 7 77 2 5 68 9 68 4 0 84 1 84 7 84 9 84
10 2 1 85 7 85 6 0 7 1 7 3 7 4 7 5 7 8 7 6 1 71 2 71 4 71 6 71 8 71 9 71 5 0 59 1 59 4 59 6 59 9 59 6 1 76 3 76 4 76 5 76 7 76 8 76 5 0 17 3 17 5 17 8 17 9 17 6 1 29 3 29 6 29 7 29 8 29 9 29 4 2 17 3 17 4 17 8 17 5 1 48 3 48 5 48 7 48 8 48 5 1 13 2 13 5 13 7 13 9 13
10 6 0 15 1 15 2 15 7 15 8 15 9 15 6 2 87 3 87 5 87 6 87 7 87 8 87 6 1 11 2 11 5 11 7 11 8 11 9 11 2 0 39 1 39 6 1 39 2 39 3 39 4 39 6 39 7 39 5 0 43 4 43 7 43 8 43 9 43 5 0 19 1 19 4 19 6 19 8 19 6 0 32 3 32 5 32 6 32 7 32 9 32 5 0 16 2 16 3 16 8 16 9 16 6 1 64 2 64 5 64 6 64 7 64 8 64
10 5 0 32 2 32 4 32 6 32 7 32 5 2 92 4 92 5 92 7 92 9 92 7 0 33 1 33 2 33 5 33 6 33 7 33 8 33 6 1 82 2 82 3 82 5 82 7 82 8 82 5 1 83 3 83 4 83 7 83 9 83 7 0 57 1 57 3 57 6 57 7 57 8 57 9 57 5 1 99 2 99 4 99 7 99 9 99 4 1 91 4 91 5 91 8 91 4 3 99 5 99 6 99 8 99 4 0 8 5 8 6 8 8 8
10 7 0 88 1 88 2 88 3 88 4 88 5 88 9 88 5 3 7 4 7 5 7 7 7 8 7 4 3 27 4 27 6 27 8 27 4 1 38 3 38 6 38 7 38 5 0 91 1 91 3 91 4 91 6 91 6 1 69 2 69 4 69 6 69 8 69 9 69 3 5 21 6 21 7 21 5 0 62 5 62 7 62 8 62 9 62 3 1 39 5 39 7 39 5 0 48 1 48 4 48 6 48 8 48
