20 10
10 5 1 52 2 52 6 52 7 52 8 52 5 0 26 3 26 4 26 7 26 8 26 4 1 71 5 71 6 71 9 71 5 0 16 1 16 4 16 5 16 9 16 5 2 34 3 34 4 34 7 34 8 34 5 0 21 1 21 2 21 4 21 6 21 6 0 95 2 95 5 95 6 95 7 95 9 95 7 0 21 2 21 4 21 5 21 6 21 8 21 9 21 5 0 53 3 53 5 53 6 53 8 53 6 1 55 3 55 4 55 6 55 8 55 9 55
10 4 1 55 4 55 8 55 9 55 5 1 98 3 98 4 98 5 98 7 98 4 0 39 2 39 3 39 5 39 5 0 79 1 79 2 79 5 79 9 79 6 0 12 1 12 2 12 3 12 5 12 9 12 5 2 77 4 77 5 77 7 77 8 77 7 0 77 1 77 3 77 4 77 6 77 7 77 9 77 4 3 66 4 66 6 66 7 66 6 2 31 3 31 4 31 5 31 6 31 7 31 4 1 42 5 42 7 42 8 42
10 3 1 37 4 37 5 37 5 2 92 4 92 5 92 7 92 9 92 3 2 64 8 64 9 64 5 0 54 2 54 6 54 7 54 9 54 6 0 19 1 19 2 19 3 19 7 19 9 19 5 0 43 2 43 5 43 7 43 9 43 5 0 83 1 83 2 83 4 83 8 83 6 0 34 3 34 6 34 7 34 8 34 9 34 5 1 79 2 79 6 79 8 79 9 79 4 2 62 4 62 8 62 9 62
10 3 1 87 3 87 5 87 7 0 77 1 77 2 77 3 77 5 77 6 77 9 77 3 0 93 5 93 7 93 4 2 69 3 69 7 69 9 69 6 1 87 2 87 4 87 5 87 6 87 7 87 3 2 38 7 38 8 38 5 0 24 3 24 5 24 8 24 9 24 2 6 41 7 41 4 1 83 2 83 3 83 9 83 6 0 60 2 60 4 60 5 60 6 60 9 60
10 6 0 98 2 98 4 98 5 98 7 98 8 98 5 4 25 5 25 7 25 8 25 9 25 3 1 75 2 75 6 75 4 3 77 6 77 8 77 9 77 5 1 49 4 49 6 49 8 49 9 49 6 0 17 3 17 4 17 5 17 6 17 7 17 2 0 79 8 79 7 0 44 1 44 2 44 3 44 6 44 8 44 9 44 6 0 43 2 43 4 43 6 43 7 43 9 43 4 0 96 1 96 3 96 4 96
10 4 1 7 5 7 7 7 8 7 4 1 61 4 61 6 61 9 61 6 0 95 1 95 4 95 5 95 7 95 9 95 2 2 35 3 35 5 1 10 2 10 7 10 8 10 9 10 2 3 35 8 35 8 0 28 2 28 3 28 4 28 5 28 7 28 8 28 9 28 2 3 76 7 76 6 3 95 5 95 6 95 7 95 8 95 9 95 3 2 9 6 9 7 9
10 3 1 59 5 59 6 59 4 1 43 3 43 5 43 9 43 7 0 46 1 46 2 46 3 46 4 46 8 46 9 46 3 3 28 4 28 9 28 6 0 52 3 52 4 52 6 52 8 52 9 52 5 2 16 3 16 5 16 8 16 9 16 3 0 59 2 59 4 59 4 0 91 1 91 3 91 7 91 6 0 50 1 50 4 50 7 50 8 50 9 50 6 3 27 4 27 5 27 6 27 7 27 8 27
10 6 2 9 5 9 6 9 7 9 8 9 9 9 5 0 43 3 43 4 43 8 43 9 43 5 0 14 2 14 3 14 6 14 8 14 5 3 71 4 71 6 71 7 71 8 71 2 2 20 4 20 5 4 54 5 54 6 54 7 54 9 54 5 0 41 1 41 3 41 4 41 5 41 4 0 87 4 87 5 87 9 87 4 1 45 3 45 7 45 9 45 5 0 39 2 39 3 39 5 39 6 39
10 4 1 28 3 28 8 28 9 28 4 3 66 5 66 6 66 8 66 7 0 78 2 78 3 78 4 78 6 78 7 78 9 78 5 0 37 2 37 4 37 5 37 8 37 3 3 42 8 42 9 42 5 0 26 2 26 3 26 5 26 7 26 6 0 33 1 33 3 33 4 33 5 33 6 33 5 2 89 3 89 4 89 6 89 9 89 7 0 33 3 33 4 33 6 33 7 33 8 33 9 33 5 0 8 1 8 2 8 5 8 7 8
10 6 2 96 3 96 4 96 5 96 6 96 8 96 3 0 27 3 27 5 27 5 3 78 5 78 6 78 7 78 8 78 5 1 84 2 84 5 84 8 84 9 84 5 1 94 2 94 4 94 5 94 8 94 6 0 69 1 69 2 69 7 69 8 69 9 69 5 1 74 5 74 6 74 7 74 9 74 4 1 81 3 81 5 81 9 81 5 0 45 3 45 5 45 7 45 8 45 6 0 69 1 69 3 69 5 69 7 69 9 69
10 6 2 24 3 24 4 24 6 24 7 24 8 24 6 0 32 2 32 5 32 6 32 7 32 8 32 2 8 25 9 25 3 2 17 8 17 9 17 2 3 87 9 87 1 8 81 5 2 76 3 76 5 76 6 76 8 76 5 2 18 5 18 6 18 8 18 9 18 4 1 31 5 31 6 31 7 31 5 0 20 3 20 4 20 5 20 8 20
10 6 1 90 4 90 5 90 6 90 8 90 9 90 4 0 28 2 28 5 28 8 28 4 1 72 4 72 5 72 6 72 1 7 86 5 2 23 3 23 5 23 8 23 9 23 4 2 99 3 99 7 99 9 99 2 5 76 6 76 4 0 97 6 97 8 97 9 97 4 1 45 4 45 6 45 7 45 4 0 58 2 58 3 58 5 58
10 6 2 17 3 17 4 17 5 17 6 17 7 17 4 4 98 6 98 8 98 9 98 6 2 48 3 48 4 48 5 48 8 48 9 48 7 1 46 2 46 3 46 4 46 5 46 7 46 9 46 2 2 27 8 27 4 0 67 4 67 5 67 6 67 3 0 62 6 62 7 62 2 0 42 4 42 3 5 48 8 48 9 48 7 1 27 3 27 4 27 5 27 6 27 7 27 9 27
10 7 0 80 2 80 4 80 5 80 6 80 7 80 8 80 4 0 50 1 50 3 50 8 50 4 3 19 7 19 8 19 9 19 3 4 98 7 98 9 98 6 1 28 4 28 5 28 6 28 8 28 9 28 5 0 50 1 50 2 50 3 50 6 50 2 4 94 6 94 6 2 63 3 63 6 63 7 63 8 63 9 63 5 1 12 4 12 5 12 8 12 9 12 6 0 80 4 80 5 80 6 80 8 80 9 80
10 3 2 72 8 72 9 72 4 0 75 4 75 8 75 9 75 5 0 61 3 61 4 61 5 61 6 61 7 2 79 3 79 4 79 5 79 6 79 8 79 9 79 2 2 37 6 37 5 2 50 3 50 4 50 6 50 9 50 5 0 14 5 14 6 14 8 14 9 14 5 0 55 1 55 2 55 3 55 6 55 5 0 18 1 18 3 18 5 18 7 18 6 0 41 1 41 2 41 3 41 6 41 7 41
10 3 3 96 6 96 8 96 1 2 14 4 1 57 4 57 5 57 8 57 2 0 47 3 47 5 3 65 4 65 7 65 8 65 9 65 5 3 75 4 75 5 75 6 75 8 75 3 5 79 6 79 8 79 4 0 71 1 71 6 71 8 71 4 3 60 5 60 6 60 9 60 3 4 22 7 22 9 22
10 5 0 31 1 31 2 31 7 31 9 31 6 1 47 3 47 5 47 6 47 7 47 8 47 4 2 58 5 58 8 58 9 58 3 0 32 3 32 6 32 5 1 44 3 44 4 44 7 44 9 44 4 2 58 5 58 7 58 9 58 5 2 34 4 34 6 34 7 34 8 34 6 0 33 2 33 4 33 6 33 7 33 9 33 8 0 69 1 69 2 69 3 69 4 69 6 69 7 69 8 69 3 1 51 5 51 9 51
10 5 0 44 1 44 3 44 5 44 7 44 4 2 40 5 40 7 40 8 40 6 0 17 2 17 3 17 7 17 8 17 9 17 2 0 62 6 62 4 1 66 6 66 7 66 8 66 7 0 15 1 15 3 15 5 15 6 15 7 15 9 15 3 0 29 1 29 3 29 5 2 38 3 38 5 38 6 38 9 38 6 2 8 3 8 4 8 5 8 6 8 7 8 4 1 97 4 97 6 97 9 97
10 6 0 58 2 58 3 58 5 58 8 58 9 58 6 0 50 1 50 2 50 3 50 4 50 5 50 6 0 63 1 63 3 63 4 63 5 63 6 63 7 1 87 2 87 5 87 6 87 7 87 8 87 9 87 4 0 57 1 57 8 57 9 57 4 4 21 5 21 6 21 8 21 6 1 57 2 57 3 57 4 57 5 57 7 57 6 1 32 2 32 3 32 6 32 7 32 8 32 3 1 39 3 39 6 39 4 3 20 5 20 7 20 9 20
10 9 0 85 1 85 2 85 3 85 4 85 5 85 6 85 8 85 9 85 5 0 84 2 84 5 84 7 84 8 84 4 1 56 5 56 7 56 9 56 4 0 61 1 61 3 61 4 61 3 0 15 8 15 9 15 3 5 70 7 70 8 70 3 5 30 8 30 9 30 3 1 90 2 90 8 90 7 1 67 4 67 5 67 6 67 7 67 8 67 9 67 2 4 20 7 20
