20 10
10 5 1 60 2 60 3 60 6 60 7 60 4 0 48 3 48 4 48 8 48 3 1 95 5 95 9 95 4 0 87 1 87 4 87 5 87 6 1 72 2 72 3 72 4 72 7 72 8 72 5 0 5 2 5 4 5 6 5 9 5 6 0 35 2 35 6 35 7 35 8 35 9 35 7 0 39 2 39 5 39 6 39 7 39 8 39 9 39 4 3 54 5 54 6 54 8 54 6 1 66 2 66 4 66 6 66 8 66 9 66
10 4 1 37 7 37 8 37 9 37 5 1 34 3 34 4 34 6 34 7 34 4 0 97 2 97 3 97 5 97 4 0 55 1 55 2 55 5 55 6 0 21 1 21 2 21 3 21 5 21 9 21 6 2 20 3 20 4 20 5 20 7 20 8 20 7 0 59 1 59 3 59 4 59 6 59 7 59 9 59 5 3 46 4 46 6 46 7 46 9 46 6 3 19 4 19 5 19 6 19 7 19 8 19 4 1 46 5 46 7 46 8 46
10 2 1 45 4 45 4 2 73 5 73 7 73 9 73 3 1 24 8 24 9 24 5 0 28 2 28 7 28 8 28 9 28 6 0 28 1 28 2 28 3 28 7 28 9 28 6 0 25 2 25 3 25 5 25 7 25 9 25 5 1 23 2 23 4 23 5 23 8 23 6 0 83 3 83 6 83 7 83 8 83 9 83 5 1 5 2 5 6 5 8 5 9 5 5 2 78 4 78 6 78 8 78 9 78
10 3 0 53 3 53 5 53 6 0 12 1 12 2 12 3 12 6 12 9 12 3 5 12 7 12 9 12 5 1 37 2 37 3 37 7 37 9 37 6 1 33 4 33 5 33 6 33 7 33 8 33 4 2 71 3 71 7 71 8 71 6 0 55 3 55 5 55 6 55 8 55 9 55 2 5 29 7 29 5 1 87 2 87 3 87 7 87 9 87 6 0 38 2 38 4 38 5 38 6 38 9 38
10 6 0 90 2 90 4 90 5 90 7 90 8 90 5 2 49 4 49 7 49 8 49 9 49 3 1 27 2 27 9 27 4 3 65 6 65 7 65 8 65 6 1 7 4 7 5 7 6 7 8 7 9 7 5 0 23 4 23 5 23 6 23 7 23 1 0 48 6 1 83 2 83 3 83 6 83 8 83 9 83 6 0 17 2 17 4 17 6 17 8 17 9 17 3 0 40 1 40 3 40
10 5 1 85 3 85 5 85 7 85 8 85 4 1 25 4 25 6 25 9 25 6 1 84 2 84 4 84 5 84 7 84 9 84 2 3 64 6 64 5 1 13 2 13 7 13 8 13 9 13 3 1 66 3 66 8 66 7 0 46 2 46 3 46 4 46 7 46 8 46 9 46 3 3 59 7 59 8 59 6 0 62 3 62 5 62 6 62 8 62 9 62 3 2 19 5 19 7 19
10 3 1 88 5 88 6 88 4 1 67 3 67 5 67 6 67 7 0 14 1 14 2 14 3 14 4 14 8 14 9 14 4 0 41 3 41 4 41 9 41 7 0 73 1 73 3 73 4 73 6 73 8 73 9 73 5 2 57 5 57 7 57 8 57 9 57 3 0 53 2 53 4 53 3 0 80 3 80 7 80 5 0 47 1 47 4 47 7 47 9 47 6 3 74 4 74 5 74 6 74 7 74 8 74
10 7 1 78 2 78 5 78 6 78 7 78 8 78 9 78 6 0 64 3 64 4 64 5 64 8 64 9 64 5 0 63 2 63 3 63 4 63 6 63 4 3 46 4 46 6 46 8 46 2 2 84 3 84 5 0 84 4 84 5 84 7 84 9 84 5 0 28 1 28 4 28 5 28 8 28 3 4 52 5 52 9 52 3 3 26 7 26 9 26 5 0 41 2 41 3 41 5 41 6 41
10 4 1 11 3 11 8 11 9 11 4 0 64 3 64 5 64 6 64 6 2 97 3 97 4 97 6 97 7 97 9 97 5 0 38 4 38 5 38 8 38 9 38 4 2 17 3 17 8 17 9 17 5 0 85 2 85 4 85 5 85 7 85 6 0 73 1 73 3 73 4 73 5 73 6 73 4 2 10 3 10 4 10 9 10 6 0 95 3 95 6 95 7 95 8 95 9 95 5 0 67 1 67 2 67 5 67 7 67
10 5 2 93 3 93 5 93 6 93 8 93 4 0 95 2 95 3 95 5 95 4 3 43 5 43 7 43 8 43 5 1 65 2 65 5 65 8 65 9 65 4 1 32 4 32 5 32 8 32 6 0 59 1 59 2 59 7 59 8 59 9 59 4 5 85 6 85 7 85 9 85 4 1 46 3 46 5 46 9 46 6 0 85 3 85 5 85 7 85 8 85 9 85 7 0 60 1 60 3 60 4 60 5 60 7 60 9 60
10 6 2 61 3 61 4 61 6 61 7 61 8 61 7 0 41 2 41 3 41 5 41 6 41 7 41 8 41 3 5 49 8 49 9 49 3 4 23 8 23 9 23 2 0 66 9 66 2 7 49 8 49 4 2 70 3 70 6 70 8 70 4 2 99 5 99 8 99 9 99 4 1 90 5 90 6 90 7 90 5 3 17 4 17 5 17 6 17 8 17
10 5 1 13 4 13 5 13 6 13 9 13 4 0 7 2 7 7 7 8 7 4 1 98 4 98 5 98 6 98 1 8 57 5 0 73 3 73 5 73 8 73 9 73 4 2 73 3 73 7 73 9 73 2 2 68 5 68 4 0 40 5 40 6 40 8 40 5 1 98 4 98 6 98 7 98 9 98 4 2 9 3 9 5 9 6 9
10 7 2 86 3 86 4 86 5 86 6 86 7 86 9 86 3 6 76 8 76 9 76 6 2 14 3 14 4 14 5 14 8 14 9 14 6 2 41 3 41 4 41 5 41 7 41 9 41 2 1 85 2 85 3 0 37 4 37 5 37 3 0 19 6 19 8 19 2 2 17 4 17 3 5 54 7 54 8 54 7 1 79 3 79 4 79 5 79 6 79 7 79 9 79
10 8 0 40 1 40 2 40 4 40 5 40 6 40 7 40 8 40 4 0 53 1 53 2 53 3 53 4 3 97 7 97 8 97 9 97 4 4 87 5 87 7 87 9 87 5 1 96 4 96 6 96 8 96 9 96 5 0 84 1 84 3 84 4 84 6 84 3 3 16 4 16 6 16 6 2 66 3 66 6 66 7 66 8 66 9 66 4 4 52 5 52 8 52 9 52 6 0 95 4 95 5 95 6 95 8 95 9 95
10 3 2 33 6 33 8 33 5 0 33 1 33 4 33 8 33 9 33 5 0 87 3 87 4 87 5 87 6 87 8 0 18 2 18 3 18 4 18 5 18 6 18 8 18 9 18 1 2 55 5 3 13 4 13 6 13 8 13 9 13 6 0 77 4 77 5 77 6 77 8 77 9 77 5 0 60 1 60 2 60 6 60 7 60 5 0 42 1 42 3 42 5 42 9 42 7 0 74 1 74 2 74 3 74 5 74 6 74 7 74
10 3 6 92 7 92 8 92 2 2 91 5 91 3 1 79 4 79 8 79 2 2 54 3 54 5 3 69 4 69 7 69 8 69 9 69 4 3 79 5 79 6 79 8 79 4 3 33 5 33 6 33 8 33 4 0 61 1 61 6 61 8 61 3 3 39 5 39 9 39 4 0 16 4 16 7 16 9 16
10 5 0 82 2 82 6 82 7 82 9 82 6 1 41 3 41 5 41 6 41 7 41 8 41 4 2 28 4 28 5 28 9 28 4 0 64 3 64 5 64 6 64 5 1 78 2 78 3 78 7 78 9 78 4 2 76 3 76 7 76 9 76 4 2 6 4 6 7 6 8 6 6 2 49 4 49 6 49 7 49 8 49 9 49 8 0 47 1 47 3 47 4 47 6 47 7 47 8 47 9 47 4 0 58 1 58 5 58 9 58
10 4 0 52 3 52 5 52 7 52 4 2 42 5 42 7 42 8 42 5 0 24 3 24 7 24 8 24 9 24 2 6 91 9 91 4 1 47 3 47 6 47 7 47 7 0 88 1 88 3 88 5 88 6 88 7 88 9 88 4 0 91 1 91 3 91 4 91 6 2 52 3 52 5 52 6 52 7 52 9 52 5 2 28 3 28 4 28 6 28 7 28 3 1 35 6 35 9 35
10 5 0 82 3 82 5 82 8 82 9 82 6 0 76 1 76 2 76 3 76 4 76 5 76 5 0 86 1 86 3 86 5 86 6 86 6 1 93 2 93 5 93 6 93 7 93 8 93 4 1 84 4 84 8 84 9 84 4 4 38 5 38 7 38 8 38 6 1 95 2 95 3 95 4 95 5 95 8 95 6 1 37 2 37 3 37 6 37 7 37 9 37 3 1 21 3 21 6 21 4 0 23 3 23 7 23 9 23
10 9 0 77 1 77 2 77 3 77 4 77 5 77 6 77 8 77 9 77 6 0 8 2 8 4 8 5 8 7 8 8 8 4 1 42 6 42 7 42 9 42 4 0 64 1 64 4 64 7 64 3 0 70 8 70 9 70 4 2 45 5 45 7 45 8 45 3 5 45 8 45 9 45 4 1 28 2 28 5 28 8 28 7 1 67 3 67 4 67 5 67 7 67 8 67 9 67 2 1 86 7 86
