20 10
10 3 3 32 7 32 8 32 4 1 81 2 81 5 81 6 81 5 3 55 4 55 6 55 8 55 9 55 4 1 40 3 40 4 40 7 40 4 0 6 1 6 3 6 7 6 4 3 19 5 19 6 19 7 19 7 1 81 4 81 5 81 6 81 7 81 8 81 9 81 5 1 37 3 37 4 37 5 37 9 37 3 0 40 1 40 2 40 4 3 9 4 9 5 9 6 9
10 5 0 70 1 70 2 70 4 70 6 70 6 2 55 3 55 5 55 6 55 7 55 8 55 5 2 21 4 21 7 21 8 21 9 21 3 4 64 5 64 9 64 6 0 46 1 46 2 46 3 46 7 46 9 46 3 1 25 2 25 8 25 7 0 65 3 65 4 65 5 65 7 65 8 65 9 65 5 0 77 1 77 5 77 6 77 9 77 6 1 65 2 65 5 65 6 65 7 65 8 65 4 0 15 3 15 6 15 7 15
10 4 0 84 2 84 6 84 7 84 4 0 89 4 89 6 89 8 89 3 2 24 3 24 6 24 2 1 44 4 44 7 0 85 1 85 2 85 4 85 5 85 8 85 9 85 6 0 31 1 31 2 31 4 31 8 31 9 31 6 0 29 1 29 3 29 4 29 7 29 9 29 5 1 83 2 83 6 83 7 83 8 83 3 2 37 5 37 9 37 5 0 40 1 40 4 40 6 40 7 40
10 4 3 80 4 80 5 80 9 80 3 1 59 5 59 7 59 8 0 8 1 8 3 8 4 8 5 8 6 8 8 8 9 8 2 2 30 3 30 6 1 77 2 77 4 77 6 77 7 77 8 77 5 0 38 2 38 3 38 4 38 6 38 3 1 80 2 80 9 80 1 7 56 5 1 41 4 41 5 41 7 41 9 41 4 5 97 6 97 7 97 8 97
10 6 0 40 4 40 5 40 6 40 7 40 8 40 9 0 71 1 71 2 71 3 71 4 71 5 71 6 71 7 71 9 71 3 0 91 5 91 8 91 3 6 7 7 7 8 7 6 0 59 1 59 4 59 5 59 8 59 9 59 5 4 80 5 80 7 80 8 80 9 80 6 0 50 1 50 2 50 3 50 5 50 9 50 5 0 56 3 56 4 56 5 56 7 56 5 0 17 1 17 3 17 5 17 9 17 2 2 88 4 88
10 5 0 36 5 36 7 36 8 36 9 36 3 4 10 6 10 9 10 5 0 45 1 45 5 45 7 45 8 45 7 1 9 2 9 4 9 5 9 6 9 7 9 8 9 6 1 54 2 54 3 54 4 54 5 54 7 54 4 2 96 3 96 8 96 9 96 2 2 8 9 8 4 3 77 5 77 8 77 9 77 2 1 29 2 29 4 1 58 3 58 7 58 8 58
10 5 1 99 2 99 4 99 5 99 6 99 5 2 86 4 86 7 86 8 86 9 86 5 2 92 3 92 4 92 6 92 7 92 4 0 28 4 28 5 28 8 28 4 1 98 6 98 7 98 8 98 5 4 70 5 70 6 70 7 70 9 70 2 4 87 5 87 6 1 96 3 96 5 96 6 96 7 96 9 96 7 0 73 1 73 2 73 3 73 4 73 6 73 8 73 4 1 27 2 27 7 27 8 27
10 4 1 95 3 95 4 95 8 95 5 1 85 3 85 4 85 8 85 9 85 6 0 56 1 56 4 56 5 56 6 56 7 56 1 4 52 3 0 59 2 59 8 59 3 2 41 3 41 4 41 8 0 81 1 81 2 81 4 81 5 81 6 81 7 81 8 81 6 0 39 3 39 5 39 7 39 8 39 9 39 2 0 32 9 32 5 0 92 1 92 5 92 7 92 9 92
10 2 1 7 6 7 5 1 69 5 69 7 69 8 69 9 69 3 1 93 4 93 8 93 9 0 27 1 27 2 27 3 27 4 27 5 27 6 27 7 27 8 27 5 0 22 1 22 5 22 6 22 9 22 5 0 88 2 88 5 88 8 88 9 88 3 0 45 8 45 9 45 6 1 60 2 60 3 60 5 60 6 60 9 60 5 0 49 2 49 4 49 7 49 9 49 1 2 12
10 7 1 33 2 33 3 33 5 33 7 33 8 33 9 33 4 1 61 2 61 5 61 6 61 3 4 44 5 44 8 44 2 4 26 5 26 4 0 84 1 84 3 84 7 84 6 0 82 1 82 2 82 3 82 6 82 8 82 4 0 68 3 68 4 68 7 68 4 0 21 7 21 8 21 9 21 5 3 71 5 71 7 71 8 71 9 71 3 1 99 4 99 9 99
10 5 2 43 3 43 6 43 7 43 8 43 4 0 72 3 72 4 72 8 72 6 1 30 2 30 3 30 4 30 6 30 9 30 6 0 98 1 98 2 98 5 98 6 98 8 98 7 0 75 1 75 2 75 3 75 7 75 8 75 9 75 6 0 26 1 26 2 26 4 26 7 26 9 26 6 0 8 1 8 2 8 3 8 6 8 7 8 5 4 74 5 74 6 74 7 74 9 74 8 0 19 1 19 2 19 3 19 5 19 6 19 7 19 9 19 4 0 38 2 38 4 38 5 38
10 4 0 19 1 19 4 19 6 19 4 0 67 2 67 3 67 8 67 5 0 73 1 73 4 73 5 73 8 73 4 1 85 2 85 3 85 9 85 2 4 26 9 26 1 4 39 3 3 9 7 9 9 9 3 0 23 5 23 6 23 4 1 13 3 13 5 13 7 13 4 0 43 2 43 3 43 5 43
10 5 2 72 4 72 5 72 6 72 8 72 4 2 46 3 46 7 46 8 46 6 2 80 3 80 5 80 6 80 7 80 9 80 3 0 93 3 93 5 93 5 1 61 2 61 5 61 8 61 9 61 3 0 7 4 7 5 7 3 5 42 7 42 9 42 4 0 50 1 50 3 50 5 50 3 0 55 3 55 8 55 6 4 57 5 57 6 57 7 57 8 57 9 57
10 7 0 99 1 99 3 99 4 99 5 99 6 99 7 99 3 0 91 3 91 8 91 3 0 11 5 11 9 11 6 1 68 4 68 5 68 6 68 7 68 8 68 6 1 43 3 43 5 43 6 43 7 43 9 43 6 1 96 2 96 3 96 4 96 7 96 9 96 4 2 72 6 72 8 72 9 72 3 6 11 8 11 9 11 4 0 60 6 60 7 60 9 60 7 0 68 1 68 2 68 4 68 5 68 6 68 8 68
10 4 1 69 2 69 7 69 9 69 2 0 43 1 43 6 0 12 2 12 3 12 4 12 5 12 6 12 3 3 40 4 40 8 40 4 0 70 1 70 3 70 9 70 7 0 74 2 74 3 74 4 74 5 74 6 74 9 74 7 0 34 1 34 2 34 4 34 5 34 7 34 9 34 5 0 7 1 7 2 7 3 7 5 7 4 0 30 3 30 4 30 5 30 4 0 84 3 84 5 84 7 84
10 4 3 99 4 99 7 99 9 99 3 2 27 3 27 4 27 5 0 59 3 59 4 59 6 59 8 59 6 0 72 1 72 3 72 4 72 5 72 8 72 3 0 9 2 9 6 9 3 0 45 6 45 7 45 4 0 49 2 49 4 49 7 49 4 3 63 6 63 8 63 9 63 7 1 69 2 69 3 69 4 69 5 69 6 69 7 69 4 0 60 1 60 3 60 8 60
10 6 0 75 4 75 5 75 6 75 7 75 8 75 5 3 17 5 17 6 17 7 17 9 17 6 2 91 3 91 5 91 6 91 7 91 9 91 2 3 50 7 50 7 0 65 1 65 3 65 4 65 5 65 8 65 9 65 5 1 37 5 37 6 37 7 37 9 37 4 0 98 1 98 2 98 9 98 5 0 90 1 90 2 90 4 90 5 90 1 6 71 5 0 8 2 8 3 8 4 8 8 8
10 3 0 72 3 72 9 72 5 1 9 5 9 6 9 7 9 8 9 4 2 31 3 31 5 31 9 31 5 0 49 1 49 6 49 7 49 9 49 3 2 91 7 91 9 91 2 3 62 8 62 4 5 90 6 90 7 90 9 90 3 0 72 4 72 9 72 4 4 98 5 98 8 98 9 98 8 0 38 1 38 2 38 4 38 5 38 6 38 7 38 9 38
10 2 3 35 4 35 3 2 63 4 63 9 63 6 0 25 2 25 3 25 5 25 7 25 8 25 5 1 35 3 35 4 35 6 35 7 35 4 0 21 3 21 8 21 9 21 6 1 47 2 47 3 47 5 47 6 47 7 47 3 1 52 3 52 5 52 4 0 80 1 80 4 80 8 80 6 0 39 1 39 2 39 4 39 6 39 8 39 3 1 74 8 74 9 74
10 6 1 68 2 68 3 68 4 68 7 68 9 68 5 0 24 1 24 3 24 5 24 6 24 5 3 58 4 58 7 58 8 58 9 58 5 2 52 4 52 6 52 8 52 9 52 4 0 5 2 5 5 5 8 5 4 2 20 4 20 6 20 7 20 5 0 50 3 50 4 50 5 50 6 50 6 1 57 2 57 3 57 7 57 8 57 9 57 6 0 88 1 88 5 88 6 88 7 88 9 88 4 1 53 4 53 5 53 8 53
