20 10
10 3 3 14 7 14 8 14 4 1 38 2 38 5 38 6 38 5 3 44 6 44 7 44 8 44 9 44 5 0 76 1 76 3 76 4 76 7 76 4 1 97 3 97 5 97 7 97 3 3 12 6 12 7 12 6 1 75 4 75 5 75 6 75 7 75 8 75 5 1 66 4 66 5 66 6 66 9 66 3 0 12 1 12 9 12 5 1 29 3 29 4 29 5 29 6 29
10 4 0 43 1 43 4 43 6 43 5 2 85 5 85 6 85 7 85 8 85 5 2 82 3 82 4 82 8 82 9 82 2 5 38 9 38 6 0 58 2 58 3 58 4 58 7 58 9 58 4 1 89 2 89 8 89 9 89 6 0 92 3 92 4 92 5 92 7 92 8 92 5 0 87 1 87 5 87 6 87 9 87 6 1 69 2 69 5 69 6 69 7 69 8 69 4 0 80 1 80 3 80 7 80
10 5 0 41 2 41 3 41 6 41 7 41 5 0 7 4 7 6 7 7 7 8 7 3 2 5 6 5 9 5 2 0 43 4 43 7 0 14 1 14 2 14 4 14 5 14 8 14 9 14 5 0 8 1 8 2 8 4 8 9 8 6 0 61 1 61 3 61 4 61 5 61 7 61 5 1 84 2 84 6 84 7 84 8 84 4 2 66 5 66 8 66 9 66 4 1 48 4 48 6 48 7 48
10 4 2 42 3 42 5 42 9 42 3 1 74 3 74 7 74 7 1 59 3 59 4 59 5 59 6 59 8 59 9 59 2 3 41 6 41 6 1 8 2 8 4 8 6 8 7 8 8 8 5 0 73 2 73 4 73 6 73 9 73 4 1 43 2 43 8 43 9 43 1 0 96 4 1 19 4 19 5 19 7 19 4 5 97 6 97 7 97 8 97
10 5 0 23 4 23 5 23 7 23 8 23 9 0 42 1 42 3 42 4 42 5 42 6 42 7 42 8 42 9 42 3 4 37 5 37 8 37 2 6 55 8 55 6 0 7 1 7 4 7 5 7 8 7 9 7 5 4 5 5 5 7 5 8 5 9 5 5 0 70 1 70 2 70 5 70 9 70 5 0 38 3 38 4 38 7 38 9 38 5 0 75 1 75 3 75 5 75 9 75 2 1 48 2 48
10 5 0 9 5 9 7 9 8 9 9 9 2 4 43 6 43 4 1 31 5 31 7 31 8 31 6 1 25 2 25 4 25 5 25 7 25 8 25 6 1 73 2 73 3 73 4 73 5 73 7 73 3 2 95 3 95 9 95 2 0 79 9 79 4 2 72 3 72 8 72 9 72 3 1 60 2 60 9 60 4 1 56 3 56 7 56 8 56
10 4 1 7 2 7 4 7 5 7 6 2 21 4 21 5 21 7 21 8 21 9 21 5 2 53 4 53 6 53 7 53 8 53 5 0 16 4 16 5 16 6 16 8 16 4 4 94 6 94 7 94 8 94 5 0 97 5 97 6 97 7 97 9 97 2 3 78 4 78 7 1 64 2 64 3 64 5 64 6 64 7 64 9 64 8 0 86 1 86 2 86 3 86 4 86 6 86 7 86 8 86 4 1 31 2 31 8 31 9 31
10 5 1 65 2 65 3 65 4 65 8 65 5 1 59 4 59 6 59 8 59 9 59 6 0 85 1 85 4 85 5 85 6 85 7 85 1 1 33 4 0 30 2 30 4 30 8 30 4 2 44 3 44 4 44 8 44 7 0 61 1 61 2 61 4 61 5 61 7 61 8 61 5 0 86 3 86 5 86 7 86 9 86 2 0 63 9 63 4 0 32 1 32 5 32 9 32
10 1 6 45 5 1 44 2 44 5 44 8 44 9 44 3 1 61 5 61 8 61 8 0 93 1 93 2 93 3 93 4 93 5 93 7 93 8 93 4 0 30 1 30 6 30 9 30 5 2 90 5 90 7 90 8 90 9 90 3 0 84 8 84 9 84 6 1 11 2 11 4 11 5 11 6 11 9 11 5 0 16 2 16 3 16 4 16 7 16 2 0 60 2 60
10 8 1 47 2 47 3 47 4 47 5 47 7 47 8 47 9 47 5 1 36 2 36 5 36 6 36 7 36 3 4 31 5 31 8 31 2 1 49 4 49 4 0 20 1 20 3 20 7 20 5 0 28 1 28 2 28 3 28 8 28 4 0 52 4 52 6 52 7 52 3 7 35 8 35 9 35 4 3 11 5 11 7 11 8 11 4 0 32 1 32 4 32 9 32
10 5 2 77 3 77 6 77 7 77 8 77 3 3 10 4 10 8 10 5 1 68 2 68 3 68 6 68 9 68 6 0 17 1 17 2 17 5 17 6 17 8 17 7 0 85 1 85 2 85 3 85 7 85 8 85 9 85 6 0 84 1 84 2 84 4 84 7 84 9 84 7 0 20 1 20 2 20 3 20 6 20 7 20 8 20 5 4 49 5 49 6 49 7 49 9 49 8 0 74 1 74 2 74 3 74 5 74 6 74 7 74 9 74 5 0 34 2 34 3 34 4 34 5 34
10 4 0 17 1 17 4 17 6 17 5 0 7 2 7 3 7 5 7 8 7 4 0 85 1 85 4 85 5 85 3 2 29 3 29 9 29 2 2 17 4 17 1 4 76 3 3 59 6 59 9 59 3 5 71 6 71 8 71 4 1 13 3 13 7 13 9 13 5 0 48 2 48 3 48 5 48 7 48
10 4 2 87 4 87 5 87 6 87 4 2 39 3 39 4 39 8 39 7 2 43 3 43 5 43 6 43 7 43 8 43 9 43 4 0 11 3 11 5 11 7 11 5 1 15 2 15 5 15 8 15 9 15 3 0 32 3 32 5 32 3 5 64 7 64 9 64 3 0 19 3 19 5 19 3 1 39 3 39 8 39 6 4 16 5 16 6 16 7 16 8 16 9 16
10 6 0 33 1 33 3 33 5 33 6 33 7 33 2 3 99 8 99 3 0 32 5 32 6 32 5 1 91 4 91 6 91 7 91 8 91 7 1 82 3 82 5 82 6 82 7 82 8 82 9 82 6 1 92 2 92 3 92 4 92 7 92 9 92 4 2 99 6 99 8 99 9 99 4 6 57 7 57 8 57 9 57 5 0 83 1 83 6 83 7 83 9 83 6 0 8 2 8 4 8 5 8 6 8 8 8
10 4 1 91 2 91 3 91 7 91 3 0 39 1 39 5 39 6 0 69 2 69 3 69 4 69 5 69 6 69 3 3 27 4 27 8 27 4 0 7 3 7 7 7 9 7 7 0 21 2 21 3 21 4 21 5 21 6 21 9 21 6 0 38 1 38 4 38 5 38 7 38 9 38 6 0 62 1 62 2 62 3 62 5 62 9 62 4 0 88 3 88 4 88 5 88 3 0 48 3 48 5 48
10 5 2 67 3 67 4 67 7 67 9 67 3 2 80 4 80 7 80 5 0 24 3 24 4 24 6 24 8 24 5 0 88 1 88 3 88 4 88 8 88 3 0 18 4 18 6 18 3 0 44 1 44 7 44 5 0 45 2 45 4 45 7 45 8 45 4 3 64 6 64 8 64 9 64 7 1 80 2 80 3 80 4 80 5 80 6 80 7 80 4 0 38 1 38 3 38 6 38
10 6 4 59 5 59 6 59 7 59 8 59 9 59 5 3 72 5 72 6 72 7 72 9 72 6 2 47 3 47 5 47 6 47 7 47 9 47 2 3 40 4 40 7 0 21 1 21 3 21 4 21 5 21 7 21 9 21 5 1 43 5 43 6 43 7 43 9 43 3 0 51 1 51 2 51 5 0 52 2 52 4 52 5 52 8 52 1 1 24 4 0 15 2 15 3 15 8 15
10 2 0 70 3 70 5 2 31 5 31 6 31 7 31 8 31 4 2 20 5 20 6 20 9 20 5 0 76 1 76 7 76 8 76 9 76 3 1 40 7 40 9 40 2 3 43 7 43 4 0 32 5 32 6 32 9 32 3 4 88 5 88 9 88 3 4 5 8 5 9 5 8 0 77 1 77 2 77 4 77 5 77 6 77 7 77 9 77
10 2 3 47 4 47 3 4 64 5 64 9 64 7 0 85 2 85 3 85 5 85 7 85 8 85 9 85 4 1 49 3 49 4 49 7 49 4 0 58 3 58 7 58 9 58 6 1 26 2 26 3 26 5 26 6 26 7 26 4 0 32 1 32 3 32 5 32 3 0 80 4 80 8 80 5 1 14 2 14 4 14 6 14 8 14 3 1 94 6 94 8 94
10 6 1 59 3 59 4 59 5 59 7 59 9 59 5 0 96 1 96 2 96 3 96 6 96 5 0 5 3 5 4 5 7 5 8 5 5 2 79 4 79 6 79 7 79 9 79 3 2 34 5 34 8 34 4 2 75 4 75 6 75 7 75 5 0 26 3 26 4 26 5 26 6 26 6 1 9 2 9 3 9 6 9 8 9 9 9 5 0 23 5 23 6 23 7 23 9 23 3 1 11 5 11 8 11
