20 10
10 3 4 32 6 32 9 32 2 2 16 3 16 7 0 33 1 33 3 33 5 33 6 33 7 33 9 33 3 0 12 5 12 8 12 6 1 70 2 70 3 70 6 70 7 70 8 70 5 0 10 4 10 6 10 8 10 9 10 7 0 75 1 75 2 75 3 75 4 75 7 75 9 75 2 0 82 2 82 6 1 88 4 88 5 88 7 88 8 88 9 88 5 1 20 2 20 7 20 8 20 9 20
10 1 8 39 5 1 81 4 81 6 81 8 81 9 81 6 0 91 1 91 2 91 3 91 5 91 8 91 4 1 56 4 56 5 56 7 56 5 1 69 4 69 6 69 7 69 9 69 3 1 45 7 45 9 45 4 0 59 3 59 6 59 7 59 5 0 86 2 86 6 86 8 86 9 86 2 2 36 9 36 5 1 68 3 68 6 68 7 68 9 68
10 3 3 84 4 84 6 84 5 1 57 2 57 5 57 6 57 9 57 3 4 41 5 41 7 41 5 2 73 4 73 5 73 6 73 8 73 5 1 81 4 81 5 81 6 81 7 81 4 0 88 5 88 6 88 9 88 6 0 38 1 38 4 38 5 38 6 38 8 38 7 0 17 1 17 4 17 5 17 7 17 8 17 9 17 3 0 83 6 83 8 83 6 0 5 1 5 3 5 4 5 5 5 6 5
10 6 0 20 1 20 2 20 3 20 4 20 6 20 7 0 6 1 6 2 6 3 6 4 6 5 6 9 6 5 1 15 2 15 4 15 5 15 7 15 5 1 19 4 19 5 19 8 19 9 19 5 0 30 1 30 3 30 6 30 9 30 3 0 94 2 94 4 94 3 3 45 4 45 6 45 4 0 17 4 17 7 17 9 17 3 1 18 3 18 7 18 7 1 88 2 88 3 88 6 88 7 88 8 88 9 88
10 4 0 24 2 24 6 24 9 24 6 0 49 1 49 2 49 4 49 6 49 7 49 5 2 16 3 16 5 16 7 16 9 16 4 3 11 4 11 5 11 8 11 9 0 60 1 60 3 60 4 60 5 60 6 60 7 60 8 60 9 60 5 0 5 1 5 4 5 7 5 9 5 4 0 63 3 63 6 63 8 63 8 0 25 1 25 2 25 3 25 4 25 5 25 7 25 9 25 4 2 15 3 15 6 15 7 15 7 0 45 1 45 2 45 3 45 5 45 6 45 7 45
10 4 1 86 5 86 6 86 7 86 3 1 50 5 50 8 50 6 1 77 2 77 3 77 5 77 6 77 8 77 3 1 54 6 54 7 54 6 1 48 2 48 4 48 6 48 7 48 9 48 5 0 93 2 93 5 93 7 93 8 93 5 1 32 3 32 6 32 7 32 9 32 5 0 92 5 92 6 92 7 92 9 92 3 3 45 5 45 6 45 2 4 71 6 71
10 4 0 86 3 86 5 86 9 86 5 0 90 3 90 6 90 7 90 8 90 3 3 78 5 78 8 78 3 5 88 8 88 9 88 2 2 57 5 57 5 0 32 1 32 5 32 6 32 9 32 6 1 57 2 57 4 57 5 57 7 57 9 57 4 3 86 7 86 8 86 9 86 5 4 71 5 71 7 71 8 71 9 71 3 1 39 4 39 7 39
10 5 0 59 2 59 3 59 4 59 6 59 6 2 18 3 18 5 18 7 18 8 18 9 18 7 3 31 4 31 5 31 6 31 7 31 8 31 9 31 5 4 41 5 41 6 41 7 41 9 41 3 3 20 4 20 7 20 2 1 83 5 83 5 3 65 4 65 6 65 7 65 8 65 5 0 54 4 54 5 54 6 54 9 54 4 2 94 4 94 6 94 7 94 5 0 69 1 69 2 69 7 69 8 69
10 4 0 47 3 47 4 47 9 47 7 2 79 3 79 4 79 5 79 6 79 7 79 9 79 7 2 76 3 76 5 76 6 76 7 76 8 76 9 76 6 0 59 3 59 5 59 6 59 7 59 8 59 4 1 72 2 72 6 72 7 72 5 0 8 2 8 4 8 7 8 8 8 4 0 30 1 30 3 30 9 30 3 0 73 5 73 8 73 4 0 57 1 57 7 57 9 57 6 1 84 2 84 3 84 4 84 8 84 9 84
10 3 0 59 3 59 7 59 2 2 89 3 89 6 1 10 2 10 3 10 4 10 7 10 9 10 4 2 45 5 45 7 45 9 45 6 1 8 2 8 3 8 4 8 5 8 7 8 7 0 54 2 54 3 54 4 54 5 54 6 54 7 54 6 2 88 3 88 4 88 5 88 6 88 8 88 5 0 20 3 20 4 20 5 20 8 20 2 3 7 9 7 5 0 62 1 62 2 62 6 62 9 62
10 4 0 63 2 63 3 63 5 63 5 0 9 5 9 6 9 7 9 9 9 5 0 77 4 77 5 77 6 77 8 77 3 3 37 4 37 8 37 2 2 5 4 5 3 4 13 6 13 8 13 5 2 79 5 79 6 79 8 79 9 79 5 0 24 1 24 2 24 3 24 5 24 4 1 10 3 10 5 10 7 10 6 0 82 2 82 3 82 4 82 7 82 9 82
10 3 0 74 7 74 8 74 6 0 32 1 32 4 32 6 32 7 32 8 32 4 2 61 4 61 7 61 8 61 5 0 53 5 53 6 53 7 53 8 53 3 0 92 4 92 7 92 5 0 20 5 20 7 20 8 20 9 20 3 3 10 6 10 8 10 5 2 5 3 5 7 5 8 5 9 5 5 1 45 4 45 5 45 6 45 7 45 4 0 23 1 23 5 23 7 23
10 5 0 85 2 85 6 85 8 85 9 85 2 1 51 9 51 7 0 61 1 61 3 61 4 61 5 61 7 61 8 61 6 2 99 4 99 5 99 7 99 8 99 9 99 8 2 37 3 37 4 37 5 37 6 37 7 37 8 37 9 37 3 0 94 6 94 7 94 6 1 98 2 98 4 98 5 98 7 98 9 98 5 0 65 6 65 7 65 8 65 9 65 3 0 33 3 33 9 33 2 0 75 7 75
10 7 0 51 1 51 4 51 5 51 6 51 7 51 8 51 1 3 24 4 3 8 5 8 6 8 9 8 4 3 30 4 30 6 30 8 30 3 5 12 7 12 9 12 5 1 23 2 23 5 23 7 23 8 23 3 1 7 2 7 8 7 6 1 17 3 17 4 17 5 17 8 17 9 17 7 1 35 2 35 3 35 5 35 6 35 7 35 9 35 3 0 81 1 81 6 81
10 5 0 71 1 71 6 71 7 71 8 71 5 0 42 1 42 2 42 5 42 6 42 4 2 68 4 68 5 68 8 68 5 0 31 2 31 3 31 7 31 8 31 8 0 29 1 29 3 29 4 29 5 29 6 29 7 29 8 29 6 0 63 1 63 2 63 3 63 7 63 8 63 6 2 65 3 65 4 65 5 65 6 65 9 65 3 3 70 7 70 9 70 6 1 27 2 27 3 27 5 27 6 27 7 27 5 0 93 2 93 5 93 8 93 9 93
10 4 0 28 1 28 7 28 8 28 5 0 38 1 38 2 38 4 38 5 38 7 0 51 1 51 2 51 3 51 4 51 5 51 8 51 5 4 70 5 70 6 70 7 70 9 70 3 1 33 2 33 6 33 6 0 78 2 78 4 78 5 78 8 78 9 78 6 3 45 4 45 5 45 7 45 8 45 9 45 4 0 90 2 90 3 90 9 90 7 1 54 2 54 3 54 4 54 6 54 7 54 9 54 3 0 72 7 72 9 72
10 3 0 18 1 18 4 18 6 0 90 1 90 2 90 4 90 5 90 6 90 8 1 25 2 25 3 25 4 25 5 25 6 25 7 25 8 25 6 0 92 3 92 5 92 6 92 7 92 8 92 6 0 85 1 85 3 85 5 85 6 85 8 85 4 1 35 2 35 3 35 5 35 4 0 29 4 29 5 29 7 29 7 0 81 1 81 2 81 3 81 4 81 7 81 8 81 5 0 80 1 80 5 80 6 80 9 80 4 1 59 2 59 3 59 6 59
10 5 0 67 1 67 3 67 5 67 7 67 4 2 96 3 96 5 96 8 96 5 1 38 4 38 6 38 7 38 9 38 4 0 86 3 86 4 86 6 86 3 0 97 3 97 9 97 7 0 94 1 94 2 94 3 94 5 94 6 94 7 94 3 0 86 4 86 7 86 8 0 35 1 35 2 35 3 35 4 35 5 35 6 35 8 35 3 3 82 7 82 9 82 6 0 45 1 45 2 45 4 45 8 45 9 45
10 4 2 92 3 92 5 92 8 92 5 1 51 2 51 6 51 8 51 9 51 3 3 59 4 59 9 59 3 5 52 6 52 7 52 5 1 8 2 8 4 8 5 8 6 8 5 2 70 5 70 7 70 8 70 9 70 5 0 75 1 75 5 75 6 75 7 75 4 0 54 2 54 3 54 9 54 3 0 60 1 60 7 60 4 0 33 7 33 8 33 9 33
10 3 3 98 4 98 8 98 2 0 80 7 80 6 0 78 3 78 5 78 6 78 7 78 9 78 7 0 82 2 82 4 82 5 82 6 82 8 82 9 82 6 1 7 2 7 4 7 6 7 7 7 8 7 5 0 89 3 89 4 89 8 89 9 89 4 0 69 1 69 3 69 5 69 5 0 51 3 51 4 51 5 51 9 51 4 2 79 4 79 7 79 8 79 6 0 62 2 62 3 62 4 62 6 62 9 62
