30 10
10 2 4 21 9 21 2 2 26 7 26 6 0 16 3 16 5 16 6 16 7 16 9 16 4 0 34 2 34 5 34 8 34 6 1 55 2 55 3 55 6 55 7 55 8 55 4 0 52 6 52 8 52 9 52 7 0 95 1 95 2 95 3 95 4 95 5 95 7 95 2 2 71 6 71 6 1 21 4 21 5 21 7 21 8 21 9 21 5 0 53 1 53 7 53 8 53 9 53
10 1 8 77 6 1 98 4 98 5 98 6 98 8 98 9 98 5 0 42 1 42 2 42 5 42 8 42 3 1 66 4 66 7 66 5 1 31 2 31 4 31 6 31 7 31 3 3 39 7 39 9 39 4 0 77 3 77 6 77 7 77 4 2 79 6 79 8 79 9 79 2 4 55 9 55 5 0 12 1 12 3 12 6 12 9 12
10 3 2 64 4 64 6 64 6 1 92 2 92 4 92 5 92 6 92 9 92 3 3 34 4 34 5 34 5 1 19 2 19 4 19 6 19 8 19 5 1 62 5 62 6 62 7 62 8 62 4 0 54 5 54 6 54 9 54 6 0 43 1 43 4 43 5 43 6 43 7 43 7 0 83 1 83 4 83 5 83 7 83 8 83 9 83 3 0 79 8 79 9 79 5 0 37 3 37 4 37 5 37 6 37
10 5 0 93 1 93 2 93 3 93 6 93 7 0 24 1 24 2 24 3 24 4 24 8 24 9 24 6 1 69 2 69 3 69 4 69 5 69 7 69 6 1 38 4 38 5 38 7 38 8 38 9 38 5 0 77 3 77 5 77 6 77 9 77 2 2 87 4 87 2 3 60 4 60 4 0 41 4 41 6 41 9 41 3 1 87 3 87 7 87 7 1 83 2 83 3 83 6 83 7 83 8 83 9 83
10 4 0 77 2 77 6 77 9 77 5 0 44 1 44 2 44 4 44 7 44 6 2 96 3 96 4 96 5 96 7 96 9 96 3 3 79 5 79 8 79 9 0 75 1 75 3 75 4 75 5 75 6 75 7 75 8 75 9 75 6 0 98 1 98 2 98 4 98 7 98 9 98 4 0 25 3 25 5 25 6 25 7 0 17 2 17 3 17 4 17 5 17 7 17 9 17 4 2 43 3 43 6 43 7 43 6 1 49 2 49 3 49 5 49 6 49 7 49
10 5 1 76 3 76 5 76 6 76 7 76 3 1 35 2 35 5 35 5 1 28 3 28 5 28 6 28 8 28 4 0 95 1 95 6 95 7 95 6 1 95 2 95 4 95 6 95 7 95 9 95 6 0 61 2 61 4 61 5 61 7 61 8 61 5 1 35 6 35 7 35 8 35 9 35 6 0 7 1 7 5 7 6 7 7 7 9 7 2 3 9 6 9 2 6 10 9 10
10 4 0 91 1 91 3 91 9 91 4 0 27 3 27 7 27 8 27 3 3 50 5 50 8 50 4 3 16 5 16 8 16 9 16 3 2 28 4 28 5 28 5 0 59 1 59 5 59 6 59 9 59 6 1 52 2 52 4 52 5 52 6 52 9 52 5 0 46 3 46 7 46 8 46 9 46 5 2 59 5 59 7 59 8 59 9 59 3 4 43 7 43 9 43
10 5 0 45 1 45 3 45 4 45 6 45 5 2 71 5 71 7 71 8 71 9 71 7 2 39 3 39 4 39 5 39 6 39 7 39 8 39 5 0 87 5 87 6 87 7 87 9 87 3 3 14 4 14 8 14 3 1 54 5 54 6 54 4 3 41 4 41 6 41 7 41 4 4 43 5 43 6 43 9 43 4 2 9 4 9 5 9 7 9 5 0 20 2 20 4 20 7 20 8 20
10 5 0 37 2 37 3 37 4 37 9 37 7 2 26 3 26 4 26 5 26 6 26 7 26 9 26 7 2 33 3 33 4 33 5 33 7 33 8 33 9 33 6 3 42 5 42 6 42 7 42 8 42 9 42 4 0 78 2 78 6 78 7 78 5 0 89 4 89 6 89 7 89 8 89 4 0 8 1 8 3 8 7 8 2 0 66 8 66 3 0 28 1 28 9 28 7 1 33 2 33 3 33 4 33 5 33 8 33 9 33
10 3 1 74 3 74 7 74 3 0 69 2 69 3 69 6 1 84 2 84 3 84 5 84 7 84 9 84 4 2 27 3 27 5 27 9 27 7 1 81 2 81 3 81 4 81 5 81 7 81 9 81 6 0 45 2 45 3 45 4 45 6 45 7 45 6 2 69 3 69 4 69 5 69 6 69 8 69 5 0 94 2 94 3 94 4 94 5 94 2 3 78 6 78 5 0 96 2 96 4 96 6 96 9 96
10 4 0 76 2 76 3 76 5 76 4 0 32 5 32 7 32 9 32 5 0 18 4 18 5 18 6 18 8 18 4 0 20 3 20 4 20 8 20 3 2 87 3 87 4 87 3 2 17 4 17 6 17 5 2 25 5 25 6 25 8 25 9 25 6 0 24 1 24 2 24 3 24 4 24 5 24 4 1 31 3 31 5 31 7 31 6 2 81 3 81 4 81 7 81 8 81 9 81
10 3 7 97 8 97 9 97 5 0 90 4 90 6 90 7 90 8 90 4 4 28 5 28 7 28 8 28 5 0 86 5 86 6 86 7 86 8 86 3 0 58 4 58 7 58 5 0 72 1 72 5 72 7 72 8 72 3 2 23 3 23 6 23 6 2 76 3 76 6 76 7 76 8 76 9 76 5 1 99 3 99 4 99 5 99 7 99 4 0 45 1 45 4 45 7 45
10 5 0 48 2 48 6 48 8 48 9 48 3 1 27 5 27 9 27 7 1 67 3 67 4 67 5 67 6 67 7 67 8 67 6 2 62 4 62 5 62 7 62 8 62 9 62 8 2 98 3 98 4 98 5 98 6 98 7 98 8 98 9 98 3 0 42 6 42 7 42 6 1 46 2 46 4 46 5 46 7 46 9 46 5 0 27 6 27 7 27 8 27 9 27 3 0 48 3 48 9 48 2 0 17 2 17
10 7 1 80 4 80 5 80 6 80 7 80 8 80 9 80 1 3 19 4 3 28 5 28 6 28 9 28 5 1 12 3 12 4 12 6 12 8 12 4 4 94 5 94 7 94 9 94 5 1 63 2 63 5 63 6 63 7 63 4 1 98 2 98 7 98 8 98 5 1 50 3 50 5 50 8 50 9 50 7 0 80 1 80 2 80 3 80 5 80 6 80 7 80 4 0 50 1 50 2 50 6 50
10 5 0 50 2 50 6 50 7 50 8 50 4 0 41 1 41 2 41 6 41 3 2 61 4 61 5 61 5 0 79 2 79 3 79 7 79 8 79 8 0 14 1 14 3 14 4 14 5 14 6 14 7 14 8 14 6 0 72 1 72 2 72 7 72 8 72 9 72 6 2 18 3 18 5 18 6 18 7 18 9 18 2 3 55 7 55 5 1 37 2 37 3 37 5 37 6 37 5 0 75 2 75 5 75 8 75 9 75
10 4 0 22 7 22 8 22 9 22 5 0 57 1 57 2 57 4 57 5 57 7 0 75 1 75 2 75 3 75 4 75 5 75 8 75 5 2 14 4 14 5 14 6 14 9 14 4 1 65 2 65 6 65 7 65 6 0 96 2 96 3 96 4 96 5 96 9 96 7 1 71 3 71 4 71 5 71 7 71 8 71 9 71 3 0 47 2 47 9 47 8 1 79 2 79 3 79 4 79 6 79 7 79 8 79 9 79 3 6 60 7 60 9 60
10 4 0 32 1 32 3 32 4 32 6 0 69 1 69 2 69 4 69 5 69 6 69 8 1 44 2 44 3 44 4 44 5 44 6 44 7 44 8 44 7 0 31 1 31 3 31 5 31 6 31 7 31 8 31 7 0 51 1 51 3 51 5 51 6 51 8 51 9 51 5 0 33 1 33 2 33 3 33 5 33 4 0 34 4 34 5 34 6 34 7 0 58 2 58 3 58 4 58 5 58 7 58 8 58 5 0 47 1 47 5 47 6 47 7 47 4 1 58 2 58 6 58 8 58
10 6 0 66 1 66 3 66 5 66 7 66 8 66 4 3 40 5 40 7 40 8 40 6 1 17 2 17 4 17 6 17 7 17 9 17 4 0 62 3 62 4 62 6 62 2 3 38 9 38 7 0 8 1 8 2 8 3 8 5 8 6 8 7 8 3 0 15 4 15 6 15 8 0 29 1 29 2 29 3 29 4 29 5 29 6 29 8 29 4 1 44 3 44 7 44 9 44 5 0 97 1 97 2 97 4 97 9 97
10 4 2 50 3 50 5 50 8 50 4 1 58 2 58 6 58 9 58 4 3 21 4 21 6 21 9 21 3 4 63 5 63 7 63 6 1 57 2 57 4 57 5 57 6 57 7 57 4 2 32 5 32 7 32 8 32 4 0 20 5 20 6 20 7 20 3 0 87 2 87 9 87 2 0 57 1 57 4 1 39 7 39 8 39 9 39
10 3 3 20 4 20 8 20 2 0 67 6 67 6 0 85 1 85 3 85 6 85 7 85 9 85 6 2 90 4 90 5 90 6 90 8 90 9 90 5 1 70 4 70 6 70 7 70 8 70 5 0 84 3 84 4 84 8 84 9 84 5 0 30 1 30 3 30 5 30 8 30 5 0 56 3 56 4 56 5 56 9 56 4 2 61 3 61 4 61 7 61 6 0 15 2 15 3 15 4 15 6 15 9 15
10 7 0 29 1 29 3 29 4 29 6 29 8 29 9 29 5 0 82 1 82 5 82 6 82 7 82 3 4 18 7 18 9 18 5 0 38 2 38 3 38 6 38 9 38 3 1 21 5 21 7 21 5 1 50 2 50 5 50 6 50 8 50 6 1 23 3 23 4 23 6 23 7 23 8 23 3 2 84 3 84 5 84 4 2 45 4 45 6 45 9 45 3 2 41 3 41 9 41
10 2 3 54 5 54 3 2 37 8 37 9 37 3 1 62 6 62 7 62 7 0 16 1 16 2 16 3 16 5 16 6 16 8 16 4 0 52 5 52 7 52 8 52 4 0 57 2 57 3 57 8 57 4 2 54 3 54 4 54 5 54 3 2 38 7 38 9 38 7 0 74 1 74 4 74 6 74 7 74 8 74 9 74 6 1 52 3 52 4 52 5 52 6 52 9 52
10 5 1 79 2 79 4 79 5 79 9 79 5 1 61 2 61 4 61 7 61 8 61 5 1 11 4 11 5 11 8 11 9 11 3 0 81 8 81 9 81 6 1 89 2 89 3 89 5 89 7 89 9 89 7 0 89 2 89 3 89 4 89 6 89 8 89 9 89 5 0 57 1 57 2 57 5 57 6 57 3 1 68 2 68 3 68 6 2 81 3 81 4 81 5 81 8 81 9 81 4 2 30 4 30 8 30 9 30
10 5 1 24 4 24 7 24 8 24 9 24 4 1 66 4 66 7 66 9 66 3 0 32 4 32 9 32 6 0 33 3 33 5 33 6 33 7 33 8 33 1 8 8 2 2 20 3 20 3 2 84 6 84 8 84 5 0 91 1 91 3 91 5 91 6 91 4 4 55 7 55 8 55 9 55 4 0 20 1 20 5 20 7 20
10 5 1 54 2 54 3 54 4 54 5 54 7 0 64 1 64 2 64 4 64 5 64 6 64 9 64 8 0 83 1 83 2 83 3 83 6 83 7 83 8 83 9 83 3 0 40 1 40 9 40 4 2 8 5 8 7 8 8 8 4 0 7 1 7 8 7 9 7 6 2 19 3 19 4 19 5 19 6 19 7 19 5 0 56 3 56 4 56 5 56 7 56 4 1 39 2 39 8 39 9 39 6 0 7 1 7 3 7 5 7 7 7 8 7
10 6 0 6 1 6 2 6 3 6 4 6 6 6 5 4 74 5 74 6 74 7 74 8 74 7 0 63 1 63 2 63 3 63 7 63 8 63 9 63 5 1 64 2 64 3 64 6 64 9 64 5 2 15 3 15 4 15 8 15 9 15 2 4 42 6 42 6 0 98 2 98 6 98 7 98 8 98 9 98 4 4 61 6 61 8 61 9 61 7 1 40 2 40 4 40 5 40 6 40 8 40 9 40 4 3 91 4 91 5 91 8 91
10 3 1 80 4 80 5 80 3 3 75 6 75 8 75 7 0 26 1 26 2 26 3 26 5 26 6 26 8 26 4 2 87 3 87 7 87 8 87 4 1 22 3 22 6 22 9 22 5 0 39 3 39 4 39 7 39 8 39 5 3 24 4 24 5 24 6 24 8 24 7 1 75 3 75 4 75 5 75 7 75 8 75 9 75 4 2 44 5 44 6 44 9 44 4 2 6 3 6 4 6 5 6
10 5 0 8 2 8 3 8 5 8 7 8 5 2 79 3 79 4 79 5 79 9 79 7 1 61 2 61 3 61 4 61 5 61 6 61 9 61 3 1 15 4 15 8 15 2 0 12 6 12 4 2 43 6 43 7 43 9 43 3 0 26 3 26 8 26 3 0 22 8 22 9 22 6 0 20 1 20 2 20 6 20 7 20 9 20 7 1 80 3 80 4 80 6 80 7 80 8 80 9 80
10 3 1 36 4 36 5 36 5 0 63 1 63 5 63 6 63 7 63 6 0 10 1 10 3 10 5 10 7 10 8 10 4 1 22 2 22 4 22 6 22 4 2 96 3 96 8 96 9 96 5 3 40 5 40 6 40 7 40 9 40 3 2 5 5 5 9 5 3 1 18 8 18 9 18 3 1 33 3 33 6 33 5 0 62 2 62 5 62 7 62 8 62
10 3 2 8 4 8 9 8 1 8 15 6 0 64 1 64 2 64 6 64 8 64 9 64 4 3 95 6 95 7 95 8 95 5 0 96 1 96 2 96 4 96 5 96 3 0 38 2 38 6 38 3 0 18 7 18 9 18 7 1 23 3 23 4 23 6 23 7 23 8 23 9 23 3 2 64 5 64 7 64 6 0 89 4 89 5 89 6 89 7 89 8 89
