30 10
10 5 0 89 3 89 5 89 6 89 7 89 5 0 58 1 58 2 58 4 58 9 58 6 4 97 5 97 6 97 7 97 8 97 9 97 4 2 44 7 44 8 44 9 44 5 1 77 3 77 4 77 7 77 8 77 4 2 5 3 5 4 5 8 5 2 0 9 9 9 5 0 58 3 58 4 58 5 58 8 58 3 2 96 4 96 9 96 2 3 84 7 84
10 6 1 31 3 31 4 31 6 31 7 31 9 31 5 1 81 2 81 3 81 5 81 8 81 3 1 73 5 73 9 73 4 3 15 4 15 6 15 7 15 5 1 87 2 87 4 87 5 87 6 87 5 1 39 4 39 5 39 6 39 7 39 8 1 57 2 57 3 57 5 57 6 57 7 57 8 57 9 57 6 0 77 1 77 3 77 5 77 7 77 9 77 5 1 85 2 85 3 85 4 85 5 85 5 0 21 1 21 2 21 6 21 8 21
10 4 1 48 2 48 7 48 8 48 6 0 71 1 71 2 71 5 71 6 71 7 71 4 0 40 3 40 6 40 8 40 2 1 70 3 70 2 1 49 6 49 7 0 22 1 22 3 22 4 22 6 22 8 22 9 22 4 0 10 3 10 4 10 7 10 4 1 34 3 34 7 34 8 34 4 4 80 5 80 6 80 7 80 5 2 82 3 82 5 82 8 82 9 82
10 5 0 11 3 11 4 11 7 11 8 11 3 4 72 6 72 8 72 6 2 62 4 62 5 62 6 62 7 62 8 62 4 0 55 2 55 3 55 8 55 6 0 17 2 17 3 17 5 17 6 17 8 17 6 2 75 5 75 6 75 7 75 8 75 9 75 3 0 7 3 7 8 7 6 1 91 4 91 5 91 6 91 7 91 8 91 3 3 35 7 35 9 35 5 0 47 1 47 3 47 8 47 9 47
10 6 0 64 2 64 4 64 5 64 6 64 9 64 9 0 71 1 71 2 71 3 71 4 71 5 71 6 71 7 71 8 71 3 4 12 7 12 9 12 3 1 90 5 90 8 90 5 1 94 2 94 3 94 4 94 7 94 4 3 75 4 75 6 75 8 75 3 3 20 5 20 9 20 6 0 15 2 15 3 15 4 15 8 15 9 15 2 4 50 5 50 7 1 67 3 67 5 67 6 67 7 67 8 67 9 67
10 7 0 29 1 29 2 29 5 29 7 29 8 29 9 29 4 4 93 5 93 6 93 9 93 4 1 68 3 68 5 68 9 68 6 0 93 2 93 3 93 5 93 6 93 7 93 4 1 57 2 57 7 57 9 57 3 1 77 5 77 8 77 3 0 52 1 52 4 52 4 0 7 4 7 6 7 9 7 3 1 58 4 58 7 58 5 0 70 2 70 6 70 7 70 9 70
10 3 0 26 3 26 4 26 4 1 27 3 27 5 27 9 27 2 1 63 9 63 3 0 6 2 6 5 6 4 3 87 6 87 8 87 9 87 4 0 56 2 56 3 56 7 56 8 0 48 1 48 2 48 3 48 4 48 5 48 6 48 8 48 7 0 36 2 36 3 36 5 36 6 36 8 36 9 36 3 0 95 1 95 2 95 7 1 82 2 82 3 82 4 82 5 82 7 82 8 82
10 5 0 8 1 8 2 8 3 8 5 8 7 0 76 2 76 3 76 6 76 7 76 8 76 9 76 5 1 76 2 76 3 76 6 76 8 76 3 0 30 4 30 9 30 3 4 84 6 84 8 84 4 2 78 5 78 7 78 9 78 4 4 41 5 41 6 41 8 41 4 0 36 5 36 7 36 9 36 4 2 36 3 36 6 36 8 36 5 0 15 3 15 4 15 5 15 6 15
10 3 3 13 6 13 8 13 3 5 29 7 29 8 29 2 0 75 8 75 3 2 81 5 81 6 81 4 1 78 3 78 4 78 7 78 2 5 88 6 88 4 0 54 2 54 4 54 9 54 7 0 40 3 40 4 40 5 40 7 40 8 40 9 40 4 0 13 1 13 7 13 8 13 5 0 82 2 82 4 82 6 82 8 82
10 5 0 52 2 52 3 52 5 52 7 52 5 2 6 4 6 5 6 6 6 8 6 4 1 6 3 6 6 6 9 6 4 4 82 5 82 6 82 8 82 5 1 64 3 64 6 64 7 64 8 64 4 0 88 2 88 5 88 9 88 6 0 54 1 54 2 54 3 54 4 54 8 54 4 4 54 5 54 6 54 8 54 3 2 32 4 32 7 32 5 1 26 2 26 3 26 8 26 9 26
10 4 2 62 3 62 4 62 8 62 1 1 35 4 2 72 4 72 5 72 7 72 4 1 69 2 69 6 69 7 69 3 0 62 5 62 8 62 5 5 32 6 32 7 32 8 32 9 32 7 0 5 2 5 3 5 6 5 7 5 8 5 9 5 6 1 61 3 61 4 61 6 61 7 61 9 61 5 0 67 2 67 4 67 5 67 7 67 3 6 93 7 93 9 93
10 4 2 78 3 78 8 78 9 78 6 1 11 2 11 3 11 4 11 6 11 7 11 5 0 82 3 82 4 82 6 82 7 82 6 0 7 1 7 4 7 5 7 8 7 9 7 5 0 72 1 72 6 72 8 72 9 72 3 5 64 6 64 8 64 4 4 90 5 90 6 90 9 90 4 0 85 5 85 8 85 9 85 5 0 88 1 88 3 88 5 88 8 88 1 6 63
10 6 0 50 1 50 2 50 3 50 6 50 7 50 3 0 28 4 28 6 28 5 0 35 2 35 3 35 5 35 8 35 5 1 66 3 66 5 66 6 66 8 66 3 2 27 4 27 8 27 5 0 49 2 49 6 49 8 49 9 49 2 0 11 9 11 3 1 88 3 88 6 88 3 0 31 5 31 9 31 3 0 44 1 44 3 44
10 7 1 62 3 62 4 62 5 62 6 62 7 62 9 62 6 0 39 2 39 5 39 6 39 7 39 9 39 5 0 76 1 76 7 76 8 76 9 76 7 0 14 1 14 2 14 3 14 4 14 5 14 9 14 6 0 56 3 56 5 56 6 56 8 56 9 56 3 3 97 7 97 9 97 5 1 7 2 7 3 7 4 7 9 7 2 0 69 7 69 4 3 66 4 66 6 66 9 66 5 0 47 1 47 6 47 7 47 8 47
10 3 1 47 6 47 7 47 4 0 41 2 41 5 41 9 41 5 0 64 4 64 5 64 8 64 9 64 5 2 58 3 58 5 58 7 58 8 58 5 4 57 5 57 7 57 8 57 9 57 4 1 93 7 93 8 93 9 93 5 1 69 3 69 5 69 8 69 9 69 4 0 53 4 53 5 53 6 53 3 1 18 5 18 9 18 6 0 79 1 79 4 79 5 79 6 79 9 79
10 7 1 76 2 76 3 76 4 76 5 76 7 76 9 76 3 0 81 2 81 9 81 2 0 76 8 76 4 2 61 4 61 6 61 8 61 5 1 77 2 77 4 77 5 77 9 77 2 2 26 8 26 7 0 74 1 74 2 74 4 74 6 74 7 74 9 74 4 0 22 3 22 5 22 9 22 3 1 58 2 58 8 58 4 0 78 2 78 3 78 5 78
10 3 4 30 5 30 6 30 6 0 72 2 72 3 72 5 72 7 72 8 72 6 0 43 1 43 3 43 4 43 5 43 7 43 3 0 65 2 65 8 65 4 1 16 3 16 5 16 6 16 5 0 92 4 92 5 92 7 92 8 92 3 1 95 3 95 5 95 6 0 29 2 29 6 29 7 29 8 29 9 29 4 2 99 4 99 8 99 9 99 6 2 64 3 64 5 64 6 64 7 64 9 64
10 5 0 35 1 35 2 35 5 35 6 35 5 2 74 3 74 5 74 6 74 8 74 5 1 16 2 16 4 16 5 16 9 16 5 0 85 1 85 2 85 4 85 7 85 3 0 7 4 7 6 7 5 0 81 2 81 3 81 4 81 5 81 6 3 86 4 86 5 86 6 86 7 86 9 86 4 1 61 4 61 8 61 9 61 4 0 35 1 35 8 35 9 35 5 1 34 3 34 7 34 8 34 9 34
10 3 1 97 2 97 9 97 5 4 43 5 43 6 43 7 43 8 43 6 1 72 2 72 3 72 4 72 6 72 7 72 5 0 88 3 88 6 88 7 88 8 88 5 0 17 4 17 5 17 6 17 8 17 5 0 43 3 43 4 43 5 43 6 43 5 0 94 2 94 4 94 7 94 8 94 7 0 64 1 64 3 64 4 64 5 64 6 64 7 64 5 0 22 3 22 4 22 6 22 9 22 4 0 42 2 42 3 42 5 42
10 6 3 99 4 99 5 99 6 99 7 99 9 99 4 0 84 2 84 5 84 7 84 4 0 99 1 99 3 99 8 99 3 4 98 5 98 8 98 6 1 20 2 20 4 20 5 20 6 20 9 20 4 4 31 5 31 6 31 9 31 6 1 74 2 74 3 74 4 74 5 74 9 74 2 0 92 1 92 4 0 23 4 23 7 23 9 23 8 0 89 1 89 2 89 3 89 4 89 6 89 8 89 9 89
10 5 2 32 3 32 6 32 8 32 9 32 4 0 6 1 6 2 6 9 6 5 1 55 4 55 5 55 6 55 7 55 6 0 19 1 19 3 19 5 19 6 19 7 19 7 1 81 2 81 4 81 5 81 6 81 7 81 9 81 5 0 81 1 81 2 81 6 81 8 81 4 1 40 2 40 7 40 8 40 4 4 9 6 9 7 9 8 9 5 0 37 3 37 4 37 7 37 8 37 2 1 40 2 40
10 7 0 15 1 15 3 15 4 15 6 15 7 15 8 15 5 2 70 3 70 5 70 6 70 7 70 2 1 25 8 25 7 1 46 2 46 3 46 4 46 5 46 6 46 9 46 6 1 65 2 65 6 65 7 65 8 65 9 65 3 1 64 3 64 4 64 6 1 21 3 21 4 21 7 21 8 21 9 21 6 0 77 1 77 3 77 4 77 5 77 6 77 3 4 65 5 65 6 65 2 3 55 5 55
10 2 2 31 8 31 5 1 84 2 84 3 84 5 84 7 84 7 0 37 1 37 3 37 5 37 6 37 7 37 8 37 6 0 24 1 24 2 24 3 24 5 24 6 24 4 0 85 2 85 6 85 8 85 3 4 89 6 89 7 89 7 1 29 3 29 4 29 6 29 7 29 8 29 9 29 4 0 44 1 44 4 44 6 44 6 0 40 2 40 4 40 5 40 6 40 9 40 5 0 83 2 83 3 83 5 83 6 83
10 4 0 80 3 80 4 80 5 80 6 0 8 1 8 2 8 4 8 7 8 8 8 3 0 41 6 41 9 41 7 2 59 3 59 4 59 5 59 6 59 7 59 9 59 5 3 56 4 56 7 56 8 56 9 56 5 1 38 3 38 6 38 7 38 8 38 4 2 30 3 30 4 30 8 30 5 1 97 2 97 4 97 7 97 8 97 4 0 77 4 77 5 77 6 77 4 1 80 3 80 4 80 7 80
10 4 4 59 5 59 7 59 9 59 4 0 91 2 91 6 91 8 91 4 2 50 3 50 4 50 6 50 6 1 80 2 80 3 80 4 80 8 80 9 80 2 1 17 2 17 7 2 40 4 40 5 40 6 40 7 40 8 40 9 40 7 2 71 3 71 4 71 5 71 6 71 8 71 9 71 6 0 56 2 56 5 56 7 56 8 56 9 56 4 3 88 4 88 6 88 8 88 4 0 7 2 7 7 7 9 7
10 6 1 36 2 36 6 36 7 36 8 36 9 36 6 2 58 3 58 4 58 7 58 8 58 9 58 5 0 54 1 54 4 54 6 54 7 54 2 1 77 5 77 6 0 8 2 8 4 8 6 8 7 8 8 8 5 0 9 2 9 4 9 5 9 6 9 3 0 45 4 45 8 45 5 2 10 3 10 4 10 6 10 9 10 5 1 29 3 29 5 29 7 29 9 29 4 4 96 6 96 8 96 9 96
10 4 0 28 3 28 7 28 8 28 4 1 92 3 92 6 92 9 92 5 0 73 2 73 3 73 6 73 8 73 5 1 27 3 27 4 27 6 27 7 27 6 1 86 3 86 4 86 5 86 7 86 8 86 4 2 87 5 87 7 87 9 87 5 0 96 2 96 4 96 6 96 9 96 1 1 98 5 0 99 1 99 2 99 6 99 7 99 5 2 70 4 70 7 70 8 70 9 70
10 5 0 32 1 32 5 32 6 32 9 32 4 1 95 5 95 6 95 9 95 6 0 85 1 85 2 85 3 85 4 85 8 85 3 2 81 4 81 6 81 5 0 41 2 41 4 41 5 41 6 41 6 3 39 5 39 6 39 7 39 8 39 9 39 7 0 92 3 92 4 92 5 92 7 92 8 92 9 92 5 0 59 1 59 3 59 4 59 6 59 7 0 56 3 56 4 56 5 56 6 56 7 56 9 56 6 2 52 4 52 5 52 6 52 7 52 9 52
10 3 0 93 2 93 4 93 5 1 12 2 12 3 12 7 12 8 12 3 2 22 5 22 6 22 4 1 27 2 27 5 27 6 27 3 1 45 7 45 8 45 3 3 69 5 69 7 69 4 3 60 6 60 7 60 9 60 3 1 7 4 7 5 7 8 0 88 1 88 2 88 4 88 6 88 7 88 8 88 9 88 4 1 49 4 49 5 49 9 49
10 3 2 61 7 61 9 61 6 3 26 4 26 5 26 7 26 8 26 9 26 4 0 71 1 71 6 71 9 71 4 0 44 1 44 8 44 9 44 4 0 21 2 21 4 21 7 21 8 1 82 2 82 3 82 4 82 5 82 6 82 7 82 8 82 4 2 68 3 68 4 68 5 68 5 0 33 5 33 6 33 7 33 8 33 5 1 84 2 84 5 84 6 84 9 84 4 4 99 5 99 6 99 8 99
