30 10
10 6 0 38 2 38 3 38 5 38 6 38 7 38 4 0 75 2 75 4 75 9 75 5 5 12 6 12 7 12 8 12 9 12 4 5 97 7 97 8 97 9 97 5 0 76 1 76 3 76 4 76 7 76 5 1 29 2 29 3 29 4 29 8 29 2 8 14 9 14 5 0 66 3 66 4 66 6 66 8 66 3 2 44 4 44 7 44 1 3 12
10 7 0 43 1 43 3 43 4 43 6 43 7 43 9 43 5 1 38 2 38 3 38 5 38 8 38 2 1 80 5 80 4 3 82 4 82 6 82 7 82 4 2 85 4 85 5 85 6 85 5 1 58 4 58 5 58 6 58 7 58 7 1 87 2 87 3 87 5 87 6 87 7 87 9 87 7 0 92 1 92 3 92 5 92 7 92 8 92 9 92 5 1 89 2 89 4 89 5 89 9 89 5 0 69 1 69 2 69 7 69 8 69
10 4 1 48 6 48 7 48 8 48 7 0 8 1 8 2 8 4 8 5 8 6 8 7 8 4 0 66 3 66 6 66 8 66 2 1 7 7 7 3 1 14 2 14 6 14 7 0 41 1 41 3 41 4 41 6 41 8 41 9 41 5 0 61 3 61 4 61 5 61 7 61 5 0 43 1 43 3 43 7 43 8 43 5 1 84 4 84 5 84 6 84 7 84 5 2 5 3 5 5 5 8 5 9 5
10 5 0 19 3 19 5 19 7 19 8 19 4 3 74 4 74 6 74 8 74 5 2 41 4 41 5 41 6 41 8 41 5 0 59 2 59 3 59 4 59 8 59 5 0 43 3 43 5 43 6 43 8 43 6 2 42 5 42 6 42 7 42 8 42 9 42 3 0 73 8 73 9 73 5 4 97 5 97 6 97 7 97 8 97 3 1 8 3 8 7 8 4 0 96 1 96 3 96 9 96
10 7 0 75 2 75 3 75 4 75 5 75 6 75 9 75 8 0 5 1 5 2 5 3 5 4 5 5 5 7 5 8 5 4 2 70 4 70 7 70 9 70 2 5 42 8 42 4 1 23 3 23 4 23 7 23 3 4 55 6 55 8 55 3 1 48 3 48 5 48 5 0 38 2 38 3 38 4 38 9 38 1 4 37 8 0 7 1 7 3 7 5 7 6 7 7 7 8 7 9 7
10 7 0 72 1 72 2 72 5 72 7 72 8 72 9 72 4 4 31 5 31 7 31 9 31 4 1 95 3 95 5 95 9 95 6 0 79 2 79 3 79 5 79 6 79 7 79 4 2 25 4 25 7 25 9 25 3 1 56 5 56 8 56 4 0 9 1 9 4 9 8 9 4 0 60 4 60 6 60 9 60 4 1 73 4 73 5 73 7 73 4 0 43 2 43 6 43 9 43
10 3 0 31 3 31 9 31 4 1 78 3 78 5 78 9 78 2 6 16 9 16 3 0 94 2 94 4 94 4 3 86 7 86 8 86 9 86 4 0 21 2 21 3 21 5 21 7 0 97 1 97 2 97 3 97 4 97 5 97 6 97 7 0 53 2 53 3 53 5 53 6 53 8 53 9 53 2 1 7 2 7 7 1 64 2 64 3 64 4 64 5 64 7 64 8 64
10 5 0 86 1 86 2 86 3 86 5 86 6 0 65 2 65 3 65 6 65 8 65 9 65 4 1 59 2 59 6 59 8 59 3 0 44 8 44 9 44 3 1 33 4 33 8 33 4 2 85 5 85 7 85 9 85 4 0 61 4 61 5 61 6 61 4 0 32 5 32 7 32 9 32 4 3 63 6 63 8 63 9 63 4 0 30 3 30 4 30 6 30
10 3 4 11 6 11 8 11 3 5 61 7 61 8 61 3 0 84 8 84 9 84 4 2 16 3 16 5 16 6 16 3 3 90 4 90 7 90 3 1 30 5 30 6 30 4 0 60 2 60 4 60 9 60 6 0 93 3 93 4 93 5 93 7 93 8 93 4 0 44 1 44 2 44 8 44 5 0 45 2 45 4 45 6 45 8 45
10 4 2 11 3 11 5 11 7 11 5 2 28 4 28 5 28 6 28 8 28 4 0 32 1 32 6 32 9 32 4 4 36 6 36 7 36 8 36 4 1 31 3 31 7 31 8 31 5 0 47 2 47 4 47 5 47 9 47 6 0 20 1 20 2 20 3 20 4 20 8 20 4 4 52 5 52 6 52 8 52 3 2 35 4 35 9 35 5 1 49 2 49 3 49 8 49 9 49
10 5 2 17 3 17 4 17 5 17 8 17 1 3 34 5 2 49 4 49 5 49 6 49 7 49 4 1 84 2 84 6 84 7 84 3 0 85 5 85 8 85 5 5 20 6 20 7 20 8 20 9 20 6 0 74 2 74 3 74 6 74 7 74 8 74 5 1 68 4 68 6 68 7 68 9 68 5 0 10 2 10 4 10 5 10 7 10 3 2 77 7 77 9 77
10 3 3 71 8 71 9 71 7 1 7 2 7 3 7 4 7 5 7 6 7 7 7 5 0 29 3 29 4 29 6 29 7 29 6 0 85 1 85 4 85 5 85 8 85 9 85 6 0 76 1 76 4 76 6 76 8 76 9 76 2 5 59 6 59 5 2 17 4 17 5 17 6 17 9 17 4 0 17 5 17 8 17 9 17 6 0 13 1 13 3 13 5 13 8 13 9 13 1 7 48
10 6 0 39 1 39 2 39 3 39 6 39 7 39 4 0 16 4 16 6 16 9 16 6 0 39 2 39 3 39 4 39 5 39 8 39 4 3 87 5 87 6 87 8 87 3 4 11 7 11 8 11 5 0 32 2 32 3 32 6 32 9 32 2 0 15 2 15 3 0 19 1 19 3 19 3 0 64 5 64 9 64 4 0 43 1 43 3 43 8 43
10 6 1 33 3 33 5 33 6 33 7 33 9 33 6 0 82 2 82 6 82 7 82 8 82 9 82 6 0 92 1 92 2 92 7 92 8 92 9 92 6 0 83 1 83 3 83 4 83 5 83 9 83 6 0 32 3 32 5 32 6 32 8 32 9 32 3 3 99 7 99 9 99 4 2 99 3 99 4 99 9 99 3 0 91 4 91 7 91 4 0 8 3 8 4 8 6 8 4 0 57 1 57 6 57 7 57
10 3 1 7 6 7 7 7 4 0 48 2 48 5 48 9 48 4 4 62 5 62 8 62 9 62 5 2 88 3 88 4 88 5 88 8 88 6 4 21 5 21 6 21 7 21 8 21 9 21 4 1 39 5 39 7 39 9 39 5 1 27 3 27 5 27 8 27 9 27 5 0 91 3 91 4 91 5 91 6 91 3 1 38 5 38 9 38 6 0 69 1 69 2 69 5 69 6 69 9 69
10 6 1 64 2 64 3 64 4 64 5 64 9 64 3 0 45 2 45 8 45 3 0 24 3 24 8 24 5 2 80 4 80 6 80 7 80 8 80 4 1 67 2 67 5 67 9 67 3 2 18 4 18 8 18 6 0 38 1 38 4 38 6 38 7 38 9 38 3 0 88 3 88 9 88 4 1 80 2 80 5 80 8 80 5 0 44 1 44 2 44 3 44 5 44
10 4 2 15 4 15 5 15 6 15 5 0 72 2 72 3 72 5 72 7 72 5 0 40 1 40 4 40 5 40 7 40 3 2 21 7 21 8 21 5 1 52 3 52 5 52 6 52 8 52 5 0 51 4 51 5 51 7 51 8 51 4 1 59 3 59 5 59 9 59 6 0 24 1 24 2 24 6 24 7 24 8 24 4 4 47 6 47 8 47 9 47 5 2 43 3 43 5 43 6 43 9 43
10 5 0 77 2 77 4 77 5 77 6 77 6 2 43 3 43 5 43 6 43 7 43 8 43 5 1 40 2 40 4 40 5 40 9 40 4 0 31 1 31 2 31 7 31 3 4 76 6 76 8 76 5 0 20 3 20 4 20 5 20 6 20 6 3 88 4 88 5 88 6 88 7 88 9 88 5 1 70 3 70 4 70 8 70 9 70 4 0 5 1 5 8 5 9 5 5 0 32 1 32 3 32 8 32 9 32
10 2 2 14 9 14 5 4 58 5 58 6 58 7 58 8 58 6 1 85 2 85 3 85 6 85 7 85 9 85 5 0 64 3 64 5 64 7 64 8 64 5 0 26 1 26 4 26 6 26 8 26 5 0 94 3 94 4 94 5 94 6 94 4 0 32 2 32 4 32 7 32 7 0 49 1 49 3 49 4 49 5 49 6 49 7 49 6 0 80 3 80 4 80 6 80 8 80 9 80 4 0 47 3 47 4 47 5 47
10 5 3 23 4 23 5 23 6 23 9 23 5 0 11 1 11 2 11 5 11 7 11 4 0 34 1 34 3 34 8 34 2 4 75 8 75 6 2 79 4 79 5 79 6 79 7 79 9 79 4 3 26 4 26 5 26 9 26 5 1 96 2 96 4 96 5 96 9 96 2 0 5 1 5 4 0 9 4 9 6 9 7 9 8 0 59 1 59 2 59 3 59 5 59 6 59 8 59 9 59
10 5 0 75 2 75 3 75 6 75 9 75 3 1 20 2 20 9 20 5 1 10 5 10 6 10 7 10 8 10 5 0 66 1 66 3 66 6 66 7 66 7 1 43 2 43 4 43 5 43 6 43 7 43 9 43 5 0 37 2 37 6 37 7 37 8 37 3 1 9 2 9 8 9 4 4 83 7 83 8 83 9 83 4 0 68 4 68 7 68 8 68 2 1 52 5 52
10 7 0 54 1 54 3 54 4 54 6 54 7 54 8 54 5 1 26 3 26 5 26 6 26 7 26 2 1 79 4 79 7 2 88 3 88 4 88 5 88 6 88 7 88 9 88 6 1 84 2 84 6 84 7 84 8 84 9 84 4 0 6 1 6 3 6 4 6 7 1 54 2 54 3 54 4 54 7 54 8 54 9 54 6 1 59 3 59 4 59 5 59 6 59 9 59 3 3 28 4 28 6 28 2 3 42 5 42
10 3 2 56 4 56 8 56 5 1 29 2 29 3 29 5 29 9 29 6 0 36 1 36 3 36 6 36 7 36 8 36 5 0 40 1 40 2 40 5 40 6 40 3 0 86 6 86 8 86 3 6 68 7 68 8 68 8 1 69 2 69 3 69 4 69 6 69 7 69 8 69 9 69 4 0 23 4 23 6 23 7 23 6 0 62 2 62 4 62 5 62 6 62 9 62 5 0 16 1 16 2 16 3 16 5 16
10 4 0 53 3 53 5 53 7 53 6 0 5 1 5 2 5 4 5 7 5 8 5 3 0 17 6 17 9 17 6 2 59 3 59 4 59 6 59 7 59 9 59 6 2 59 3 59 4 59 7 59 8 59 9 59 4 1 78 6 78 7 78 8 78 3 3 64 4 64 8 64 5 0 82 1 82 2 82 4 82 7 82 3 0 13 4 13 5 13 5 1 12 3 12 4 12 5 12 7 12
10 4 4 7 5 7 7 7 9 7 3 2 62 6 62 8 62 5 2 90 3 90 4 90 6 90 7 90 6 1 83 2 83 3 83 4 83 5 83 9 83 2 1 85 2 85 7 2 69 3 69 4 69 5 69 7 69 8 69 9 69 7 0 16 3 16 4 16 5 16 6 16 8 16 9 16 7 0 81 2 81 4 81 5 81 7 81 8 81 9 81 5 2 58 3 58 4 58 6 58 8 58 5 0 66 2 66 7 66 8 66 9 66
10 6 1 24 2 24 6 24 7 24 8 24 9 24 5 2 65 4 65 7 65 8 65 9 65 5 0 69 1 69 4 69 6 69 7 69 2 1 42 5 42 6 0 82 4 82 6 82 7 82 8 82 9 82 5 0 82 2 82 4 82 5 82 6 82 3 0 83 4 83 8 83 4 2 46 3 46 4 46 6 46 5 3 72 5 72 7 72 8 72 9 72 3 4 33 6 33 9 33
10 4 1 10 3 10 7 10 8 10 4 1 27 6 27 8 27 9 27 5 0 43 3 43 6 43 7 43 8 43 5 1 20 3 20 4 20 5 20 6 20 6 1 71 3 71 4 71 5 71 7 71 8 71 4 2 65 5 65 7 65 9 65 4 0 73 2 73 4 73 6 73 2 1 99 6 99 4 0 24 1 24 2 24 7 24 5 2 64 3 64 7 64 8 64 9 64
10 5 0 35 1 35 5 35 6 35 9 35 5 1 92 3 92 5 92 6 92 9 92 5 0 38 1 38 2 38 4 38 8 38 3 2 35 4 35 5 35 6 0 30 2 30 4 30 5 30 6 30 7 30 6 3 45 5 45 6 45 7 45 8 45 9 45 8 0 8 2 8 3 8 4 8 5 8 7 8 8 8 9 8 4 1 82 3 82 4 82 6 82 8 0 34 1 34 3 34 4 34 5 34 6 34 7 34 9 34 6 2 21 4 21 5 21 6 21 7 21 9 21
10 3 0 23 2 23 5 23 4 1 84 3 84 7 84 8 84 3 2 7 6 7 9 7 4 1 85 2 85 4 85 5 85 3 1 60 7 60 8 60 3 1 15 3 15 5 15 5 2 52 3 52 6 52 7 52 9 52 3 4 94 5 94 6 94 8 1 83 2 83 3 83 4 83 6 83 7 83 8 83 9 83 4 0 6 1 6 4 6 5 6
10 3 2 70 7 70 9 70 7 3 29 4 29 5 29 6 29 7 29 8 29 9 29 4 0 27 1 27 6 27 8 27 3 0 80 1 80 9 80 4 0 6 2 6 4 6 7 6 8 1 39 2 39 3 39 4 39 5 39 6 39 7 39 8 39 4 1 79 2 79 4 79 5 79 5 0 28 5 28 6 28 7 28 8 28 6 1 66 2 66 3 66 5 66 6 66 9 66 3 5 66 6 66 8 66
