30 10
10 3 2 51 4 51 9 51 5 0 59 2 59 5 59 6 59 7 59 5 1 35 4 35 6 35 7 35 9 35 7 1 73 2 73 3 73 4 73 5 73 8 73 9 73 7 2 65 3 65 4 65 5 65 7 65 8 65 9 65 3 0 27 1 27 8 27 5 0 13 5 13 6 13 8 13 9 13 7 0 81 1 81 2 81 3 81 5 81 6 81 8 81 5 4 32 6 32 7 32 8 32 9 32 5 1 74 4 74 6 74 7 74 8 74
10 6 0 64 1 64 3 64 4 64 5 64 8 64 7 1 33 2 33 3 33 6 33 7 33 8 33 9 33 4 1 75 3 75 4 75 5 75 6 0 33 1 33 2 33 5 33 6 33 9 33 5 0 10 1 10 5 10 8 10 9 10 4 0 28 2 28 3 28 8 28 7 1 38 3 38 4 38 6 38 7 38 8 38 9 38 3 3 53 5 53 6 53 4 3 49 4 49 8 49 9 49 3 1 55 2 55 5 55
10 5 0 83 1 83 4 83 5 83 6 83 4 1 23 3 23 4 23 9 23 5 0 72 2 72 3 72 7 72 9 72 6 0 7 2 7 3 7 6 7 8 7 9 7 5 5 72 6 72 7 72 8 72 9 72 3 0 6 2 6 8 6 7 1 39 4 39 5 39 6 39 7 39 8 39 9 39 5 1 52 5 52 7 52 8 52 9 52 1 8 90 5 2 21 3 21 4 21 7 21 8 21
10 5 3 82 6 82 7 82 8 82 9 82 5 0 23 1 23 2 23 3 23 6 23 5 2 93 3 93 5 93 7 93 9 93 5 1 78 3 78 4 78 6 78 7 78 5 1 88 2 88 3 88 5 88 6 88 6 0 53 2 53 3 53 5 53 7 53 9 53 4 1 28 2 28 7 28 9 28 3 5 65 6 65 8 65 6 3 21 4 21 5 21 6 21 8 21 9 21 4 0 61 2 61 3 61 4 61
10 2 0 41 4 41 5 0 12 1 12 6 12 7 12 9 12 4 0 12 2 12 8 12 9 12 5 2 77 3 77 4 77 5 77 7 77 4 1 70 2 70 3 70 6 70 5 0 24 4 24 5 24 6 24 7 24 5 0 81 1 81 2 81 6 81 9 81 5 0 73 3 73 4 73 5 73 7 73 4 1 62 2 62 5 62 8 62 3 2 6 8 6 9 6
10 5 1 98 2 98 4 98 5 98 8 98 6 0 28 1 28 3 28 4 28 6 28 7 28 4 1 42 2 42 4 42 6 42 5 0 72 3 72 7 72 8 72 9 72 5 0 15 2 15 3 15 6 15 7 15 7 1 15 2 15 3 15 4 15 6 15 8 15 9 15 5 0 94 1 94 3 94 5 94 9 94 3 0 33 2 33 6 33 4 1 51 5 51 6 51 7 51 5 1 99 3 99 7 99 8 99 9 99
10 4 0 32 2 32 8 32 9 32 2 6 22 8 22 4 0 96 3 96 5 96 9 96 2 2 15 4 15 6 1 78 4 78 5 78 6 78 7 78 9 78 5 0 31 1 31 3 31 4 31 8 31 4 1 7 3 7 5 7 8 7 4 1 94 2 94 3 94 9 94 5 1 23 2 23 4 23 5 23 6 23 4 3 86 6 86 7 86 8 86
10 3 1 93 3 93 7 93 7 1 97 2 97 3 97 5 97 6 97 7 97 8 97 2 3 43 6 43 3 0 73 3 73 5 73 4 0 24 3 24 4 24 9 24 4 2 68 4 68 7 68 8 68 7 0 88 2 88 5 88 6 88 7 88 8 88 9 88 5 1 42 2 42 5 42 6 42 7 42 7 0 35 3 35 4 35 6 35 7 35 8 35 9 35 8 0 72 1 72 2 72 3 72 4 72 5 72 6 72 8 72
10 3 2 14 4 14 6 14 6 0 44 1 44 2 44 3 44 6 44 7 44 5 0 13 3 13 5 13 7 13 8 13 4 0 67 1 67 4 67 5 67 2 0 63 1 63 4 0 49 1 49 3 49 7 49 7 0 5 1 5 2 5 3 5 5 5 7 5 8 5 5 0 17 1 17 3 17 4 17 8 17 4 0 85 4 85 6 85 9 85 5 2 66 3 66 4 66 5 66 9 66
10 8 0 82 1 82 2 82 3 82 5 82 7 82 8 82 9 82 8 0 15 1 15 2 15 3 15 4 15 5 15 8 15 9 15 5 1 72 3 72 5 72 8 72 9 72 3 4 26 5 26 9 26 5 0 8 1 8 3 8 4 8 7 8 5 1 68 2 68 6 68 7 68 9 68 7 0 21 1 21 2 21 3 21 4 21 6 21 7 21 4 2 45 3 45 6 45 8 45 7 1 99 2 99 4 99 5 99 6 99 7 99 8 99 3 2 27 5 27 7 27
10 8 0 93 1 93 2 93 3 93 4 93 5 93 6 93 9 93 4 1 23 3 23 6 23 7 23 6 0 51 1 51 3 51 4 51 8 51 9 51 3 0 54 4 54 8 54 4 2 49 3 49 5 49 7 49 8 0 96 1 96 2 96 3 96 4 96 5 96 6 96 9 96 5 0 56 1 56 2 56 3 56 9 56 2 6 36 9 36 4 1 53 4 53 5 53 8 53 3 3 52 7 52 8 52
10 3 0 60 3 60 8 60 5 0 14 1 14 2 14 5 14 7 14 7 1 70 2 70 4 70 5 70 6 70 7 70 9 70 4 1 55 2 55 6 55 9 55 3 1 23 5 23 9 23 7 1 83 2 83 3 83 4 83 5 83 6 83 7 83 4 3 38 4 38 7 38 8 38 4 2 24 4 24 7 24 9 24 3 1 37 6 37 7 37 3 3 48 6 48 9 48
10 3 0 62 5 62 7 62 5 1 15 2 15 3 15 4 15 7 15 4 0 69 5 69 7 69 8 69 5 4 23 5 23 6 23 8 23 9 23 4 1 82 4 82 7 82 8 82 7 0 26 2 26 5 26 6 26 7 26 8 26 9 26 1 4 45 6 1 33 2 33 4 33 5 33 6 33 7 33 3 2 12 3 12 7 12 4 0 37 2 37 4 37 8 37
10 6 1 72 3 72 6 72 7 72 8 72 9 72 6 1 9 2 9 3 9 4 9 5 9 8 9 6 2 15 4 15 6 15 7 15 8 15 9 15 1 5 28 4 0 92 2 92 8 92 9 92 7 0 12 4 12 5 12 6 12 7 12 8 12 9 12 3 0 59 1 59 2 59 3 1 64 2 64 3 64 5 0 87 2 87 4 87 6 87 8 87 7 0 73 1 73 2 73 3 73 6 73 7 73 9 73
10 4 0 50 3 50 6 50 7 50 3 0 14 1 14 6 14 4 4 90 7 90 8 90 9 90 5 1 46 3 46 4 46 5 46 9 46 5 0 71 2 71 3 71 5 71 9 71 7 2 48 3 48 4 48 5 48 6 48 7 48 8 48 3 2 80 4 80 5 80 3 1 61 2 61 9 61 7 0 24 1 24 4 24 5 24 6 24 8 24 9 24 7 0 44 1 44 2 44 3 44 5 44 6 44 8 44
10 4 0 22 2 22 5 22 8 22 4 4 94 5 94 6 94 9 94 5 1 16 4 16 5 16 6 16 8 16 5 1 73 3 73 4 73 6 73 9 73 7 0 54 1 54 2 54 3 54 4 54 7 54 9 54 4 5 54 7 54 8 54 9 54 6 0 46 1 46 4 46 7 46 8 46 9 46 6 1 97 5 97 6 97 7 97 8 97 9 97 4 1 61 2 61 6 61 8 61 4 4 75 5 75 7 75 9 75
10 4 1 55 4 55 8 55 9 55 5 1 67 2 67 3 67 4 67 9 67 5 4 77 6 77 7 77 8 77 9 77 3 4 30 7 30 8 30 7 1 6 2 6 4 6 5 6 6 6 7 6 8 6 6 0 32 1 32 4 32 6 32 8 32 9 32 2 2 47 8 47 3 0 93 2 93 5 93 6 2 6 3 6 6 6 7 6 8 6 9 6 3 0 40 1 40 8 40
10 4 0 30 1 30 4 30 8 30 5 1 98 3 98 4 98 6 98 9 98 3 3 79 7 79 9 79 3 0 22 5 22 8 22 4 2 79 6 79 8 79 9 79 4 2 7 4 7 7 7 9 7 3 2 36 3 36 8 36 5 0 36 3 36 5 36 6 36 9 36 6 0 9 1 9 2 9 5 9 6 9 7 9 4 4 92 5 92 8 92 9 92
10 4 0 37 5 37 6 37 8 37 4 3 72 4 72 7 72 8 72 5 2 52 3 52 5 52 7 52 9 52 2 1 31 4 31 2 1 82 5 82 6 0 54 1 54 5 54 6 54 7 54 9 54 3 3 7 5 7 7 7 4 0 82 2 82 6 82 7 82 6 2 73 3 73 6 73 7 73 8 73 9 73 1 0 49
10 5 1 73 2 73 7 73 8 73 9 73 5 0 83 2 83 3 83 5 83 9 83 4 0 45 3 45 4 45 7 45 1 2 76 3 0 43 4 43 7 43 7 0 29 2 29 3 29 4 29 6 29 8 29 9 29 4 0 35 2 35 4 35 5 35 5 1 92 4 92 5 92 6 92 8 92 4 1 39 6 39 7 39 8 39 6 1 28 2 28 4 28 6 28 7 28 8 28
10 4 2 58 5 58 6 58 8 58 6 0 26 3 26 6 26 7 26 8 26 9 26 6 1 48 2 48 3 48 4 48 6 48 7 48 2 6 52 8 52 6 0 34 1 34 3 34 4 34 6 34 7 34 4 2 96 3 96 4 96 6 96 4 0 70 5 70 7 70 8 70 6 2 98 3 98 4 98 6 98 8 98 9 98 4 1 80 3 80 4 80 7 80 5 0 94 3 94 4 94 6 94 9 94
10 5 1 70 2 70 3 70 7 70 9 70 7 0 23 1 23 2 23 3 23 4 23 6 23 8 23 5 0 26 2 26 3 26 5 26 7 26 5 1 14 2 14 3 14 4 14 5 14 6 2 90 3 90 4 90 6 90 7 90 8 90 2 0 93 2 93 4 0 21 3 21 4 21 9 21 4 0 42 1 42 2 42 7 42 3 1 18 6 18 7 18 5 1 36 3 36 6 36 7 36 9 36
10 5 2 28 4 28 6 28 7 28 9 28 7 0 76 1 76 2 76 5 76 6 76 7 76 9 76 5 0 25 1 25 5 25 7 25 9 25 3 0 17 4 17 5 17 5 1 84 2 84 3 84 5 84 9 84 7 0 67 2 67 3 67 5 67 6 67 8 67 9 67 5 1 87 4 87 5 87 7 87 8 87 2 3 43 4 43 6 1 88 2 88 4 88 5 88 6 88 9 88 2 2 84 5 84
10 2 6 30 7 30 4 0 91 3 91 5 91 7 91 7 0 52 2 52 3 52 4 52 5 52 7 52 8 52 3 1 80 4 80 9 80 3 0 21 1 21 6 21 5 0 8 4 8 5 8 6 8 7 8 5 1 37 4 37 5 37 8 37 9 37 4 2 15 3 15 5 15 6 15 5 1 12 4 12 6 12 7 12 8 12 4 1 92 3 92 4 92 8 92
10 5 1 28 3 28 5 28 8 28 9 28 8 0 7 1 7 3 7 4 7 6 7 7 7 8 7 9 7 4 1 46 4 46 7 46 9 46 6 2 92 3 92 6 92 7 92 8 92 9 92 5 2 77 3 77 6 77 7 77 9 77 5 0 15 2 15 3 15 6 15 7 15 6 0 69 2 69 5 69 6 69 8 69 9 69 2 7 54 8 54 9 0 47 1 47 2 47 3 47 4 47 6 47 7 47 8 47 9 47 3 3 39 5 39 7 39
10 7 1 50 3 50 4 50 6 50 7 50 8 50 9 50 6 3 44 4 44 5 44 6 44 8 44 9 44 2 2 64 8 64 7 0 38 3 38 4 38 5 38 6 38 7 38 8 38 6 0 93 1 93 2 93 4 93 6 93 8 93 4 1 33 4 33 6 33 7 33 4 3 75 4 75 5 75 7 75 7 0 41 2 41 3 41 4 41 5 41 6 41 7 41 5 1 24 2 24 5 24 7 24 9 24 7 0 5 1 5 2 5 3 5 6 5 8 5 9 5
10 5 1 94 2 94 5 94 7 94 8 94 2 0 17 7 17 5 1 87 2 87 3 87 5 87 6 87 7 0 21 1 21 2 21 3 21 5 21 8 21 9 21 2 1 92 8 92 2 7 28 9 28 3 1 61 3 61 4 61 2 0 63 4 63 4 1 34 3 34 5 34 6 34 3 1 77 4 77 5 77
10 4 0 72 3 72 6 72 9 72 5 0 98 2 98 4 98 6 98 8 98 5 2 5 3 5 6 5 7 5 9 5 3 2 28 4 28 5 28 4 2 9 3 9 5 9 7 9 4 0 95 1 95 5 95 9 95 6 0 64 2 64 3 64 6 64 8 64 9 64 7 1 43 2 43 3 43 5 43 6 43 7 43 9 43 5 0 50 3 50 4 50 5 50 7 50 5 3 96 4 96 5 96 7 96 9 96
10 4 0 85 4 85 6 85 8 85 4 1 85 2 85 7 85 9 85 4 2 39 5 39 7 39 8 39 7 0 98 1 98 3 98 4 98 6 98 8 98 9 98 4 0 24 5 24 6 24 7 24 4 3 71 4 71 5 71 6 71 6 1 60 2 60 3 60 5 60 8 60 9 60 7 0 55 1 55 2 55 4 55 6 55 7 55 8 55 3 1 22 4 22 9 22 4 5 35 6 35 8 35 9 35
10 3 3 78 7 78 9 78 5 0 49 4 49 5 49 6 49 9 49 5 0 46 1 46 2 46 3 46 4 46 6 1 11 4 11 5 11 6 11 7 11 8 11 5 0 90 3 90 4 90 6 90 9 90 5 0 20 1 20 3 20 5 20 7 20 5 0 34 1 34 7 34 8 34 9 34 7 2 6 3 6 4 6 5 6 6 6 7 6 8 6 3 1 70 4 70 9 70 4 0 74 3 74 8 74 9 74
