30 10
10 3 0 66 2 66 3 66 4 1 84 2 84 3 84 9 84 7 0 26 1 26 3 26 5 26 7 26 8 26 9 26 5 0 29 1 29 2 29 7 29 9 29 4 3 94 5 94 7 94 9 94 4 1 98 3 98 6 98 9 98 4 1 7 3 7 6 7 8 7 3 3 98 5 98 9 98 4 1 45 5 45 6 45 9 45 5 2 43 3 43 4 43 5 43 7 43
10 3 0 32 3 32 4 32 3 0 97 1 97 8 97 5 0 55 1 55 5 55 6 55 7 55 3 2 88 3 88 5 88 5 0 93 3 93 4 93 7 93 8 93 7 0 88 2 88 3 88 6 88 7 88 8 88 9 88 7 0 20 1 20 3 20 4 20 5 20 7 20 9 20 6 1 50 2 50 4 50 6 50 7 50 8 50 4 3 17 5 17 7 17 9 17 6 0 5 2 5 4 5 5 5 6 5 9 5
10 3 2 43 4 43 7 43 4 0 68 2 68 3 68 5 68 5 0 47 6 47 7 47 8 47 9 47 3 0 68 7 68 9 68 6 0 57 1 57 2 57 3 57 4 57 9 57 2 3 20 6 20 5 1 81 2 81 4 81 5 81 9 81 6 0 60 2 60 3 60 5 60 7 60 8 60 7 3 94 4 94 5 94 6 94 7 94 8 94 9 94 5 0 62 1 62 3 62 6 62 9 62
10 5 1 57 2 57 4 57 7 57 8 57 4 4 40 5 40 7 40 9 40 6 0 78 1 78 2 78 3 78 5 78 7 78 6 0 9 5 9 6 9 7 9 8 9 9 9 6 2 49 4 49 6 49 7 49 8 49 9 49 6 2 17 5 17 6 17 7 17 8 17 9 17 4 1 32 3 32 4 32 5 32 4 0 30 4 30 8 30 9 30 5 2 87 3 87 6 87 8 87 9 87 5 4 77 5 77 6 77 7 77 8 77
10 4 0 52 2 52 4 52 7 52 3 4 30 5 30 8 30 6 0 48 1 48 3 48 5 48 6 48 8 48 4 0 48 2 48 4 48 5 48 3 1 26 2 26 3 26 5 1 17 4 17 5 17 8 17 9 17 4 5 93 6 93 7 93 9 93 4 2 97 3 97 6 97 8 97 5 0 49 2 49 4 49 6 49 7 49 3 2 89 4 89 8 89
10 6 1 95 2 95 5 95 6 95 7 95 9 95 5 0 33 2 33 3 33 5 33 7 33 3 1 5 2 5 9 5 5 0 17 4 17 5 17 6 17 7 17 7 2 70 3 70 5 70 6 70 7 70 8 70 9 70 7 1 57 3 57 4 57 6 57 7 57 8 57 9 57 6 3 34 4 34 5 34 6 34 7 34 9 34 6 2 61 5 61 6 61 7 61 8 61 9 61 5 1 62 3 62 7 62 8 62 9 62 2 7 39 9 39
10 2 7 97 9 97 6 0 92 3 92 4 92 5 92 6 92 9 92 5 1 31 2 31 4 31 5 31 8 31 7 0 5 1 5 2 5 3 5 5 5 8 5 9 5 4 0 79 1 79 2 79 3 79 4 2 5 3 5 4 5 6 5 6 3 67 4 67 5 67 6 67 8 67 9 67 3 0 5 5 5 6 5 6 2 78 3 78 5 78 7 78 8 78 9 78 5 1 60 2 60 4 60 5 60 6 60
10 7 2 79 3 79 4 79 6 79 7 79 8 79 9 79 4 2 6 4 6 5 6 8 6 4 2 20 4 20 6 20 7 20 5 0 45 5 45 6 45 7 45 8 45 6 0 34 1 34 4 34 6 34 8 34 9 34 5 3 24 4 24 5 24 6 24 9 24 3 3 26 7 26 9 26 5 0 68 2 68 4 68 5 68 8 68 2 1 16 2 16 5 0 46 2 46 6 46 7 46 9 46
10 5 0 58 1 58 3 58 7 58 9 58 4 0 50 4 50 7 50 9 50 4 2 19 4 19 8 19 9 19 5 0 93 1 93 2 93 5 93 8 93 3 1 49 2 49 6 49 6 1 25 2 25 3 25 4 25 6 25 9 25 2 0 85 5 85 4 0 50 4 50 6 50 7 50 6 0 93 2 93 5 93 6 93 7 93 8 93 5 1 26 2 26 4 26 7 26 9 26
10 5 0 81 2 81 3 81 6 81 9 81 4 2 71 5 71 6 71 8 71 6 0 7 1 7 2 7 5 7 7 7 9 7 3 1 39 2 39 8 39 6 1 16 2 16 3 16 5 16 6 16 7 16 4 1 42 2 42 3 42 8 42 8 0 71 1 71 3 71 4 71 5 71 7 71 8 71 9 71 4 2 84 4 84 5 84 7 84 7 0 56 2 56 3 56 5 56 6 56 7 56 8 56 8 0 99 1 99 2 99 4 99 5 99 6 99 7 99 8 99
10 6 0 9 1 9 2 9 5 9 7 9 8 9 6 0 86 2 86 4 86 5 86 6 86 9 86 2 7 6 9 6 4 1 71 3 71 5 71 9 71 5 0 97 4 97 5 97 6 97 8 97 4 2 85 3 85 5 85 6 85 5 1 16 2 16 3 16 4 16 7 16 4 0 42 2 42 7 42 8 42 5 1 81 3 81 5 81 7 81 9 81 2 1 81 5 81
10 7 2 72 3 72 4 72 5 72 6 72 7 72 9 72 4 3 24 5 24 6 24 7 24 7 0 30 2 30 3 30 4 30 5 30 6 30 7 30 4 3 56 6 56 8 56 9 56 3 2 43 3 43 4 43 5 0 61 1 61 2 61 4 61 9 61 3 3 82 7 82 8 82 6 2 40 3 40 4 40 5 40 6 40 9 40 4 1 59 3 59 4 59 5 59 7 0 43 1 43 3 43 6 43 7 43 8 43 9 43
10 5 2 43 3 43 5 43 8 43 9 43 4 1 13 4 13 7 13 9 13 4 0 70 1 70 5 70 6 70 3 2 93 6 93 7 93 5 0 95 3 95 4 95 6 95 8 95 6 0 12 1 12 2 12 4 12 6 12 8 12 6 0 15 1 15 4 15 5 15 6 15 9 15 5 0 78 1 78 2 78 6 78 9 78 3 5 97 6 97 7 97 5 0 14 1 14 3 14 5 14 9 14
10 7 0 14 1 14 2 14 4 14 5 14 7 14 9 14 4 3 26 4 26 6 26 9 26 7 0 71 1 71 2 71 3 71 4 71 6 71 9 71 4 0 46 2 46 3 46 7 46 5 2 80 3 80 7 80 8 80 9 80 4 5 31 6 31 8 31 9 31 4 2 37 3 37 4 37 8 37 5 0 27 4 27 5 27 6 27 9 27 3 2 92 6 92 7 92 6 0 67 2 67 3 67 4 67 6 67 7 67
10 4 0 12 2 12 6 12 8 12 2 0 43 1 43 5 4 96 5 96 7 96 8 96 9 96 7 1 7 2 7 3 7 4 7 6 7 7 7 8 7 3 1 45 3 45 6 45 5 1 20 4 20 6 20 7 20 8 20 3 0 13 1 13 5 13 7 1 29 2 29 4 29 5 29 7 29 8 29 9 29 5 0 60 4 60 5 60 8 60 9 60 5 0 33 3 33 5 33 7 33 8 33
10 5 1 78 2 78 3 78 5 78 7 78 3 5 50 6 50 8 50 4 2 84 3 84 6 84 8 84 3 0 42 1 42 6 42 3 3 84 6 84 8 84 4 3 30 4 30 5 30 6 30 7 1 76 2 76 3 76 4 76 5 76 7 76 9 76 6 0 57 2 57 6 57 7 57 8 57 9 57 9 0 87 1 87 2 87 4 87 5 87 6 87 7 87 8 87 9 87 3 3 59 4 59 8 59
10 4 0 49 2 49 4 49 6 49 2 4 50 7 50 5 1 15 3 15 4 15 6 15 7 15 5 0 13 1 13 5 13 6 13 8 13 3 0 93 1 93 5 93 5 2 50 3 50 6 50 7 50 9 50 5 0 32 2 32 3 32 6 32 9 32 4 2 59 3 59 5 59 6 59 5 0 10 1 10 2 10 3 10 5 10 7 0 35 1 35 2 35 3 35 4 35 5 35 9 35
10 5 0 25 1 25 2 25 8 25 9 25 6 0 47 3 47 4 47 5 47 8 47 9 47 6 0 60 2 60 6 60 7 60 8 60 9 60 4 3 33 4 33 5 33 8 33 6 0 53 2 53 3 53 4 53 8 53 9 53 4 0 37 1 37 5 37 6 37 4 0 73 5 73 8 73 9 73 3 0 22 2 22 5 22 3 2 87 3 87 9 87 5 3 79 4 79 6 79 7 79 9 79
10 5 0 84 1 84 3 84 6 84 9 84 4 2 83 6 83 8 83 9 83 6 0 71 1 71 3 71 4 71 5 71 6 71 4 1 68 4 68 5 68 8 68 4 0 89 5 89 8 89 9 89 1 8 11 5 1 60 3 60 4 60 6 60 7 60 4 0 50 1 50 4 50 9 50 4 2 33 3 33 4 33 7 33 5 3 97 6 97 7 97 8 97 9 97
10 4 0 14 1 14 2 14 3 14 4 0 38 1 38 8 38 9 38 5 0 88 5 88 6 88 7 88 9 88 5 0 5 2 5 5 5 6 5 8 5 5 0 77 1 77 2 77 4 77 5 77 2 7 92 9 92 6 0 24 1 24 2 24 7 24 8 24 9 24 8 0 73 2 73 3 73 4 73 6 73 7 73 8 73 9 73 7 0 52 1 52 4 52 5 52 7 52 8 52 9 52 2 1 71 3 71
10 5 0 62 2 62 4 62 6 62 7 62 2 5 19 9 19 8 1 38 2 38 4 38 5 38 6 38 7 38 8 38 9 38 5 1 15 3 15 4 15 5 15 9 15 8 0 64 1 64 2 64 3 64 5 64 7 64 8 64 9 64 2 0 64 2 64 6 0 8 1 8 3 8 4 8 6 8 8 8 4 1 61 5 61 6 61 9 61 5 0 19 2 19 4 19 8 19 9 19 6 0 33 1 33 4 33 5 33 6 33 8 33
10 6 0 33 2 33 3 33 4 33 5 33 9 33 6 1 46 2 46 4 46 5 46 6 46 9 46 4 3 74 4 74 7 74 9 74 4 0 56 3 56 5 56 7 56 4 4 84 5 84 6 84 8 84 7 1 83 2 83 3 83 6 83 7 83 8 83 9 83 7 0 19 1 19 2 19 5 19 7 19 8 19 9 19 5 4 8 5 8 6 8 7 8 9 8 5 2 32 3 32 6 32 8 32 9 32 5 1 97 3 97 4 97 5 97 7 97
10 3 3 50 4 50 5 50 5 2 71 3 71 4 71 6 71 8 71 2 6 50 8 50 5 2 97 3 97 4 97 8 97 9 97 3 5 8 7 8 9 8 3 0 17 5 17 8 17 5 0 19 1 19 4 19 7 19 9 19 3 1 92 6 92 8 92 3 3 54 4 54 5 54 4 1 52 4 52 5 52 8 52
10 5 0 32 1 32 4 32 8 32 9 32 4 0 79 1 79 4 79 7 79 4 1 97 3 97 4 97 6 97 5 0 38 1 38 4 38 5 38 8 38 6 3 49 4 49 5 49 6 49 7 49 9 49 6 0 76 1 76 2 76 4 76 5 76 8 76 6 0 76 2 76 3 76 5 76 6 76 7 76 5 0 56 2 56 3 56 4 56 6 56 5 1 78 2 78 4 78 6 78 8 78 4 2 54 3 54 7 54 8 54
10 3 2 13 5 13 6 13 6 2 5 3 5 5 5 6 5 7 5 8 5 6 1 25 2 25 5 25 7 25 8 25 9 25 4 0 86 3 86 4 86 7 86 7 0 95 1 95 4 95 5 95 7 95 8 95 9 95 2 3 28 9 28 4 5 78 6 78 7 78 8 78 2 7 24 8 24 2 4 10 7 10 5 0 39 4 39 5 39 6 39 7 39
10 6 0 48 1 48 6 48 7 48 8 48 9 48 1 2 59 4 0 20 2 20 3 20 5 20 5 0 7 2 7 5 7 8 7 9 7 5 2 31 3 31 4 31 5 31 9 31 3 1 97 2 97 6 97 4 1 89 3 89 7 89 8 89 4 0 32 3 32 4 32 6 32 4 0 25 3 25 8 25 9 25 5 1 41 2 41 3 41 8 41 9 41
10 5 4 87 5 87 7 87 8 87 9 87 5 0 18 3 18 5 18 8 18 9 18 4 3 48 4 48 7 48 9 48 5 2 43 3 43 5 43 6 43 8 43 4 1 30 2 30 3 30 7 30 6 3 97 4 97 6 97 7 97 8 97 9 97 3 4 47 5 47 7 47 6 3 65 4 65 5 65 6 65 7 65 8 65 3 0 69 1 69 3 69 4 1 27 3 27 4 27 5 27
10 3 3 71 6 71 7 71 4 0 20 5 20 6 20 8 20 5 2 20 4 20 5 20 8 20 9 20 8 1 78 2 78 3 78 4 78 5 78 6 78 7 78 9 78 4 2 39 3 39 4 39 5 39 2 0 17 5 17 4 0 50 7 50 8 50 9 50 2 2 44 7 44 5 1 42 4 42 7 42 8 42 9 42 3 1 38 4 38 8 38
10 4 0 50 3 50 7 50 8 50 8 0 42 1 42 4 42 5 42 6 42 7 42 8 42 9 42 6 0 72 1 72 3 72 6 72 7 72 8 72 4 0 7 1 7 5 7 9 7 3 1 77 8 77 9 77 5 0 58 3 58 5 58 7 58 9 58 6 3 78 4 78 5 78 7 78 8 78 9 78 8 2 89 3 89 4 89 5 89 6 89 7 89 8 89 9 89 5 1 70 4 70 6 70 7 70 8 70 4 0 36 5 36 7 36 8 36
10 5 0 32 3 32 5 32 6 32 9 32 7 0 95 1 95 3 95 4 95 5 95 8 95 9 95 3 2 13 4 13 7 13 5 0 73 1 73 3 73 5 73 9 73 7 0 97 1 97 3 97 4 97 6 97 7 97 9 97 3 1 24 5 24 8 24 6 1 49 2 49 4 49 6 49 7 49 9 49 3 3 57 5 57 7 57 2 1 68 7 68 6 0 94 1 94 3 94 4 94 7 94 9 94
