15 15
15 5 2 21 3 21 4 21 11 21 13 21 9 3 55 4 55 5 55 6 55 8 55 10 55 12 55 13 55 14 55 7 0 71 1 71 2 71 6 71 7 71 9 71 13 71 5 0 98 2 98 6 98 8 98 14 98 5 1 12 3 12 6 12 10 12 13 12 7 0 34 2 34 4 34 6 34 10 34 11 34 14 34 8 2 16 3 16 4 16 5 16 7 16 9 16 10 16 14 16 3 1 21 6 21 13 21 6 0 53 1 53 5 53 7 53 12 53 13 53 6 0 26 5 26 7 26 8 26 9 26 12 26 9 0 52 2 52 3 52 6 52 7 52 8 52 10 52 13 52 14 52 10 0 95 2 95 4 95 5 95 6 95 7 95 9 95 11 95 12 95 13 95 7 3 31 5 31 7 31 9 31 10 31 12 31 14 31 5 1 42 4 42 7 42 11 42 12 42 6 0 39 2 39 3 39 5 39 10 39 13 39
15 8 1 54 2 54 3 54 4 54 5 54 11 54 12 54 14 54 6 0 83 2 83 3 83 4 83 9 83 13 83 5 1 77 6 77 7 77 9 77 14 77 8 0 64 2 64 3 64 5 64 7 64 8 64 13 64 14 64 9 0 34 1 34 3 34 4 34 5 34 6 34 8 34 11 34 14 34 6 1 79 2 79 4 79 7 79 8 79 14 79 8 0 43 2 43 4 43 6 43 7 43 8 43 10 43 12 43 6 0 55 5 55 7 55 8 55 9 55 14 55 9 1 77 2 77 3 77 4 77 7 77 10 77 11 77 12 77 13 77 5 1 19 4 19 5 19 6 19 10 19 8 3 37 4 37 7 37 8 37 9 37 11 37 13 37 14 37 8 4 79 5 79 6 79 7 79 8 79 10 79 12 79 14 79 3 2 92 10 92 13 92 10 0 62 1 62 3 62 5 62 6 62 8 62 10 62 12 62 13 62 14 62 3 2 66 7 66 8 66
15 5 1 83 4 83 5 83 8 83 9 83 8 0 77 2 77 4 77 5 77 7 77 8 77 11 77 13 77 7 0 87 2 87 4 87 6 87 7 87 12 87 14 87 6 3 38 6 38 7 38 10 38 11 38 14 38 7 2 60 3 60 4 60 5 60 7 60 11 60 12 60 5 4 98 5 98 9 98 10 98 12 98 11 0 93 2 93 3 93 5 93 6 93 7 93 8 93 9 93 11 93 13 93 14 93 11 1 17 2 17 3 17 4 17 8 17 9 17 10 17 11 17 12 17 13 17 14 17 8 2 41 5 41 6 41 7 41 8 41 9 41 11 41 13 41 6 2 44 3 44 4 44 10 44 12 44 14 44 5 3 69 9 69 10 69 13 69 14 69 7 1 49 4 49 7 49 9 49 10 49 11 49 13 49 11 0 24 1 24 2 24 3 24 5 24 8 24 9 24 10 24 11 24 12 24 13 24 5 1 87 7 87 8 87 9 87 11 87 7 3 25 4 25 5 25 6 25 8 25 9 25 14 25
15 9 0 77 1 77 5 77 7 77 8 77 10 77 12 77 13 77 14 77 9 0 96 1 96 2 96 4 96 5 96 6 96 12 96 13 96 14 96 8 1 28 2 28 3 28 4 28 7 28 9 28 10 28 13 28 4 2 7 4 7 6 7 10 7 10 0 95 1 95 2 95 3 95 4 95 5 95 6 95 9 95 13 95 14 95 5 4 35 5 35 6 35 9 35 13 35 5 2 35 5 35 7 35 9 35 13 35 4 2 76 8 76 10 76 12 76 9 1 9 2 9 4 9 5 9 6 9 8 9 11 9 12 9 14 9 6 0 95 4 95 7 95 9 95 12 95 14 95 7 2 43 3 43 4 43 5 43 6 43 7 43 10 43 6 1 75 2 75 11 75 12 75 13 75 14 75 4 1 61 4 61 5 61 10 61 5 0 10 6 10 7 10 12 10 14 10 8 0 79 1 79 2 79 3 79 7 79 9 79 12 79 14 79
15 6 0 87 2 87 3 87 6 87 10 87 12 87 9 0 28 1 28 3 28 4 28 5 28 6 28 7 28 12 28 14 28 5 1 50 2 50 8 50 11 50 13 50 7 0 59 1 59 2 59 6 59 7 59 8 59 13 59 9 0 46 1 46 3 46 4 46 5 46 7 46 8 46 9 46 12 46 9 0 45 2 45 5 45 7 45 8 45 10 45 11 45 12 45 13 45 12 0 9 1 9 2 9 4 9 5 9 6 9 7 9 8 9 10 9 11 9 12 9 14 9 8 0 43 2 43 5 43 7 43 9 43 10 43 11 43 14 43 5 6 52 7 52 9 52 11 52 13 52 7 0 27 4 27 5 27 7 27 9 27 10 27 13 27 8 1 91 2 91 3 91 5 91 6 91 11 91 12 91 13 91 5 2 41 5 41 7 41 12 41 13 41 5 1 16 3 16 5 16 9 16 11 16 8 0 59 5 59 7 59 8 59 10 59 11 59 12 59 14 59 7 3 39 5 39 6 39 7 39 12 39 13 39 14 39
15 6 0 20 1 20 2 20 8 20 11 20 14 20 7 2 71 3 71 4 71 10 71 11 71 12 71 14 71 4 4 78 8 78 12 78 13 78 8 2 66 3 66 4 66 5 66 9 66 11 66 13 66 14 66 8 3 14 5 14 6 14 8 14 11 14 12 14 13 14 14 14 8 2 8 3 8 5 8 8 8 9 8 11 8 12 8 14 8 7 2 42 4 42 5 42 6 42 10 42 11 42 14 42 5 2 28 6 28 7 28 13 28 14 28 8 1 54 3 54 5 54 6 54 7 54 9 54 11 54 13 54 8 0 33 1 33 4 33 5 33 6 33 9 33 10 33 11 33 4 1 89 4 89 11 89 12 89 8 0 26 1 26 5 26 8 26 9 26 11 26 12 26 14 26 8 0 37 2 37 4 37 7 37 8 37 9 37 11 37 14 37 8 0 33 2 33 3 33 4 33 6 33 9 33 10 33 12 33 7 2 43 5 43 7 43 8 43 12 43 13 43 14 43
15 6 5 69 6 69 8 69 9 69 12 69 13 69 6 3 96 4 96 5 96 9 96 10 96 11 96 7 2 17 6 17 7 17 10 17 12 17 13 17 14 17 7 0 69 1 69 2 69 5 69 7 69 11 69 13 69 4 0 45 1 45 7 45 14 45 10 2 31 3 31 4 31 6 31 7 31 8 31 9 31 11 31 12 31 13 31 4 1 78 6 78 11 78 14 78 5 1 20 3 20 5 20 6 20 10 20 9 1 27 2 27 3 27 4 27 5 27 7 27 8 27 10 27 14 27 8 0 87 3 87 4 87 5 87 8 87 10 87 12 87 13 87 5 1 74 2 74 3 74 5 74 7 74 6 1 84 3 84 5 84 7 84 8 84 13 84 5 0 76 1 76 6 76 13 76 14 76 6 1 94 2 94 3 94 8 94 10 94 11 94 9 1 81 2 81 3 81 4 81 5 81 7 81 9 81 10 81 12 81
15 12 1 58 2 58 3 58 4 58 5 58 6 58 7 58 9 58 10 58 11 58 13 58 14 58 6 4 90 8 90 10 90 12 90 13 90 14 90 3 1 76 9 76 11 76 6 3 81 4 81 6 81 7 81 10 81 11 81 6 0 23 1 23 5 23 6 23 7 23 10 23 8 2 28 3 28 6 28 7 28 9 28 10 28 12 28 13 28 4 1 18 7 18 8 18 11 18 8 0 32 1 32 2 32 5 32 10 32 11 32 13 32 14 32 8 0 86 4 86 5 86 6 86 7 86 12 86 13 86 14 86 7 3 99 4 99 5 99 8 99 9 99 10 99 12 99 8 1 97 3 97 4 97 8 97 9 97 10 97 13 97 14 97 8 0 24 2 24 3 24 4 24 8 24 9 24 10 24 11 24 5 0 45 1 45 5 45 10 45 13 45 5 0 72 5 72 6 72 12 72 13 72 6 4 25 5 25 8 25 9 25 12 25 14 25
15 7 0 27 1 27 3 27 5 27 6 27 9 27 12 27 8 1 46 3 46 4 46 5 46 8 46 9 46 10 46 11 46 5 1 67 4 67 6 67 8 67 10 67 3 0 27 3 27 8 27 7 1 19 4 19 6 19 7 19 10 19 11 19 13 19 5 4 80 8 80 9 80 10 80 12 80 9 2 17 3 17 6 17 8 17 9 17 10 17 11 17 12 17 13 17 5 3 48 5 48 6 48 13 48 14 48 6 0 62 5 62 7 62 9 62 10 62 12 62 9 0 12 1 12 3 12 5 12 6 12 7 12 9 12 10 12 11 12 6 7 28 9 28 10 28 11 28 12 28 14 28 9 2 98 4 98 5 98 8 98 9 98 11 98 12 98 13 98 14 98 7 0 42 1 42 4 42 5 42 7 42 8 42 11 42 4 5 48 7 48 9 48 11 48 4 5 50 11 50 12 50 14 50
15 10 0 37 1 37 2 37 3 37 4 37 6 37 9 37 10 37 11 37 14 37 9 0 80 1 80 2 80 3 80 5 80 7 80 9 80 10 80 12 80 6 4 75 5 75 6 75 8 75 11 75 13 75 6 5 55 6 55 8 55 9 55 12 55 14 55 8 3 50 4 50 5 50 6 50 7 50 9 50 11 50 13 50 9 0 94 2 94 3 94 4 94 5 94 9 94 11 94 12 94 14 94 7 0 14 1 14 4 14 8 14 9 14 12 14 14 14 6 0 41 3 41 5 41 6 41 7 41 14 41 10 0 72 1 72 3 72 6 72 7 72 8 72 11 72 12 72 13 72 14 72 8 0 50 1 50 2 50 3 50 5 50 7 50 9 50 14 50 9 0 61 1 61 2 61 4 61 7 61 10 61 11 61 13 61 14 61 6 3 79 4 79 5 79 7 79 13 79 14 79 7 0 98 2 98 7 98 8 98 9 98 11 98 13 98 4 8 18 12 18 13 18 14 18 5 1 63 3 63 4 63 10 63 12 63
15 6 5 65 7 65 8 65 10 65 11 65 14 65 4 3 96 4 96 6 96 11 96 5 0 47 3 47 4 47 5 47 14 47 8 0 75 3 75 4 75 5 75 6 75 9 75 13 75 14 75 6 0 69 4 69 7 69 11 69 12 69 14 69 6 1 58 5 58 6 58 9 58 13 58 14 58 9 3 33 4 33 5 33 6 33 7 33 10 33 11 33 12 33 14 33 8 0 71 1 71 3 71 5 71 7 71 8 71 10 71 12 71 9 0 22 2 22 3 22 4 22 6 22 9 22 11 22 12 22 14 22 5 1 32 3 32 7 32 8 32 13 32 5 2 57 5 57 6 57 12 57 13 57 10 0 79 1 79 2 79 3 79 6 79 8 79 10 79 12 79 13 79 14 79 6 2 14 3 14 4 14 7 14 10 14 14 14 7 0 31 2 31 3 31 4 31 8 31 11 31 14 31 4 5 60 6 60 7 60 8 60
15 5 1 34 2 34 3 34 9 34 12 34 8 0 47 2 47 4 47 5 47 6 47 7 47 10 47 11 47 4 1 58 3 58 4 58 7 58 5 2 51 3 51 5 51 10 51 12 51 7 0 62 3 62 4 62 7 62 8 62 9 62 14 62 4 1 44 2 44 6 44 13 44 6 2 8 3 8 5 8 8 8 9 8 11 8 8 0 17 3 17 7 17 8 17 9 17 11 17 12 17 13 17 6 4 97 9 97 10 97 12 97 13 97 14 97 6 3 29 5 29 8 29 9 29 13 29 14 29 5 2 15 8 15 10 15 11 15 13 15 5 2 66 3 66 7 66 13 66 14 66 6 2 40 3 40 4 40 9 40 10 40 12 40 8 0 44 3 44 4 44 5 44 6 44 7 44 10 44 11 44 4 6 38 8 38 10 38 14 38
15 4 3 50 6 50 7 50 10 50 6 1 57 3 57 7 57 9 57 10 57 14 57 11 1 61 2 61 3 61 4 61 5 61 6 61 7 61 9 61 12 61 13 61 14 61 3 0 20 5 20 10 20 5 0 85 7 85 8 85 9 85 11 85 5 2 90 6 90 9 90 12 90 13 90 4 1 58 2 58 8 58 13 58 11 2 63 3 63 4 63 5 63 6 63 9 63 10 63 11 63 12 63 13 63 14 63 8 0 84 1 84 3 84 6 84 7 84 8 84 10 84 11 84 5 0 39 1 39 4 39 13 39 14 39 6 0 87 3 87 5 87 7 87 9 87 13 87 12 0 21 2 21 3 21 4 21 6 21 8 21 9 21 10 21 11 21 12 21 13 21 14 21 7 1 56 4 56 6 56 7 56 8 56 10 56 14 56 7 0 32 2 32 5 32 8 32 10 32 11 32 14 32 9 0 57 1 57 3 57 4 57 5 57 8 57 9 57 12 57 14 57
15 7 2 84 5 84 6 84 8 84 9 84 10 84 14 84 8 0 45 1 45 3 45 4 45 6 45 7 45 9 45 11 45 7 0 15 5 15 6 15 7 15 11 15 12 15 14 15 3 3 41 7 41 14 41 7 2 18 5 18 6 18 8 18 9 18 10 18 14 18 9 1 82 2 82 4 82 5 82 6 82 7 82 8 82 9 82 12 82 5 4 29 8 29 9 29 11 29 12 29 5 2 70 4 70 6 70 7 70 9 70 5 0 67 1 67 4 67 6 67 7 67 7 2 30 3 30 5 30 6 30 10 30 11 30 14 30 6 2 50 6 50 7 50 8 50 12 50 13 50 6 2 23 3 23 6 23 11 23 12 23 14 23 7 0 20 4 20 6 20 7 20 8 20 12 20 14 20 7 2 21 7 21 8 21 10 21 12 21 13 21 14 21 8 3 38 6 38 7 38 8 38 9 38 11 38 13 38 14 38
15 6 0 37 2 37 6 37 7 37 8 37 9 37 7 0 81 5 81 6 81 10 81 11 81 12 81 14 81 9 0 61 1 61 3 61 5 61 7 61 8 61 10 61 11 61 12 61 7 0 57 2 57 4 57 5 57 6 57 12 57 14 57 5 3 57 4 57 6 57 8 57 10 57 4 0 52 2 52 8 52 13 52 8 4 74 5 74 6 74 7 74 9 74 10 74 12 74 13 74 4 5 62 6 62 12 62 14 62 6 0 30 1 30 5 30 7 30 11 30 12 30 7 1 52 3 52 5 52 6 52 8 52 9 52 12 52 3 2 38 7 38 14 38 7 1 68 2 68 3 68 4 68 12 68 13 68 14 68 8 4 54 5 54 6 54 7 54 9 54 10 54 11 54 13 54 9 0 54 2 54 3 54 4 54 6 54 8 54 10 54 11 54 12 54 9 0 16 3 16 4 16 5 16 6 16 9 16 12 16 13 16 14 16
