15 15
15 8 1 19 2 19 5 19 6 19 7 19 9 19 10 19 14 19 7 0 64 2 64 6 64 7 64 8 64 10 64 14 64 7 2 73 3 73 5 73 9 73 10 73 11 73 13 73 10 0 13 2 13 3 13 4 13 6 13 7 13 8 13 9 13 11 13 12 13 7 0 84 1 84 2 84 7 84 9 84 11 84 14 84 6 0 88 4 88 5 88 8 88 11 88 14 88 6 0 85 2 85 3 85 4 85 8 85 14 85 9 0 41 1 41 2 41 3 41 4 41 6 41 7 41 10 41 13 41 8 1 53 4 53 7 53 8 53 9 53 11 53 12 53 14 53 7 5 80 6 80 7 80 8 80 9 80 11 80 13 80 9 0 66 1 66 3 66 4 66 5 66 9 66 10 66 13 66 14 66 8 2 46 3 46 5 46 7 46 10 46 11 46 12 46 14 46 7 1 59 2 59 6 59 8 59 12 59 13 59 14 59 6 2 25 3 25 4 25 7 25 9 25 10 25 5 0 62 4 62 8 62 9 62 12 62
15 8 0 67 1 67 2 67 6 67 9 67 12 67 13 67 14 67 5 0 74 3 74 5 74 11 74 14 74 6 1 41 7 41 8 41 9 41 10 41 12 41 8 2 57 4 57 6 57 7 57 8 57 9 57 10 57 11 57 4 4 52 7 52 10 52 14 52 8 0 14 4 14 5 14 7 14 8 14 9 14 12 14 13 14 7 0 64 2 64 3 64 9 64 10 64 11 64 13 64 10 0 84 1 84 3 84 4 84 6 84 7 84 8 84 10 84 12 84 14 84 6 1 78 4 78 6 78 7 78 8 78 9 78 6 0 47 2 47 5 47 7 47 8 47 14 47 4 2 28 7 28 8 28 13 28 7 2 84 4 84 5 84 6 84 7 84 9 84 11 84 5 0 63 1 63 2 63 4 63 10 63 10 0 26 1 26 5 26 6 26 8 26 10 26 11 26 12 26 13 26 14 26 7 2 46 5 46 7 46 8 46 10 46 11 46 12 46
15 5 0 97 4 97 6 97 13 97 14 97 6 2 95 8 95 10 95 11 95 13 95 14 95 7 0 64 1 64 3 64 8 64 11 64 13 64 14 64 8 0 38 2 38 3 38 5 38 6 38 7 38 9 38 10 38 10 0 59 1 59 2 59 3 59 5 59 7 59 9 59 10 59 12 59 13 59 6 1 95 3 95 5 95 6 95 7 95 12 95 6 0 17 2 17 4 17 8 17 10 17 12 17 4 3 65 7 65 11 65 14 65 6 2 93 3 93 9 93 10 93 12 93 13 93 8 1 10 2 10 3 10 6 10 7 10 9 10 10 10 14 10 7 0 73 5 73 6 73 8 73 10 73 11 73 13 73 8 0 11 1 11 2 11 6 11 7 11 8 11 11 11 12 11 7 1 85 3 85 4 85 5 85 8 85 11 85 12 85 7 0 46 3 46 7 46 8 46 9 46 11 46 14 46 7 0 67 6 67 7 67 9 67 10 67 11 67 13 67
15 4 1 23 5 23 10 23 13 23 5 2 49 8 49 10 49 12 49 13 49 5 0 32 3 32 5 32 9 32 12 32 7 0 66 2 66 4 66 5 66 6 66 8 66 9 66 6 2 43 3 43 5 43 6 43 9 43 14 43 7 0 60 2 60 3 60 6 60 9 60 10 60 11 60 5 7 41 8 41 10 41 12 41 13 41 3 2 61 7 61 13 61 6 1 70 7 70 9 70 11 70 12 70 13 70 6 0 49 3 49 6 49 8 49 9 49 14 49 7 1 17 2 17 3 17 7 17 8 17 10 17 11 17 6 3 90 4 90 6 90 10 90 11 90 13 90 9 1 85 2 85 3 85 5 85 6 85 8 85 9 85 10 85 14 85 9 0 99 1 99 2 99 4 99 5 99 7 99 9 99 11 99 14 99 8 0 85 2 85 4 85 5 85 7 85 8 85 9 85 13 85
15 5 0 98 2 98 3 98 4 98 9 98 5 0 57 7 57 8 57 9 57 14 57 7 3 73 4 73 5 73 9 73 10 73 13 73 14 73 12 1 9 2 9 3 9 4 9 6 9 7 9 8 9 9 9 10 9 11 9 12 9 13 9 8 0 73 3 73 4 73 6 73 9 73 10 73 12 73 13 73 7 2 7 3 7 4 7 5 7 6 7 7 7 8 7 6 1 98 3 98 6 98 10 98 12 98 14 98 6 0 13 2 13 3 13 4 13 6 13 12 13 8 0 41 1 41 3 41 6 41 8 41 9 41 13 41 14 41 7 0 40 4 40 5 40 6 40 9 40 10 40 14 40 9 3 85 5 85 7 85 8 85 9 85 10 85 11 85 12 85 13 85 8 0 37 3 37 4 37 6 37 8 37 9 37 10 37 14 37 8 0 68 1 68 2 68 6 68 8 68 10 68 11 68 13 68 7 0 79 2 79 4 79 7 79 8 79 11 79 14 79 6 4 17 5 17 7 17 11 17 12 17 14 17
15 5 2 66 4 66 5 66 9 66 11 66 6 1 53 3 53 4 53 7 53 10 53 13 53 8 0 86 1 86 2 86 3 86 4 86 5 86 10 86 11 86 5 0 40 4 40 6 40 8 40 11 40 8 0 14 5 14 8 14 10 14 11 14 12 14 13 14 14 14 7 0 19 1 19 3 19 4 19 10 19 12 19 14 19 6 1 96 10 96 11 96 12 96 13 96 14 96 5 0 95 1 95 4 95 9 95 14 95 9 0 54 2 54 3 54 4 54 5 54 6 54 9 54 11 54 12 54 8 2 84 3 84 6 84 8 84 9 84 10 84 11 84 13 84 9 0 97 2 97 5 97 7 97 9 97 10 97 11 97 12 97 14 97 10 1 16 3 16 7 16 8 16 9 16 10 16 11 16 12 16 13 16 14 16 5 2 52 3 52 5 52 9 52 14 52 7 1 76 2 76 4 76 9 76 11 76 12 76 13 76 8 3 87 4 87 6 87 7 87 9 87 10 87 11 87 14 87
15 6 2 77 4 77 5 77 8 77 11 77 13 77 8 1 55 2 55 3 55 4 55 9 55 11 55 12 55 14 55 6 1 42 2 42 9 42 10 42 13 42 14 42 8 1 74 2 74 5 74 6 74 7 74 8 74 9 74 10 74 7 1 91 3 91 6 91 7 91 9 91 10 91 14 91 4 2 33 4 33 5 33 13 33 6 3 16 4 16 9 16 10 16 11 16 14 16 6 0 54 5 54 7 54 9 54 10 54 12 54 7 0 18 4 18 6 18 8 18 9 18 11 18 12 18 8 0 87 1 87 2 87 3 87 4 87 5 87 7 87 10 87 7 1 60 3 60 7 60 8 60 9 60 10 60 11 60 9 0 13 1 13 2 13 5 13 6 13 8 13 11 13 12 13 13 13 4 0 33 2 33 5 33 6 33 7 1 33 3 33 4 33 7 33 8 33 13 33 14 33 5 0 61 4 61 6 61 10 61 11 61
15 9 0 41 2 41 4 41 5 41 6 41 8 41 9 41 10 41 11 41 8 0 39 1 39 3 39 5 39 7 39 8 39 9 39 14 39 7 2 82 3 82 5 82 6 82 8 82 11 82 12 82 8 1 64 3 64 4 64 6 64 7 64 8 64 9 64 11 64 8 2 47 5 47 6 47 7 47 10 47 12 47 13 47 14 47 4 1 28 5 28 10 28 11 28 5 0 78 1 78 7 78 12 78 14 78 5 2 49 4 49 5 49 13 49 14 49 6 1 79 6 79 10 79 11 79 13 79 14 79 9 1 58 2 58 3 58 4 58 6 58 7 58 8 58 9 58 11 58 8 0 92 2 92 4 92 6 92 8 92 10 92 12 92 13 92 4 3 79 4 79 6 79 7 79 6 2 6 9 6 11 6 12 6 13 6 14 6 6 0 69 3 69 6 69 8 69 9 69 12 69 6 3 76 5 76 8 76 10 76 12 76 14 76
15 5 3 21 5 21 7 21 8 21 11 21 11 0 42 1 42 5 42 6 42 7 42 8 42 9 42 11 42 12 42 13 42 14 42 5 0 91 3 91 9 91 11 91 12 91 9 0 28 1 28 2 28 4 28 7 28 8 28 9 28 11 28 14 28 8 0 52 1 52 2 52 4 52 5 52 10 52 12 52 13 52 6 0 88 4 88 6 88 7 88 8 88 13 88 7 0 76 1 76 4 76 5 76 8 76 11 76 12 76 7 0 86 1 86 8 86 11 86 12 86 13 86 14 86 6 1 23 5 23 6 23 7 23 10 23 12 23 5 1 35 10 35 11 35 12 35 14 35 6 2 52 7 52 8 52 12 52 13 52 14 52 10 1 91 2 91 4 91 5 91 7 91 10 91 11 91 12 91 13 91 14 91 8 2 47 3 47 5 47 7 47 8 47 9 47 11 47 13 47 9 0 82 1 82 4 82 7 82 10 82 11 82 12 82 13 82 14 82 5 6 24 8 24 10 24 12 24 13 24
15 10 1 42 2 42 5 42 6 42 7 42 9 42 10 42 11 42 12 42 13 42 6 0 93 1 93 3 93 11 93 12 93 14 93 5 0 95 3 95 5 95 9 95 14 95 5 2 45 5 45 10 45 13 45 14 45 6 4 28 9 28 10 28 12 28 13 28 14 28 5 1 77 2 77 9 77 10 77 14 77 4 0 84 2 84 7 84 11 84 9 0 8 1 8 4 8 5 8 6 8 7 8 9 8 10 8 13 8 7 1 45 3 45 5 45 7 45 9 45 12 45 14 45 3 4 70 8 70 9 70 6 0 37 5 37 6 37 7 37 11 37 12 37 7 1 86 3 86 4 86 6 86 9 86 10 86 14 86 8 1 64 3 64 6 64 7 64 11 64 12 64 13 64 14 64 8 3 67 4 67 6 67 8 67 9 67 10 67 11 67 13 67 11 0 38 1 38 2 38 3 38 4 38 8 38 10 38 11 38 12 38 13 38 14 38
15 11 0 97 1 97 2 97 4 97 5 97 9 97 10 97 11 97 12 97 13 97 14 97 8 0 81 1 81 2 81 3 81 6 81 10 81 11 81 12 81 6 0 58 1 58 4 58 5 58 6 58 8 58 7 0 84 2 84 7 84 8 84 9 84 10 84 14 84 7 1 58 2 58 5 58 7 58 8 58 9 58 11 58 5 0 9 7 9 8 9 12 9 13 9 6 1 87 3 87 8 87 9 87 10 87 11 87 4 3 5 4 5 9 5 10 5 4 2 44 7 44 10 44 14 44 5 5 85 6 85 10 85 12 85 13 85 3 6 89 11 89 14 89 4 7 77 8 77 10 77 12 77 4 8 96 9 96 10 96 14 96 8 2 39 4 39 5 39 6 39 7 39 8 39 11 39 14 39 5 2 77 5 77 8 77 9 77 10 77
15 5 0 80 4 80 7 80 9 80 12 80 9 0 21 1 21 2 21 3 21 4 21 6 21 7 21 9 21 12 21 7 1 10 2 10 3 10 5 10 6 10 9 10 10 10 8 0 73 3 73 4 73 5 73 8 73 9 73 13 73 14 73 5 1 70 2 70 8 70 9 70 14 70 9 0 49 1 49 2 49 5 49 6 49 8 49 10 49 11 49 13 49 7 2 31 3 31 6 31 7 31 8 31 12 31 13 31 5 1 34 6 34 7 34 8 34 13 34 8 1 40 3 40 4 40 5 40 10 40 11 40 13 40 14 40 5 5 22 8 22 11 22 12 22 13 22 6 0 15 2 15 4 15 8 15 9 15 14 15 5 2 82 5 82 8 82 13 82 14 82 6 0 57 3 57 7 57 9 57 13 57 14 57 9 0 71 1 71 5 71 7 71 8 71 9 71 10 71 11 71 14 71 9 2 48 3 48 4 48 7 48 8 48 10 48 12 48 13 48 14 48
15 6 2 17 4 17 9 17 11 17 12 17 14 17 4 1 62 5 62 7 62 8 62 9 2 75 4 75 5 75 6 75 7 75 8 75 9 75 11 75 13 75 5 0 35 6 35 9 35 12 35 13 35 8 0 91 1 91 2 91 5 91 6 91 10 91 11 91 14 91 9 1 50 2 50 4 50 6 50 9 50 10 50 11 50 12 50 14 50 6 1 7 2 7 3 7 6 7 10 7 13 7 10 0 64 2 64 3 64 4 64 6 64 8 64 9 64 10 64 12 64 13 64 4 5 75 8 75 10 75 13 75 4 6 94 7 94 10 94 12 94 8 0 55 2 55 5 55 6 55 8 55 9 55 10 55 11 55 5 1 72 3 72 6 72 7 72 8 72 7 0 47 1 47 2 47 4 47 8 47 9 47 14 47 3 2 11 4 11 7 11 5 0 90 5 90 7 90 11 90 14 90
15 7 1 93 2 93 3 93 7 93 8 93 11 93 12 93 6 4 57 5 57 6 57 11 57 12 57 14 57 8 1 71 2 71 5 71 8 71 9 71 10 71 11 71 12 71 5 0 70 5 70 9 70 10 70 12 70 4 1 93 4 93 8 93 9 93 9 1 20 2 20 3 20 5 20 6 20 8 20 9 20 10 20 12 20 6 1 15 3 15 7 15 8 15 9 15 10 15 6 1 77 2 77 5 77 9 77 10 77 13 77 3 5 58 10 58 13 58 4 0 12 2 12 11 12 12 12 6 0 67 2 67 4 67 6 67 10 67 13 67 5 5 68 7 68 8 68 9 68 13 68 5 4 7 8 7 9 7 12 7 14 7 7 1 29 2 29 4 29 5 29 6 29 7 29 10 29 6 1 52 2 52 3 52 4 52 9 52 14 52
15 4 0 76 10 76 13 76 14 76 6 3 27 6 27 8 27 9 27 11 27 13 27 6 4 26 6 26 11 26 12 26 13 26 14 26 8 1 36 6 36 7 36 9 36 10 36 11 36 12 36 13 36 8 0 8 1 8 2 8 3 8 7 8 8 8 11 8 13 8 6 0 36 1 36 3 36 6 36 10 36 12 36 5 0 95 1 95 7 95 12 95 14 95 4 1 48 2 48 5 48 8 48 6 2 82 4 82 5 82 9 82 12 82 13 82 8 0 87 1 87 5 87 6 87 8 87 10 87 12 87 13 87 6 2 6 3 6 5 6 6 6 7 6 10 6 7 1 63 8 63 9 63 10 63 11 63 12 63 14 63 9 0 56 1 56 2 56 6 56 7 56 8 56 12 56 13 56 14 56 7 4 36 6 36 7 36 8 36 9 36 12 36 14 36 7 4 15 5 15 7 15 8 15 10 15 11 15 14 15
