15 15
15 8 1 26 2 26 5 26 6 26 7 26 9 26 10 26 14 26 7 0 67 2 67 7 67 8 67 10 67 12 67 14 67 7 0 72 2 72 3 72 5 72 9 72 10 72 13 72 10 0 74 2 74 3 74 4 74 6 74 7 74 8 74 9 74 11 74 12 74 6 0 13 1 13 7 13 9 13 11 13 14 13 5 0 43 4 43 5 43 8 43 11 43 6 0 30 2 30 3 30 4 30 8 30 14 30 8 0 19 1 19 2 19 3 19 4 19 6 19 7 19 13 19 9 1 23 4 23 7 23 8 23 9 23 10 23 11 23 12 23 14 23 6 5 85 6 85 7 85 8 85 9 85 11 85 9 0 98 1 98 3 98 4 98 5 98 9 98 10 98 13 98 14 98 8 2 43 3 43 5 43 10 43 11 43 12 43 13 43 14 43 6 1 38 2 38 6 38 12 38 13 38 14 38 5 2 8 3 8 7 8 9 8 10 8 4 4 75 8 75 9 75 12 75
15 7 0 42 2 42 6 42 9 42 12 42 13 42 14 42 5 0 39 3 39 5 39 11 39 14 39 6 1 55 4 55 8 55 9 55 10 55 12 55 8 4 46 6 46 7 46 8 46 9 46 10 46 11 46 12 46 4 1 19 4 19 7 19 10 19 7 4 93 5 93 7 93 8 93 9 93 12 93 13 93 7 0 80 2 80 3 80 9 80 10 80 11 80 13 80 11 0 26 1 26 3 26 4 26 5 26 6 26 7 26 8 26 10 26 12 26 14 26 6 1 7 4 7 7 7 8 7 9 7 10 7 7 0 50 2 50 5 50 6 50 7 50 8 50 14 50 5 2 57 7 57 8 57 11 57 13 57 7 2 73 3 73 5 73 6 73 7 73 9 73 11 73 4 0 9 1 9 2 9 4 9 11 0 61 1 61 5 61 6 61 7 61 8 61 10 61 11 61 12 61 13 61 14 61 7 2 72 5 72 7 72 8 72 10 72 12 72 13 72
15 5 0 96 3 96 4 96 13 96 14 96 7 2 99 4 99 8 99 10 99 11 99 13 99 14 99 8 0 34 1 34 3 34 8 34 11 34 12 34 13 34 14 34 7 0 60 2 60 3 60 5 60 6 60 7 60 10 60 9 0 43 1 43 2 43 3 43 5 43 7 43 9 43 12 43 13 43 6 1 7 3 7 5 7 6 7 7 7 14 7 7 0 12 2 12 4 12 8 12 10 12 12 12 13 12 4 3 11 7 11 8 11 14 11 6 2 70 3 70 9 70 10 70 11 70 12 70 7 1 43 2 43 6 43 7 43 9 43 10 43 14 43 7 0 91 5 91 6 91 8 91 10 91 11 91 13 91 8 0 68 1 68 2 68 6 68 7 68 8 68 11 68 12 68 7 1 11 3 11 5 11 8 11 9 11 11 11 12 11 7 0 68 3 68 5 68 7 68 8 68 9 68 11 68 7 0 72 2 72 6 72 9 72 10 72 11 72 13 72
15 4 1 63 5 63 13 63 14 63 6 2 45 8 45 10 45 11 45 12 45 13 45 6 0 49 3 49 4 49 5 49 9 49 12 49 7 0 74 1 74 2 74 5 74 6 74 8 74 9 74 6 3 27 5 27 6 27 8 27 9 27 14 27 7 0 30 2 30 3 30 6 30 9 30 10 30 11 30 6 7 72 8 72 9 72 10 72 12 72 13 72 3 2 9 7 9 13 9 6 1 99 7 99 9 99 11 99 12 99 13 99 6 0 60 3 60 6 60 8 60 13 60 14 60 8 1 69 2 69 3 69 5 69 7 69 8 69 10 69 11 69 6 3 69 4 69 6 69 10 69 11 69 13 69 8 2 84 3 84 5 84 6 84 8 84 9 84 10 84 14 84 9 0 40 1 40 2 40 3 40 4 40 5 40 7 40 9 40 11 40 9 0 59 2 59 4 59 5 59 7 59 8 59 9 59 10 59 13 59
15 4 0 91 2 91 3 91 4 91 5 0 75 7 75 8 75 9 75 14 75 7 3 98 4 98 5 98 9 98 10 98 13 98 14 98 12 1 17 2 17 3 17 4 17 6 17 7 17 8 17 9 17 10 17 11 17 12 17 13 17 8 0 72 3 72 4 72 6 72 9 72 10 72 12 72 13 72 8 2 31 3 31 4 31 5 31 6 31 7 31 8 31 13 31 7 1 9 3 9 6 9 10 9 11 9 12 9 14 9 6 0 98 2 98 3 98 6 98 12 98 14 98 8 0 50 1 50 3 50 6 50 7 50 8 50 9 50 14 50 7 0 37 4 37 5 37 6 37 9 37 10 37 14 37 9 3 8 4 8 5 8 7 8 8 8 9 8 10 8 12 8 13 8 7 0 65 3 65 4 65 6 65 8 65 9 65 14 65 8 0 90 1 90 2 90 6 90 8 90 10 90 11 90 13 90 8 0 91 2 91 4 91 7 91 8 91 11 91 12 91 14 91 7 4 71 5 71 6 71 7 71 11 71 12 71 14 71
15 5 2 35 4 35 5 35 9 35 11 35 7 1 80 3 80 4 80 6 80 7 80 10 80 13 80 7 0 39 1 39 2 39 3 39 4 39 10 39 11 39 5 0 62 3 62 4 62 8 62 11 62 8 0 74 5 74 8 74 10 74 11 74 12 74 13 74 14 74 7 0 72 1 72 4 72 5 72 10 72 12 72 14 72 6 1 35 10 35 11 35 12 35 13 35 14 35 5 0 25 1 25 4 25 9 25 14 25 9 0 49 1 49 3 49 4 49 5 49 6 49 9 49 11 49 12 49 7 2 52 3 52 6 52 8 52 9 52 11 52 13 52 9 0 63 2 63 5 63 7 63 9 63 10 63 11 63 12 63 14 63 11 1 90 2 90 3 90 7 90 8 90 9 90 10 90 11 90 12 90 13 90 14 90 5 2 21 3 21 5 21 9 21 13 21 6 2 47 4 47 9 47 11 47 12 47 13 47 8 0 38 3 38 4 38 6 38 7 38 10 38 11 38 14 38
15 6 2 19 5 19 8 19 11 19 13 19 14 19 9 1 57 2 57 3 57 4 57 7 57 9 57 11 57 12 57 14 57 6 1 24 2 24 9 24 10 24 13 24 14 24 8 1 91 2 91 6 91 7 91 8 91 9 91 10 91 13 91 7 1 50 3 50 6 50 7 50 9 50 10 50 14 50 4 0 5 2 5 4 5 5 5 5 3 49 4 49 9 49 11 49 14 49 6 0 18 5 18 7 18 9 18 10 18 12 18 6 4 58 6 58 8 58 9 58 11 58 12 58 8 0 24 1 24 2 24 3 24 4 24 5 24 7 24 10 24 7 1 52 3 52 7 52 8 52 9 52 10 52 11 52 8 0 88 1 88 2 88 5 88 6 88 11 88 12 88 13 88 4 0 68 2 68 5 68 6 68 8 1 20 3 20 4 20 6 20 7 20 8 20 13 20 14 20 4 0 53 4 53 6 53 10 53
15 10 0 77 2 77 4 77 5 77 6 77 7 77 8 77 9 77 10 77 11 77 7 0 72 1 72 3 72 7 72 8 72 9 72 14 72 6 2 35 3 35 5 35 6 35 8 35 12 35 7 1 90 3 90 4 90 6 90 7 90 8 90 11 90 8 2 68 4 68 5 68 6 68 7 68 10 68 12 68 13 68 4 1 18 5 18 6 18 11 18 6 0 9 1 9 3 9 7 9 12 9 14 9 5 0 33 2 33 4 33 5 33 14 33 7 1 60 6 60 8 60 10 60 11 60 13 60 14 60 10 1 18 2 18 3 18 4 18 6 18 7 18 8 18 9 18 10 18 11 18 7 0 10 4 10 6 10 8 10 10 10 12 10 13 10 4 4 60 6 60 7 60 13 60 6 1 38 2 38 9 38 11 38 13 38 14 38 6 2 99 3 99 6 99 8 99 9 99 12 99 7 3 15 5 15 8 15 9 15 10 15 12 15 14 15
15 6 3 6 5 6 7 6 8 6 11 6 13 6 11 0 86 1 86 5 86 6 86 7 86 8 86 9 86 11 86 12 86 13 86 14 86 5 0 40 2 40 3 40 11 40 12 40 9 0 79 1 79 2 79 4 79 7 79 8 79 9 79 11 79 14 79 7 1 92 2 92 4 92 5 92 10 92 12 92 13 92 6 0 23 4 23 7 23 8 23 11 23 13 23 6 0 89 1 89 4 89 5 89 8 89 11 89 7 0 95 1 95 8 95 10 95 11 95 12 95 14 95 6 1 91 5 91 6 91 7 91 10 91 12 91 6 1 72 7 72 10 72 11 72 12 72 14 72 7 0 80 2 80 7 80 8 80 12 80 13 80 14 80 9 1 60 2 60 5 60 7 60 10 60 11 60 12 60 13 60 14 60 8 2 56 3 56 5 56 7 56 8 56 9 56 11 56 13 56 8 0 51 1 51 4 51 7 51 10 51 11 51 12 51 13 51 5 6 23 10 23 12 23 13 23 14 23
15 9 1 46 2 46 5 46 6 46 7 46 9 46 10 46 12 46 13 46 6 0 28 3 28 6 28 11 28 12 28 14 28 5 0 34 3 34 5 34 9 34 14 34 6 2 77 5 77 10 77 11 77 13 77 14 77 5 4 47 10 47 12 47 13 47 14 47 6 0 10 1 10 2 10 9 10 10 10 14 10 5 0 49 2 49 7 49 11 49 14 49 10 0 77 1 77 4 77 5 77 6 77 7 77 8 77 9 77 10 77 13 77 7 1 48 3 48 5 48 9 48 10 48 12 48 14 48 4 4 24 7 24 8 24 9 24 5 0 8 6 8 7 8 11 8 12 8 7 1 72 2 72 3 72 4 72 9 72 10 72 14 72 7 1 55 3 55 6 55 7 55 11 55 13 55 14 55 7 3 29 4 29 6 29 9 29 10 29 11 29 13 29 11 0 40 1 40 2 40 3 40 4 40 8 40 10 40 11 40 12 40 13 40 14 40
15 10 0 22 1 22 2 22 5 22 9 22 10 22 11 22 12 22 13 22 14 22 8 0 89 1 89 2 89 3 89 4 89 6 89 10 89 11 89 6 0 79 4 79 5 79 6 79 8 79 12 79 6 0 7 2 7 8 7 9 7 10 7 14 7 6 1 15 2 15 7 15 8 15 9 15 11 15 5 1 6 7 6 8 6 12 6 13 6 6 1 30 3 30 8 30 9 30 10 30 11 30 5 3 38 4 38 6 38 9 38 10 38 4 5 11 7 11 10 11 14 11 6 5 52 6 52 8 52 10 52 12 52 13 52 3 3 20 11 20 14 20 3 7 5 8 5 12 5 4 8 9 9 9 10 9 14 9 8 2 20 4 20 5 20 6 20 7 20 8 20 11 20 14 20 5 2 28 5 28 9 28 10 28 13 28
15 5 0 73 4 73 5 73 7 73 9 73 9 0 56 2 56 3 56 4 56 6 56 7 56 9 56 12 56 14 56 6 1 37 2 37 3 37 5 37 6 37 9 37 7 0 22 3 22 4 22 8 22 9 22 13 22 14 22 5 1 25 2 25 9 25 13 25 14 25 9 0 58 1 58 2 58 5 58 6 58 8 58 10 58 11 58 13 58 7 1 8 3 8 6 8 7 8 8 8 12 8 13 8 4 1 93 6 93 7 93 8 93 8 1 88 3 88 4 88 5 88 10 88 11 88 13 88 14 88 5 5 17 8 17 11 17 12 17 13 17 6 2 9 4 9 8 9 9 9 12 9 14 9 5 2 69 5 69 8 69 11 69 13 69 6 0 71 7 71 9 71 10 71 13 71 14 71 9 0 85 1 85 5 85 7 85 8 85 9 85 10 85 11 85 14 85 9 0 55 2 55 3 55 4 55 8 55 10 55 12 55 13 55 14 55
15 6 2 85 4 85 9 85 11 85 12 85 14 85 5 1 58 5 58 7 58 8 58 14 58 9 2 46 3 46 4 46 6 46 7 46 8 46 9 46 11 46 13 46 5 0 64 6 64 8 64 12 64 13 64 7 0 49 2 49 5 49 6 49 10 49 11 49 14 49 8 1 37 2 37 4 37 6 37 9 37 10 37 11 37 12 37 5 1 33 2 33 6 33 10 33 13 33 9 0 30 2 30 3 30 4 30 6 30 8 30 9 30 12 30 13 30 4 5 26 8 26 10 26 13 26 4 0 20 6 20 7 20 10 20 8 2 74 5 74 6 74 8 74 9 74 10 74 11 74 13 74 6 1 77 3 77 6 77 7 77 8 77 10 77 8 0 99 1 99 2 99 4 99 8 99 9 99 12 99 14 99 3 2 56 7 56 11 56 4 0 21 5 21 7 21 14 21
15 8 1 17 2 17 3 17 7 17 8 17 10 17 11 17 12 17 6 3 24 4 24 5 24 11 24 12 24 14 24 8 2 89 4 89 5 89 8 89 9 89 10 89 11 89 12 89 4 0 15 5 15 9 15 10 15 5 1 60 4 60 8 60 9 60 11 60 8 1 42 2 42 3 42 6 42 8 42 9 42 10 42 12 42 5 1 98 7 98 8 98 9 98 10 98 5 1 64 2 64 5 64 9 64 10 64 2 5 92 13 92 4 0 63 2 63 11 63 12 63 6 0 52 4 52 6 52 7 52 10 52 13 52 6 5 54 7 54 8 54 9 54 12 54 13 54 5 4 75 6 75 8 75 9 75 12 75 7 1 23 2 23 4 23 5 23 6 23 10 23 14 23 5 1 38 2 38 3 38 9 38 14 38
15 5 0 8 3 8 10 8 13 8 14 8 6 5 17 6 17 8 17 9 17 11 17 13 17 5 6 56 11 56 12 56 13 56 14 56 8 1 93 6 93 7 93 9 93 10 93 11 93 12 93 13 93 9 0 26 1 26 2 26 3 26 7 26 8 26 11 26 13 26 14 26 7 0 62 1 62 3 62 6 62 9 62 10 62 12 62 5 1 7 6 7 7 7 12 7 14 7 5 1 88 2 88 5 88 8 88 10 88 6 0 97 4 97 5 97 9 97 12 97 13 97 8 0 7 1 7 5 7 6 7 8 7 10 7 12 7 13 7 5 2 43 3 43 6 43 7 43 10 43 6 8 29 9 29 10 29 11 29 12 29 14 29 8 0 35 1 35 2 35 6 35 8 35 12 35 13 35 14 35 7 4 87 6 87 7 87 8 87 9 87 12 87 14 87 6 4 57 5 57 7 57 8 57 10 57 11 57
