15 15
15 7 1 51 3 51 4 51 6 51 10 51 13 51 14 51 7 1 43 3 43 5 43 7 43 9 43 13 43 14 43 8 0 80 4 80 7 80 9 80 10 80 12 80 13 80 14 80 7 0 18 1 18 4 18 5 18 6 18 7 18 9 18 5 6 38 7 38 8 38 9 38 10 38 7 1 24 3 24 4 24 7 24 8 24 10 24 12 24 7 0 67 2 67 6 67 7 67 9 67 11 67 13 67 7 0 15 4 15 6 15 11 15 12 15 13 15 14 15 8 0 24 1 24 2 24 3 24 7 24 8 24 11 24 13 24 5 4 72 10 72 11 72 13 72 14 72 8 0 45 3 45 6 45 8 45 10 45 11 45 12 45 13 45 8 0 80 1 80 2 80 3 80 5 80 8 80 13 80 14 80 6 4 64 6 64 8 64 9 64 10 64 14 64 7 0 44 1 44 2 44 5 44 6 44 11 44 13 44 6 0 88 1 88 4 88 7 88 12 88 14 88
15 5 0 40 1 40 6 40 9 40 11 40 4 3 88 8 88 9 88 13 88 4 9 77 10 77 11 77 13 77 7 0 59 3 59 5 59 6 59 7 59 11 59 13 59 10 0 20 1 20 2 20 3 20 6 20 7 20 11 20 12 20 13 20 14 20 7 0 52 3 52 4 52 5 52 6 52 10 52 11 52 7 0 70 1 70 4 70 8 70 9 70 10 70 14 70 6 0 40 2 40 3 40 5 40 9 40 11 40 8 0 32 3 32 4 32 5 32 6 32 7 32 9 32 11 32 7 0 76 1 76 3 76 5 76 7 76 13 76 14 76 8 0 43 2 43 3 43 7 43 8 43 10 43 12 43 13 43 5 0 31 7 31 9 31 11 31 14 31 4 2 21 4 21 10 21 11 21 11 1 5 2 5 4 5 6 5 7 5 8 5 9 5 10 5 11 5 12 5 14 5 7 1 47 5 47 7 47 8 47 10 47 13 47 14 47
15 6 0 32 6 32 8 32 11 32 12 32 13 32 7 0 49 1 49 2 49 3 49 6 49 8 49 13 49 5 3 5 5 5 6 5 10 5 14 5 8 0 64 3 64 4 64 5 64 6 64 10 64 13 64 14 64 5 2 58 3 58 4 58 7 58 11 58 7 2 80 3 80 4 80 8 80 10 80 11 80 13 80 4 0 94 1 94 2 94 6 94 6 3 11 4 11 7 11 11 11 12 11 14 11 8 1 26 2 26 3 26 6 26 7 26 9 26 10 26 14 26 10 2 26 3 26 4 26 5 26 6 26 7 26 8 26 10 26 11 26 13 26 7 0 59 2 59 3 59 6 59 8 59 9 59 14 59 11 0 85 1 85 2 85 3 85 4 85 6 85 7 85 9 85 10 85 13 85 14 85 8 0 47 1 47 3 47 4 47 8 47 9 47 10 47 11 47 7 2 96 4 96 6 96 8 96 10 96 12 96 13 96 3 1 14 2 14 14 14
15 11 0 23 2 23 3 23 5 23 6 23 7 23 9 23 10 23 11 23 12 23 14 23 9 0 9 1 9 3 9 6 9 7 9 8 9 10 9 11 9 13 9 6 0 75 1 75 5 75 6 75 9 75 10 75 5 0 37 3 37 6 37 8 37 12 37 9 0 43 1 43 3 43 4 43 6 43 8 43 9 43 11 43 14 43 4 2 79 4 79 7 79 11 79 7 0 75 3 75 4 75 5 75 9 75 11 75 13 75 4 0 34 3 34 6 34 12 34 8 0 20 3 20 6 20 7 20 8 20 12 20 13 20 14 20 4 0 10 1 10 12 10 13 10 9 0 83 1 83 3 83 4 83 8 83 9 83 10 83 12 83 14 83 7 0 68 6 68 7 68 10 68 11 68 12 68 13 68 6 0 52 1 52 5 52 9 52 11 52 13 52 10 0 66 1 66 2 66 3 66 4 66 7 66 8 66 9 66 13 66 14 66 8 0 9 1 9 3 9 6 9 7 9 9 9 12 9 13 9
15 11 1 69 2 69 3 69 4 69 5 69 6 69 8 69 9 69 10 69 11 69 12 69 9 0 59 1 59 4 59 5 59 9 59 11 59 12 59 13 59 14 59 5 1 28 2 28 3 28 6 28 12 28 6 0 62 1 62 2 62 4 62 7 62 14 62 3 3 36 4 36 13 36 6 1 26 4 26 7 26 8 26 9 26 12 26 5 0 84 6 84 8 84 10 84 12 84 5 1 16 4 16 8 16 10 16 11 16 7 2 54 5 54 6 54 7 54 8 54 10 54 11 54 10 0 42 1 42 2 42 4 42 5 42 7 42 8 42 10 42 12 42 14 42 4 2 54 4 54 11 54 13 54 8 0 6 2 6 3 6 4 6 6 6 7 6 10 6 13 6 6 1 40 6 40 9 40 10 40 11 40 12 40 5 2 88 5 88 6 88 7 88 10 88 8 2 79 3 79 4 79 5 79 6 79 7 79 12 79 14 79
15 8 2 78 5 78 7 78 10 78 11 78 12 78 13 78 14 78 7 0 53 1 53 3 53 6 53 8 53 9 53 12 53 3 0 17 5 17 11 17 8 5 29 6 29 7 29 8 29 10 29 11 29 13 29 14 29 8 0 82 1 82 3 82 4 82 9 82 10 82 13 82 14 82 6 0 23 2 23 3 23 9 23 11 23 12 23 5 4 12 9 12 10 12 11 12 14 12 3 2 64 8 64 13 64 9 0 86 1 86 2 86 3 86 4 86 5 86 6 86 11 86 14 86 5 0 59 3 59 6 59 7 59 8 59 7 1 5 5 5 6 5 8 5 9 5 11 5 14 5 5 3 68 4 68 7 68 8 68 10 68 5 2 59 9 59 12 59 13 59 14 59 9 1 13 4 13 5 13 6 13 8 13 9 13 10 13 12 13 13 13 8 0 56 1 56 3 56 6 56 7 56 9 56 10 56 14 56
15 7 1 83 2 83 5 83 8 83 9 83 10 83 13 83 7 1 46 2 46 6 46 9 46 12 46 13 46 14 46 7 0 7 2 7 4 7 7 7 9 7 10 7 13 7 6 1 65 3 65 9 65 10 65 12 65 13 65 9 0 69 2 69 3 69 4 69 9 69 10 69 11 69 12 69 14 69 6 2 62 4 62 5 62 6 62 10 62 13 62 6 0 16 1 16 3 16 4 16 7 16 12 16 6 2 58 3 58 5 58 8 58 10 58 11 58 6 3 66 4 66 5 66 7 66 8 66 13 66 6 0 83 3 83 5 83 6 83 12 83 13 83 3 1 90 7 90 10 90 9 0 42 1 42 2 42 4 42 5 42 10 42 12 42 13 42 14 42 7 0 81 1 81 4 81 6 81 9 81 10 81 11 81 7 0 69 3 69 4 69 5 69 10 69 11 69 12 69 7 1 85 3 85 4 85 5 85 8 85 11 85 14 85
15 6 5 73 7 73 8 73 10 73 12 73 14 73 4 2 71 8 71 10 71 12 71 7 1 64 2 64 5 64 8 64 9 64 13 64 14 64 7 0 10 6 10 7 10 9 10 10 10 11 10 12 10 3 1 20 6 20 9 20 5 1 99 8 99 11 99 13 99 14 99 9 0 24 1 24 4 24 7 24 9 24 10 24 11 24 13 24 14 24 8 0 65 2 65 8 65 9 65 10 65 11 65 13 65 14 65 10 1 82 2 82 3 82 4 82 5 82 7 82 9 82 11 82 13 82 14 82 8 2 72 3 72 4 72 7 72 9 72 10 72 12 72 14 72 8 2 43 3 43 4 43 7 43 10 43 11 43 12 43 13 43 7 1 82 4 82 7 82 9 82 10 82 11 82 12 82 7 5 27 6 27 8 27 9 27 10 27 12 27 13 27 6 0 24 2 24 4 24 5 24 8 24 13 24 5 0 33 2 33 7 33 9 33 14 33
15 6 4 82 6 82 10 82 12 82 13 82 14 82 2 1 34 8 34 4 3 92 6 92 10 92 14 92 11 0 8 1 8 2 8 3 8 4 8 5 8 6 8 7 8 12 8 13 8 14 8 7 0 38 1 38 3 38 5 38 6 38 8 38 10 38 7 0 45 1 45 2 45 7 45 8 45 9 45 11 45 6 1 21 4 21 6 21 7 21 9 21 10 21 7 2 35 3 35 4 35 5 35 10 35 12 35 13 35 7 1 52 4 52 5 52 7 52 8 52 9 52 12 52 4 4 35 7 35 9 35 11 35 7 0 15 2 15 3 15 5 15 6 15 7 15 11 15 10 1 23 2 23 3 23 4 23 6 23 7 23 9 23 10 23 12 23 14 23 7 5 6 6 6 7 6 9 6 10 6 13 6 14 6 6 1 83 7 83 9 83 10 83 11 83 13 83 6 3 30 7 30 8 30 9 30 11 30 12 30
15 9 0 84 1 84 2 84 4 84 5 84 8 84 10 84 12 84 13 84 6 5 7 9 7 10 7 11 7 12 7 13 7 11 0 66 1 66 2 66 3 66 5 66 6 66 8 66 9 66 10 66 12 66 13 66 6 3 6 8 6 10 6 11 6 12 6 13 6 7 1 28 3 28 4 28 8 28 10 28 12 28 14 28 6 0 27 4 27 8 27 12 27 13 27 14 27 8 2 79 3 79 6 79 7 79 9 79 10 79 11 79 12 79 6 6 70 7 70 10 70 11 70 13 70 14 70 5 0 85 3 85 4 85 7 85 11 85 7 0 94 1 94 4 94 5 94 7 94 13 94 14 94 8 0 60 1 60 3 60 4 60 5 60 7 60 11 60 14 60 5 1 80 3 80 10 80 13 80 14 80 8 1 39 2 39 3 39 6 39 7 39 11 39 12 39 14 39 7 0 66 1 66 2 66 4 66 5 66 8 66 11 66 4 2 29 6 29 7 29 11 29
15 8 1 44 2 44 3 44 5 44 7 44 8 44 12 44 13 44 7 1 58 2 58 6 58 7 58 8 58 9 58 10 58 2 5 14 13 14 9 0 65 2 65 3 65 5 65 6 65 7 65 8 65 12 65 14 65 6 1 72 2 72 5 72 7 72 12 72 13 72 7 0 14 1 14 3 14 5 14 7 14 9 14 13 14 5 2 52 9 52 10 52 12 52 13 52 6 1 21 2 21 4 21 6 21 8 21 9 21 9 0 25 1 25 3 25 5 25 6 25 9 25 10 25 12 25 14 25 10 0 5 3 5 5 5 6 5 7 5 9 5 10 5 12 5 13 5 14 5 9 0 51 1 51 3 51 6 51 7 51 9 51 10 51 11 51 12 51 7 0 61 5 61 6 61 7 61 9 61 10 61 14 61 7 0 55 4 55 5 55 6 55 10 55 13 55 14 55 9 0 42 1 42 2 42 3 42 4 42 6 42 7 42 10 42 13 42 7 2 36 3 36 4 36 5 36 12 36 13 36 14 36
15 4 3 43 8 43 12 43 14 43 6 0 72 4 72 7 72 8 72 10 72 13 72 7 4 78 5 78 6 78 8 78 9 78 11 78 14 78 3 0 12 5 12 11 12 6 4 17 6 17 7 17 11 17 12 17 14 17 9 0 46 2 46 5 46 6 46 7 46 8 46 10 46 11 46 12 46 4 8 27 9 27 10 27 13 27 7 1 51 3 51 4 51 6 51 8 51 10 51 11 51 6 0 63 2 63 5 63 6 63 7 63 11 63 4 1 79 6 79 7 79 13 79 6 0 79 5 79 8 79 11 79 12 79 13 79 4 5 91 7 91 9 91 12 91 8 1 49 4 49 5 49 8 49 9 49 10 49 12 49 13 49 6 0 26 1 26 6 26 8 26 9 26 13 26 5 1 93 3 93 7 93 10 93 14 93
15 6 1 49 3 49 4 49 7 49 12 49 13 49 8 0 49 2 49 7 49 10 49 11 49 12 49 13 49 14 49 7 3 71 4 71 8 71 9 71 12 71 13 71 14 71 8 0 78 1 78 2 78 3 78 5 78 8 78 12 78 13 78 5 0 44 6 44 9 44 10 44 13 44 5 3 41 9 41 10 41 11 41 13 41 6 3 91 6 91 8 91 11 91 12 91 13 91 6 2 84 4 84 7 84 12 84 13 84 14 84 7 0 91 1 91 2 91 6 91 8 91 9 91 13 91 7 1 21 2 21 5 21 6 21 10 21 11 21 12 21 5 5 47 8 47 10 47 11 47 12 47 6 0 28 3 28 5 28 9 28 10 28 14 28 4 1 61 3 61 4 61 11 61 7 0 70 1 70 2 70 3 70 6 70 7 70 12 70 6 0 93 1 93 5 93 6 93 7 93 8 93
15 4 3 25 6 25 13 25 14 25 6 4 85 5 85 7 85 8 85 10 85 13 85 4 0 66 1 66 3 66 12 66 3 2 45 9 45 11 45 6 0 95 3 95 6 95 10 95 12 95 13 95 10 0 21 2 21 3 21 4 21 5 21 7 21 8 21 10 21 11 21 12 21 7 0 84 1 84 2 84 5 84 8 84 9 84 14 84 4 3 24 4 24 5 24 10 24 8 1 53 2 53 3 53 4 53 9 53 11 53 13 53 14 53 5 2 67 5 67 7 67 10 67 11 67 10 1 91 2 91 4 91 5 91 6 91 7 91 8 91 9 91 11 91 14 91 4 7 11 10 11 11 11 13 11 5 3 32 6 32 11 32 13 32 14 32 6 1 30 3 30 4 30 5 30 7 30 14 30 6 2 89 5 89 6 89 7 89 12 89 14 89
15 5 2 92 3 92 9 92 10 92 12 92 3 7 93 9 93 10 93 8 0 99 1 99 2 99 4 99 6 99 10 99 11 99 13 99 6 1 40 3 40 4 40 8 40 10 40 14 40 9 1 37 2 37 3 37 4 37 7 37 9 37 10 37 13 37 14 37 3 4 69 12 69 13 69 8 1 66 2 66 5 66 7 66 9 66 11 66 12 66 14 66 7 1 57 2 57 3 57 4 57 6 57 7 57 13 57 4 2 22 8 22 13 22 14 22 11 0 44 1 44 3 44 4 44 5 44 7 44 8 44 9 44 11 44 12 44 14 44 5 1 73 2 73 8 73 11 73 13 73 5 0 97 1 97 3 97 5 97 13 97 6 0 18 3 18 6 18 11 18 12 18 14 18 5 1 69 2 69 4 69 8 69 12 69 6 2 41 4 41 5 41 6 41 7 41 14 41
