10 10
10 6 0 29 2 29 3 29 4 29 5 29 7 29 6 1 78 3 78 4 78 5 78 7 78 8 78 6 1 9 2 9 5 9 6 9 8 9 9 9 5 0 36 1 36 3 36 6 36 8 36 5 1 49 2 49 3 49 4 49 6 49 5 0 11 2 11 4 11 5 11 9 11 5 0 62 2 62 4 62 6 62 9 62 4 1 56 2 56 5 56 7 56 4 3 44 5 44 7 44 8 44 4 0 21 5 21 7 21 9 21
10 5 0 43 5 43 7 43 8 43 9 43 3 1 90 2 90 4 90 3 1 75 2 75 4 75 4 0 11 3 11 5 11 9 11 3 2 69 3 69 4 69 8 0 28 1 28 2 28 4 28 5 28 6 28 8 28 9 28 5 3 46 5 46 6 46 8 46 9 46 2 5 46 6 46 3 0 72 3 72 7 72 3 1 30 6 30 8 30
10 4 1 91 3 91 5 91 6 91 3 0 85 4 85 6 85 4 2 39 3 39 6 39 9 39 3 0 74 2 74 6 74 5 4 90 5 90 7 90 8 90 9 90 6 3 10 4 10 5 10 6 10 7 10 8 10 6 0 12 2 12 4 12 5 12 6 12 7 12 4 2 89 5 89 6 89 7 89 5 0 45 2 45 3 45 5 45 9 45 3 1 33 4 33 5 33
10 3 0 81 1 81 9 81 4 0 95 1 95 2 95 7 95 5 0 71 4 71 5 71 7 71 8 71 5 0 99 2 99 4 99 8 99 9 99 6 2 9 4 9 6 9 7 9 8 9 9 9 6 0 52 1 52 2 52 6 52 8 52 9 52 4 2 85 3 85 7 85 8 85 4 3 98 6 98 7 98 8 98 6 1 22 3 22 4 22 7 22 8 22 9 22 6 1 43 2 43 3 43 4 43 5 43 8 43
10 5 1 14 2 14 4 14 6 14 8 14 3 0 6 2 6 5 6 7 0 22 1 22 2 22 3 22 5 22 8 22 9 22 3 1 61 5 61 7 61 5 3 26 6 26 7 26 8 26 9 26 6 0 69 1 69 4 69 5 69 8 69 9 69 5 0 21 1 21 4 21 5 21 8 21 6 1 49 3 49 4 49 5 49 7 49 9 49 3 1 72 5 72 9 72 6 1 53 2 53 3 53 4 53 6 53 7 53
10 5 1 84 2 84 5 84 7 84 9 84 3 1 2 5 2 9 2 4 2 52 3 52 5 52 7 52 3 3 95 4 95 5 95 4 0 48 1 48 5 48 8 48 6 0 72 2 72 3 72 5 72 8 72 9 72 7 0 47 1 47 2 47 3 47 5 47 8 47 9 47 5 0 65 4 65 5 65 6 65 7 65 5 0 6 2 6 4 6 5 6 9 6 6 1 25 2 25 3 25 5 25 6 25 7 25
10 4 1 46 2 46 3 46 8 46 4 0 37 1 37 3 37 8 37 4 0 61 1 61 3 61 4 61 2 0 13 2 13 5 0 32 2 32 5 32 6 32 8 32 2 1 21 5 21 4 2 32 7 32 8 32 9 32 5 0 89 1 89 2 89 7 89 8 89 5 0 30 2 30 3 30 6 30 7 30 4 1 55 4 55 7 55 8 55
10 3 2 31 4 31 5 31 3 0 86 3 86 6 86 5 1 46 3 46 4 46 7 46 9 46 1 5 74 3 2 32 3 32 4 32 5 0 88 1 88 2 88 3 88 6 88 4 2 19 3 19 6 19 8 19 6 0 48 1 48 3 48 6 48 7 48 9 48 5 1 36 2 36 4 36 7 36 8 36 3 3 79 4 79 8 79
10 6 0 76 1 76 3 76 5 76 8 76 9 76 4 1 69 2 69 4 69 9 69 5 0 76 2 76 3 76 8 76 9 76 3 5 51 8 51 9 51 4 2 85 3 85 4 85 8 85 3 2 11 6 11 9 11 6 0 40 2 40 4 40 6 40 7 40 8 40 5 1 89 4 89 6 89 7 89 8 89 6 1 26 2 26 3 26 4 26 5 26 6 26 4 1 74 2 74 7 74 8 74
10 6 1 85 2 85 3 85 4 85 7 85 9 85 8 0 13 3 13 4 13 5 13 6 13 7 13 8 13 9 13 4 0 61 2 61 4 61 9 61 3 0 7 3 7 6 7 3 7 64 8 64 9 64 4 1 76 3 76 4 76 9 76 4 2 47 3 47 4 47 5 47 5 1 52 3 52 4 52 7 52 8 52 5 2 90 4 90 5 90 6 90 8 90 5 0 45 3 45 4 45 6 45 7 45
