10 10
10 5 0 72 2 72 4 72 6 72 8 72 6 0 54 1 54 3 54 4 54 8 54 9 54 7 0 33 1 33 2 33 3 33 6 33 7 33 9 33 5 3 86 5 86 6 86 7 86 8 86 6 1 75 2 75 3 75 4 75 6 75 9 75 3 3 16 4 16 5 16 4 1 96 4 96 6 96 9 96 4 3 7 5 7 7 7 9 7 6 0 99 2 99 5 99 6 99 8 99 9 99 5 0 76 3 76 4 76 7 76 9 76
10 2 0 16 6 16 5 1 88 3 88 4 88 5 88 6 88 5 0 48 4 48 5 48 8 48 9 48 6 1 52 2 52 4 52 7 52 8 52 9 52 4 0 60 3 60 6 60 9 60 3 0 29 6 29 9 29 4 1 18 3 18 4 18 7 18 3 5 89 6 89 9 89 6 0 80 2 80 4 80 7 80 8 80 9 80 3 1 76 3 76 8 76
10 5 0 47 1 47 2 47 3 47 7 47 4 3 11 7 11 8 11 9 11 2 3 14 5 14 4 1 56 2 56 4 56 9 56 4 0 16 1 16 6 16 8 16 3 4 83 7 83 8 83 5 0 10 1 10 2 10 4 10 9 10 4 0 61 3 61 5 61 7 61 6 0 24 2 24 4 24 6 24 8 24 9 24 4 2 58 3 58 7 58 9 58
10 3 0 49 2 49 6 49 3 1 31 7 31 9 31 2 3 17 9 17 7 0 50 1 50 2 50 3 50 5 50 6 50 8 50 4 0 63 4 63 5 63 7 63 6 0 35 2 35 3 35 5 35 7 35 9 35 5 0 65 1 65 3 65 4 65 8 65 4 0 23 3 23 4 23 7 23 6 1 50 3 50 5 50 6 50 7 50 8 50 4 3 29 5 29 7 29 9 29
10 8 0 55 1 55 3 55 4 55 6 55 7 55 8 55 9 55 5 0 6 2 6 4 6 6 6 8 6 4 0 28 1 28 5 28 8 28 2 3 96 5 96 3 3 86 5 86 7 86 1 2 99 6 0 14 3 14 4 14 6 14 8 14 9 14 4 1 70 3 70 4 70 7 70 6 0 64 2 64 4 64 5 64 8 64 9 64 1 4 24
10 6 1 46 3 46 4 46 6 46 7 46 8 46 4 0 23 1 23 4 23 9 23 5 2 70 5 70 6 70 7 70 9 70 3 2 19 8 19 9 19 5 1 54 2 54 4 54 6 54 9 54 8 0 22 1 22 3 22 4 22 5 22 6 22 7 22 9 22 7 1 85 3 85 4 85 5 85 7 85 8 85 9 85 3 0 87 7 87 9 87 3 5 79 6 79 8 79 5 1 93 2 93 3 93 4 93 7 93
10 3 0 76 4 76 9 76 4 0 60 3 60 5 60 8 60 5 0 76 4 76 5 76 8 76 9 76 4 2 98 5 98 7 98 9 98 4 2 76 3 76 6 76 7 76 4 1 50 3 50 7 50 9 50 3 0 86 7 86 8 86 4 5 14 6 14 7 14 9 14 6 1 27 3 27 5 27 6 27 8 27 9 27 5 2 57 3 57 5 57 6 57 8 57
10 7 0 93 1 93 4 93 6 93 7 93 8 93 9 93 6 0 27 1 27 2 27 5 27 6 27 7 27 5 1 57 5 57 7 57 8 57 9 57 3 3 87 5 87 7 87 4 0 86 7 86 8 86 9 86 1 2 54 6 0 24 4 24 5 24 6 24 7 24 8 24 2 4 49 5 49 3 0 20 3 20 8 20 2 1 47 3 47
10 5 1 28 2 28 5 28 6 28 8 28 3 1 11 6 11 8 11 4 0 78 1 78 5 78 8 78 6 2 85 5 85 6 85 7 85 8 85 9 85 3 4 63 6 63 8 63 5 0 81 5 81 7 81 8 81 9 81 6 0 10 1 10 3 10 4 10 5 10 8 10 3 1 9 4 9 7 9 5 1 46 5 46 7 46 8 46 9 46 3 0 32 3 32 8 32
10 5 1 22 2 22 3 22 5 22 6 22 7 0 76 2 76 4 76 5 76 7 76 8 76 9 76 3 3 89 5 89 7 89 6 0 13 1 13 4 13 5 13 8 13 9 13 4 5 88 6 88 7 88 9 88 6 1 10 3 10 4 10 6 10 7 10 8 10 5 0 75 1 75 3 75 5 75 7 75 6 0 98 1 98 3 98 4 98 5 98 7 98 2 1 78 2 78 6 0 17 1 17 2 17 5 17 6 17 8 17
