10 10
10 2 0 96 3 96 4 0 69 1 69 6 69 7 69 7 2 25 3 25 5 25 6 25 7 25 8 25 9 25 4 3 5 4 5 6 5 8 5 3 3 55 4 55 8 55 2 5 15 6 15 7 0 88 2 88 3 88 5 88 6 88 7 88 8 88 8 0 11 1 11 2 11 3 11 6 11 7 11 8 11 9 11 4 1 17 6 17 8 17 9 17 3 1 82 6 82 9 82
10 4 0 11 1 11 5 11 8 11 2 1 48 4 48 5 2 67 3 67 4 67 5 67 8 67 5 0 38 2 38 3 38 6 38 7 38 7 0 18 1 18 3 18 4 18 5 18 7 18 9 18 4 1 24 4 24 6 24 7 24 7 0 62 1 62 2 62 3 62 4 62 5 62 6 62 7 0 92 2 92 3 92 5 92 7 92 8 92 9 92 5 0 96 1 96 2 96 7 96 9 96 6 1 81 3 81 5 81 6 81 8 81 9 81
10 7 1 67 2 67 3 67 4 67 5 67 8 67 9 67 6 1 63 2 63 3 63 4 63 5 63 7 63 3 0 93 5 93 8 93 6 1 85 2 85 4 85 7 85 8 85 9 85 5 0 25 1 25 3 25 5 25 7 25 5 0 72 1 72 4 72 5 72 7 72 6 0 51 3 51 5 51 6 51 8 51 9 51 3 4 81 5 81 7 81 4 2 58 3 58 7 58 8 58 7 0 15 1 15 2 15 3 15 4 15 8 15 9 15
10 3 1 30 2 30 9 30 6 1 35 2 35 4 35 6 35 7 35 8 35 6 0 27 1 27 3 27 6 27 7 27 8 27 5 0 82 4 82 6 82 7 82 9 82 5 1 44 2 44 3 44 5 44 8 44 7 1 92 4 92 5 92 6 92 7 92 8 92 9 92 5 0 25 2 25 4 25 6 25 9 25 6 0 49 3 49 4 49 5 49 8 49 9 49 5 1 28 3 28 6 28 7 28 9 28 6 0 77 2 77 3 77 5 77 7 77 8 77
10 8 1 53 2 53 3 53 4 53 5 53 7 53 8 53 9 53 4 0 83 4 83 5 83 8 83 5 0 73 2 73 4 73 7 73 8 73 4 3 26 4 26 5 26 7 26 4 2 77 3 77 5 77 6 77 3 0 33 6 33 7 33 5 3 92 4 92 5 92 8 92 9 92 7 0 99 2 99 3 99 5 99 6 99 7 99 9 99 5 0 38 1 38 2 38 7 38 8 38 1 7 38
10 5 1 20 2 20 3 20 4 20 6 20 1 0 44 5 2 81 4 81 5 81 6 81 8 81 6 0 88 1 88 3 88 5 88 6 88 7 88 5 2 66 3 66 4 66 8 66 9 66 6 1 70 2 70 4 70 6 70 7 70 9 70 4 5 91 6 91 8 91 9 91 3 3 37 8 37 9 37 3 3 55 8 55 9 55 4 0 96 7 96 8 96 9 96
10 2 1 21 5 21 4 1 93 2 93 3 93 7 93 4 2 22 3 22 4 22 7 22 5 0 56 2 56 4 56 5 56 7 56 5 0 34 3 34 5 34 8 34 9 34 7 0 40 2 40 4 40 6 40 7 40 8 40 9 40 4 3 53 5 53 7 53 8 53 2 4 46 9 46 4 2 29 4 29 5 29 8 29 7 0 63 1 63 4 63 5 63 6 63 7 63 8 63
10 7 0 32 1 32 2 32 4 32 5 32 7 32 9 32 4 1 63 2 63 6 63 9 63 5 3 36 4 36 5 36 7 36 8 36 4 0 26 3 26 7 26 8 26 2 3 17 7 17 4 2 85 4 85 5 85 9 85 4 3 15 4 15 6 15 7 15 4 0 55 6 55 7 55 8 55 6 1 16 2 16 4 16 6 16 7 16 9 16 3 5 82 6 82 7 82
10 3 0 73 5 73 9 73 4 2 46 3 46 4 46 9 46 4 3 89 4 89 8 89 9 89 5 1 24 3 24 4 24 5 24 9 24 4 0 99 1 99 2 99 8 99 4 2 92 4 92 6 92 8 92 4 0 7 6 7 7 7 9 7 3 3 51 7 51 9 51 3 3 19 5 19 7 19 6 1 14 2 14 5 14 7 14 8 14 9 14
10 4 0 52 2 52 3 52 8 52 6 1 20 2 20 3 20 5 20 6 20 7 20 6 0 70 2 70 3 70 4 70 6 70 8 70 4 0 98 4 98 7 98 8 98 5 0 23 1 23 2 23 7 23 9 23 3 5 15 8 15 9 15 5 1 81 3 81 7 81 8 81 9 81 6 1 71 4 71 5 71 6 71 8 71 9 71 5 0 24 2 24 3 24 7 24 9 24 6 0 81 1 81 2 81 3 81 5 81 6 81
