10 10
10 2 0 8 3 8 4 0 10 1 10 6 10 7 10 7 2 35 3 35 5 35 6 35 7 35 8 35 9 35 4 3 44 4 44 6 44 8 44 3 3 15 4 15 8 15 2 5 92 6 92 7 0 70 2 70 3 70 5 70 6 70 7 70 8 70 8 0 89 1 89 2 89 3 89 6 89 7 89 8 89 9 89 4 1 50 6 50 8 50 9 50 3 1 12 6 12 9 12
10 4 0 63 1 63 5 63 8 63 3 1 39 4 39 8 39 4 3 80 4 80 5 80 8 80 5 0 22 2 22 5 22 6 22 7 22 7 0 88 1 88 2 88 3 88 5 88 7 88 9 88 4 1 39 4 39 6 39 7 39 8 0 85 1 85 2 85 3 85 4 85 5 85 6 85 9 85 7 0 27 2 27 3 27 6 27 7 27 8 27 9 27 4 0 74 1 74 2 74 7 74 6 1 69 3 69 4 69 5 69 6 69 9 69
10 8 0 52 1 52 2 52 3 52 4 52 5 52 8 52 9 52 6 2 22 3 22 4 22 5 22 6 22 7 22 3 1 33 5 33 8 33 7 1 68 2 68 3 68 4 68 7 68 8 68 9 68 5 0 27 1 27 5 27 7 27 8 27 6 0 68 1 68 2 68 4 68 5 68 7 68 5 0 25 3 25 5 25 8 25 9 25 3 4 34 5 34 7 34 3 2 24 3 24 7 24 7 0 84 1 84 2 84 3 84 4 84 8 84 9 84
10 3 0 31 1 31 9 31 6 1 85 2 85 4 85 6 85 7 85 8 85 6 1 55 3 55 4 55 6 55 7 55 8 55 6 0 80 4 80 6 80 7 80 8 80 9 80 4 1 58 2 58 5 58 8 58 7 1 11 4 11 5 11 6 11 7 11 8 11 9 11 5 0 69 2 69 4 69 6 69 9 69 5 0 56 3 56 4 56 8 56 9 56 4 1 73 3 73 6 73 7 73 5 0 25 2 25 3 25 5 25 7 25
10 9 0 97 1 97 2 97 3 97 4 97 5 97 7 97 8 97 9 97 4 0 98 4 98 5 98 8 98 6 0 87 2 87 4 87 7 87 8 87 9 87 5 3 47 4 47 5 47 7 47 8 47 4 3 77 5 77 6 77 7 77 4 0 90 4 90 6 90 7 90 4 3 98 4 98 8 98 9 98 6 0 80 2 80 3 80 5 80 6 80 7 80 5 0 39 1 39 2 39 7 39 8 39 1 6 40
10 5 1 97 2 97 3 97 4 97 6 97 1 5 68 6 0 44 2 44 4 44 5 44 6 44 8 44 7 0 67 1 67 3 67 5 67 6 67 7 67 9 67 5 2 44 3 44 4 44 8 44 9 44 7 1 85 2 85 4 85 6 85 7 85 8 85 9 85 5 3 78 5 78 6 78 8 78 9 78 4 3 90 6 90 8 90 9 90 3 3 33 7 33 9 33 4 0 81 4 81 8 81 9 81
10 2 0 34 5 34 4 1 76 2 76 3 76 7 76 4 2 48 3 48 7 48 8 48 5 0 61 2 61 4 61 5 61 7 61 4 0 11 5 11 8 11 9 11 6 0 36 2 36 4 36 7 36 8 36 9 36 5 3 33 4 33 5 33 7 33 8 33 3 4 98 6 98 9 98 4 1 7 2 7 4 7 8 7 6 0 44 1 44 4 44 5 44 6 44 7 44
10 6 0 44 2 44 4 44 5 44 7 44 9 44 4 1 5 2 5 6 5 9 5 5 3 85 4 85 5 85 7 85 8 85 4 1 51 3 51 7 51 8 51 2 5 58 7 58 4 2 79 4 79 7 79 9 79 5 2 95 3 95 4 95 6 95 7 95 3 0 48 6 48 7 48 6 1 86 2 86 3 86 4 86 6 86 7 86 4 5 73 6 73 7 73 8 73
10 3 0 24 5 24 9 24 4 1 63 3 63 4 63 9 63 3 4 48 8 48 9 48 6 1 77 3 77 4 77 5 77 7 77 9 77 3 0 73 2 73 8 73 4 2 74 4 74 6 74 8 74 5 0 63 4 63 6 63 7 63 9 63 3 3 17 5 17 7 17 3 2 93 3 93 7 93 6 1 84 2 84 3 84 5 84 7 84 9 84
10 4 0 51 2 51 3 51 8 51 6 1 5 2 5 3 5 5 5 6 5 7 5 5 0 40 2 40 4 40 6 40 8 40 4 0 60 7 60 8 60 9 60 5 0 46 1 46 2 46 7 46 9 46 3 5 58 8 58 9 58 5 1 54 3 54 7 54 8 54 9 54 7 1 72 3 72 4 72 5 72 6 72 8 72 9 72 5 0 29 2 29 3 29 6 29 7 29 6 0 94 1 94 2 94 3 94 5 94 7 94
