10 10
10 3 4 11 5 11 9 11 4 0 93 2 93 3 93 8 93 5 0 48 4 48 5 48 7 48 9 48 7 0 76 2 76 3 76 4 76 5 76 6 76 7 76 4 2 13 3 13 6 13 9 13 5 2 71 3 71 5 71 6 71 9 71 3 3 59 5 59 7 59 6 0 90 2 90 3 90 6 90 7 90 8 90 4 4 10 5 10 6 10 7 10 5 1 65 3 65 5 65 7 65 9 65
10 6 0 52 3 52 6 52 7 52 8 52 9 52 6 1 76 2 76 3 76 5 76 7 76 9 76 4 0 84 2 84 3 84 9 84 5 1 73 5 73 6 73 7 73 8 73 4 2 56 3 56 4 56 5 56 5 2 10 3 10 4 10 5 10 8 10 5 0 26 2 26 3 26 6 26 8 26 5 1 43 2 43 3 43 5 43 6 43 4 0 39 3 39 6 39 9 39 7 0 49 1 49 3 49 5 49 6 49 7 49 8 49
10 5 0 28 6 28 7 28 8 28 9 28 4 0 44 1 44 8 44 9 44 4 0 26 2 26 4 26 7 26 2 6 66 7 66 4 1 68 3 68 4 68 6 68 5 0 74 2 74 3 74 5 74 6 74 5 0 27 3 27 6 27 8 27 9 27 5 0 14 2 14 3 14 6 14 7 14 3 1 6 4 6 6 6 6 0 21 3 21 5 21 6 21 8 21 9 21
10 5 0 18 3 18 6 18 7 18 8 18 3 1 58 3 58 9 58 5 1 62 3 62 4 62 5 62 8 62 6 0 46 1 46 2 46 5 46 7 46 8 46 4 5 25 6 25 8 25 9 25 4 0 6 2 6 3 6 4 6 2 3 60 5 60 4 1 28 3 28 5 28 7 28 6 1 80 2 80 3 80 4 80 6 80 8 80 2 8 30 9 30
10 4 0 78 3 78 4 78 8 78 3 1 47 4 47 9 47 4 3 29 7 29 8 29 9 29 4 2 16 4 16 5 16 6 16 4 0 29 3 29 4 29 5 29 4 1 57 5 57 6 57 9 57 6 1 78 2 78 3 78 4 78 6 78 8 78 5 0 87 2 87 3 87 8 87 9 87 5 3 39 4 39 5 39 6 39 8 39 5 1 73 2 73 3 73 5 73 9 73
10 4 2 66 3 66 4 66 9 66 6 0 51 1 51 5 51 6 51 7 51 8 51 5 2 12 3 12 5 12 8 12 9 12 7 0 64 2 64 3 64 4 64 6 64 7 64 9 64 3 5 67 6 67 8 67 4 1 15 3 15 4 15 6 15 4 0 66 4 66 6 66 8 66 6 2 26 3 26 4 26 5 26 7 26 8 26 5 1 20 4 20 5 20 6 20 8 20 6 0 98 1 98 4 98 6 98 8 98 9 98
10 6 2 23 3 23 4 23 5 23 8 23 9 23 5 2 76 4 76 7 76 8 76 9 76 5 0 45 2 45 5 45 6 45 8 45 4 3 75 4 75 7 75 8 75 5 2 24 4 24 5 24 7 24 9 24 7 0 18 1 18 3 18 4 18 6 18 8 18 9 18 6 2 83 3 83 4 83 5 83 7 83 9 83 8 0 15 1 15 2 15 4 15 5 15 6 15 8 15 9 15 2 1 88 4 88 2 0 17 8 17
10 5 1 56 4 56 5 56 6 56 9 56 7 2 83 4 83 5 83 6 83 7 83 8 83 9 83 4 1 80 3 80 4 80 7 80 6 0 16 2 16 3 16 6 16 8 16 9 16 5 0 31 1 31 3 31 4 31 7 31 8 0 93 1 93 2 93 3 93 4 93 5 93 6 93 7 93 4 0 30 2 30 3 30 4 30 2 2 29 4 29 4 1 66 2 66 6 66 9 66 4 0 28 1 28 2 28 9 28
10 7 0 79 2 79 3 79 4 79 5 79 6 79 9 79 7 0 69 1 69 2 69 4 69 6 69 8 69 9 69 4 1 82 2 82 4 82 5 82 7 0 16 1 16 2 16 3 16 4 16 5 16 9 16 5 1 62 3 62 5 62 7 62 8 62 4 0 41 3 41 6 41 9 41 5 0 91 1 91 5 91 6 91 8 91 5 1 35 3 35 7 35 8 35 9 35 3 0 34 4 34 8 34 3 1 75 3 75 5 75
10 5 0 5 1 5 2 5 3 5 9 5 3 1 19 5 19 7 19 6 1 20 2 20 3 20 5 20 6 20 7 20 7 0 12 1 12 2 12 3 12 4 12 6 12 9 12 4 2 94 4 94 7 94 8 94 5 0 60 5 60 6 60 7 60 9 60 6 0 99 1 99 3 99 6 99 7 99 9 99 7 1 31 2 31 3 31 6 31 7 31 8 31 9 31 7 0 96 1 96 2 96 3 96 4 96 5 96 8 96 3 2 63 8 63 9 63
