10 10
10 3 0 99 4 99 5 99 4 0 74 1 74 2 74 3 74 5 2 49 4 49 5 49 7 49 9 49 7 0 67 2 67 3 67 4 67 5 67 6 67 7 67 5 2 17 3 17 4 17 6 17 9 17 5 2 7 3 7 5 7 6 7 9 7 4 3 9 5 9 6 9 7 9 5 0 39 3 39 6 39 7 39 8 39 4 5 35 6 35 7 35 8 35 4 3 49 5 49 7 49 9 49
10 5 0 49 3 49 6 49 7 49 9 49 6 1 67 2 67 3 67 5 67 7 67 9 67 4 2 82 3 82 4 82 9 82 5 1 92 2 92 5 92 6 92 8 92 5 1 62 2 62 3 62 4 62 5 62 4 2 84 3 84 5 84 8 84 4 0 45 2 45 3 45 8 45 4 1 30 3 30 5 30 6 30 4 0 42 6 42 7 42 9 42 7 0 71 3 71 5 71 6 71 7 71 8 71 9 71
10 5 0 26 6 26 7 26 8 26 9 26 5 0 33 1 33 3 33 8 33 9 33 4 0 82 1 82 2 82 4 82 3 2 98 6 98 7 98 5 1 83 3 83 4 83 5 83 6 83 6 0 16 2 16 3 16 4 16 5 16 6 16 4 0 64 6 64 8 64 9 64 5 0 65 2 65 3 65 6 65 7 65 3 4 36 6 36 9 36 5 3 77 5 77 6 77 8 77 9 77
10 5 0 41 3 41 6 41 7 41 8 41 3 1 62 3 62 9 62 5 1 73 3 73 4 73 5 73 8 73 7 0 94 1 94 2 94 3 94 5 94 7 94 8 94 4 5 51 6 51 8 51 9 51 5 0 46 2 46 3 46 4 46 5 46 2 2 55 3 55 4 1 31 3 31 5 31 9 31 6 1 64 2 64 3 64 4 64 6 64 7 64 2 8 46 9 46
10 4 1 68 3 68 4 68 8 68 3 0 26 4 26 9 26 5 3 50 5 50 7 50 8 50 9 50 5 2 46 3 46 4 46 5 46 6 46 4 0 25 3 25 4 25 5 25 5 1 88 5 88 6 88 7 88 9 88 5 1 6 2 6 4 6 6 6 8 6 4 0 13 3 13 8 13 9 13 5 3 98 4 98 5 98 6 98 9 98 6 1 84 2 84 3 84 5 84 6 84 9 84
10 4 0 24 2 24 3 24 4 24 5 0 80 1 80 5 80 6 80 7 80 5 2 91 3 91 5 91 8 91 9 91 7 0 55 2 55 3 55 4 55 6 55 7 55 9 55 4 1 48 5 48 6 48 8 48 5 1 99 3 99 4 99 6 99 8 99 4 0 72 4 72 6 72 8 72 6 3 91 4 91 5 91 7 91 8 91 9 91 5 4 84 5 84 6 84 7 84 8 84 7 0 12 1 12 4 12 5 12 6 12 8 12 9 12
10 5 2 16 3 16 4 16 5 16 9 16 5 2 13 3 13 4 13 7 13 8 13 4 0 9 2 9 5 9 8 9 5 1 58 3 58 4 58 7 58 8 58 4 2 23 4 23 7 23 9 23 7 0 85 1 85 4 85 6 85 7 85 8 85 9 85 5 2 36 3 36 5 36 7 36 9 36 7 0 89 1 89 4 89 5 89 6 89 8 89 9 89 2 4 71 8 71 2 8 41 9 41
10 5 1 54 2 54 4 54 5 54 6 54 7 0 41 2 41 4 41 5 41 6 41 7 41 9 41 4 1 38 3 38 4 38 7 38 7 0 53 2 53 3 53 4 53 6 53 8 53 9 53 4 0 11 1 11 3 11 7 11 8 0 74 1 74 2 74 3 74 4 74 5 74 6 74 7 74 4 0 88 2 88 4 88 9 88 2 4 46 6 46 5 1 41 2 41 6 41 7 41 9 41 4 1 65 2 65 8 65 9 65
10 6 0 53 2 53 3 53 4 53 5 53 6 53 6 0 50 1 50 2 50 4 50 6 50 9 50 4 1 40 2 40 4 40 5 40 6 0 90 1 90 2 90 3 90 5 90 9 90 4 1 7 3 7 7 7 8 7 4 0 80 5 80 6 80 9 80 5 0 57 1 57 3 57 5 57 8 57 5 1 60 3 60 7 60 8 60 9 60 3 4 91 6 91 8 91 4 1 47 3 47 5 47 8 47
10 5 0 45 1 45 2 45 3 45 9 45 3 0 59 5 59 7 59 6 1 81 3 81 5 81 6 81 7 81 8 81 7 0 99 1 99 2 99 3 99 4 99 6 99 9 99 4 2 71 6 71 7 71 8 71 5 0 19 1 19 6 19 7 19 9 19 6 0 75 1 75 3 75 4 75 7 75 9 75 7 1 77 2 77 3 77 6 77 7 77 8 77 9 77 8 0 94 1 94 2 94 3 94 4 94 5 94 8 94 9 94 4 2 95 5 95 8 95 9 95
