10 10
10 4 0 32 1 32 3 32 6 32 5 0 14 1 14 2 14 4 14 9 14 4 0 15 2 15 8 15 9 15 4 1 37 2 37 3 37 6 37 4 3 18 4 18 5 18 8 18 4 2 43 4 43 5 43 8 43 3 0 19 2 19 6 19 3 2 27 4 27 7 27 5 0 28 2 28 4 28 8 28 9 28 5 1 31 2 31 5 31 8 31 9 31
10 6 0 8 3 8 6 8 7 8 8 8 9 8 4 1 12 3 12 5 12 6 12 4 0 49 2 49 4 49 5 49 6 0 24 3 24 4 24 5 24 8 24 9 24 3 1 52 3 52 9 52 5 2 19 3 19 6 19 8 19 9 19 4 3 23 5 23 7 23 9 23 5 0 19 4 19 5 19 6 19 8 19 5 0 17 2 17 3 17 8 17 9 17 4 1 32 2 32 4 32 7 32
10 4 0 25 3 25 4 25 9 25 2 1 19 7 19 5 0 27 3 27 4 27 7 27 8 27 4 0 45 2 45 7 45 8 45 7 1 21 3 21 5 21 6 21 7 21 8 21 9 21 4 0 15 1 15 4 15 5 15 4 1 13 3 13 5 13 7 13 6 0 16 1 16 2 16 5 16 6 16 7 16 4 0 43 3 43 8 43 9 43 5 1 19 4 19 5 19 7 19 9 19
10 6 0 24 2 24 3 24 7 24 8 24 9 24 4 1 18 2 18 5 18 8 18 6 2 41 3 41 4 41 6 41 7 41 9 41 4 3 29 4 29 6 29 8 29 5 0 14 3 14 4 14 5 14 7 14 6 1 17 2 17 4 17 6 17 7 17 8 17 3 4 23 5 23 8 23 6 0 15 1 15 3 15 6 15 7 15 8 15 5 2 18 3 18 5 18 6 18 9 18 4 1 23 2 23 4 23 9 23
10 7 0 27 2 27 3 27 4 27 5 27 6 27 8 27 6 1 29 4 29 5 29 6 29 7 29 8 29 5 1 39 2 39 5 39 8 39 9 39 6 2 21 3 21 4 21 6 21 7 21 8 21 6 0 15 1 15 3 15 5 15 6 15 7 15 4 0 15 2 15 5 15 7 15 4 6 25 7 25 8 25 9 25 4 0 26 3 26 7 26 8 26 3 2 44 3 44 8 44 2 4 20 7 20
10 8 0 17 1 17 2 17 3 17 4 17 6 17 8 17 9 17 4 0 15 4 15 7 15 9 15 4 2 51 3 51 5 51 6 51 4 0 17 5 17 7 17 8 17 3 2 46 6 46 9 46 6 0 16 2 16 3 16 6 16 7 16 9 16 2 0 33 9 33 3 3 25 4 25 7 25 4 3 30 4 30 5 30 9 30 6 1 25 2 25 4 25 6 25 7 25 9 25
10 3 3 15 4 15 5 15 3 0 31 2 31 3 31 4 0 25 5 25 6 25 7 25 4 3 12 4 12 7 12 9 12 2 2 13 3 13 6 1 51 2 51 4 51 5 51 7 51 9 51 8 0 19 1 19 2 19 3 19 5 19 7 19 8 19 9 19 4 2 21 4 21 7 21 8 21 6 1 12 2 12 3 12 5 12 6 12 9 12 6 0 26 3 26 4 26 5 26 7 26 8 26
10 2 1 8 4 8 6 0 29 1 29 3 29 4 29 6 29 9 29 4 0 25 1 25 2 25 9 25 6 0 15 2 15 3 15 4 15 8 15 9 15 4 1 17 5 17 7 17 8 17 6 0 22 1 22 2 22 5 22 6 22 9 22 6 1 32 3 32 4 32 5 32 7 32 8 32 3 0 20 2 20 5 20 6 0 11 1 11 3 11 4 11 7 11 8 11 4 1 28 3 28 4 28 6 28
10 3 2 41 5 41 8 41 5 0 10 3 10 6 10 7 10 8 10 3 6 32 7 32 8 32 4 5 5 6 5 7 5 9 5 3 3 21 4 21 6 21 4 2 59 5 59 7 59 9 59 6 2 26 3 26 4 26 6 26 7 26 9 26 7 1 10 4 10 5 10 6 10 7 10 8 10 9 10 5 1 16 2 16 3 16 5 16 6 16 2 0 29 8 29
10 3 2 20 3 20 6 20 7 0 7 2 7 3 7 5 7 6 7 7 7 9 7 3 0 44 1 44 5 44 4 0 22 6 22 7 22 8 22 5 0 33 5 33 6 33 7 33 8 33 4 0 25 3 25 4 25 5 25 6 2 29 3 29 5 29 6 29 7 29 9 29 5 1 12 2 12 4 12 5 12 7 12 6 0 14 1 14 2 14 4 14 5 14 8 14 6 0 0 2 0 4 0 6 0 7 0 9 0
