10 10
10 4 0 55 1 55 3 55 6 55 5 0 74 1 74 2 74 4 74 9 74 4 0 45 2 45 8 45 9 45 4 1 23 2 23 3 23 6 23 4 3 76 4 76 5 76 8 76 4 2 19 4 19 5 19 8 19 3 0 18 2 18 6 18 3 2 61 4 61 7 61 5 0 44 2 44 4 44 8 44 9 44 5 1 11 2 11 5 11 8 11 9 11
10 6 0 63 3 63 6 63 7 63 8 63 9 63 4 1 43 3 43 5 43 6 43 3 0 51 2 51 5 51 6 0 18 3 18 4 18 5 18 8 18 9 18 4 1 42 3 42 4 42 9 42 6 2 11 3 11 6 11 7 11 8 11 9 11 4 3 29 5 29 6 29 9 29 5 0 52 4 52 5 52 6 52 8 52 4 0 29 3 29 8 29 9 29 4 2 88 4 88 7 88 8 88
10 4 2 88 3 88 4 88 9 88 1 1 31 5 0 47 3 47 4 47 7 47 8 47 5 0 10 2 10 4 10 7 10 8 10 7 1 62 3 62 5 62 6 62 7 62 8 62 9 62 3 0 60 1 60 5 60 4 3 58 5 58 6 58 7 58 6 0 29 1 29 2 29 5 29 6 29 7 29 4 0 52 3 52 8 52 9 52 5 1 92 4 92 5 92 7 92 9 92
10 6 0 16 2 16 3 16 7 16 8 16 9 16 4 1 71 2 71 5 71 8 71 6 0 55 2 55 4 55 6 55 7 55 9 55 3 3 55 4 55 6 55 4 0 9 3 9 4 9 7 9 5 1 49 4 49 6 49 7 49 8 49 4 4 83 5 83 6 83 8 83 7 0 54 1 54 3 54 5 54 6 54 7 54 8 54 5 2 7 3 7 5 7 6 7 9 7 5 1 57 2 57 4 57 8 57 9 57
10 7 1 7 2 7 3 7 4 7 5 7 6 7 8 7 7 0 41 1 41 4 41 5 41 6 41 7 41 8 41 6 1 92 2 92 4 92 5 92 8 92 9 92 6 2 94 3 94 4 94 6 94 7 94 8 94 6 0 46 1 46 2 46 3 46 6 46 7 46 4 0 79 5 79 6 79 7 79 4 5 34 6 34 7 34 8 34 5 0 38 3 38 7 38 8 38 9 38 3 2 8 3 8 8 8 1 7 18
10 8 0 25 1 25 2 25 3 25 4 25 6 25 8 25 9 25 4 0 5 4 5 7 5 9 5 4 2 89 3 89 4 89 5 89 5 0 94 3 94 5 94 7 94 8 94 3 2 14 6 14 9 14 6 0 94 2 94 3 94 6 94 7 94 9 94 2 0 20 5 20 3 3 23 4 23 9 23 5 3 44 4 44 5 44 8 44 9 44 5 2 39 4 39 6 39 7 39 9 39
10 3 1 24 3 24 5 24 2 0 21 2 21 5 0 47 4 47 5 47 6 47 7 47 5 0 40 3 40 4 40 7 40 9 40 2 2 94 3 94 6 2 71 4 71 5 71 6 71 7 71 9 71 7 0 89 1 89 2 89 3 89 5 89 7 89 9 89 4 2 75 4 75 8 75 9 75 5 1 97 2 97 3 97 5 97 9 97 6 0 15 3 15 4 15 5 15 7 15 8 15
10 1 1 5 6 0 7 1 7 2 7 3 7 4 7 9 7 5 0 74 1 74 2 74 4 74 9 74 5 0 28 2 28 4 28 8 28 9 28 4 1 72 3 72 5 72 7 72 5 0 61 1 61 5 61 6 61 9 61 6 1 9 3 9 4 9 5 9 7 9 8 9 3 0 53 2 53 8 53 7 0 32 1 32 3 32 4 32 7 32 8 32 9 32 3 3 97 4 97 6 97
10 3 0 34 5 34 8 34 5 0 52 2 52 3 52 7 52 8 52 3 3 37 6 37 7 37 5 4 6 5 6 6 6 7 6 9 6 4 1 94 3 94 4 94 6 94 4 2 6 5 6 6 6 7 6 5 2 56 4 56 6 56 7 56 9 56 6 4 41 5 41 6 41 7 41 8 41 9 41 5 1 5 2 5 3 5 5 5 6 5 2 0 16 8 16
10 4 0 77 2 77 3 77 6 77 6 0 74 2 74 3 74 5 74 6 74 7 74 3 0 82 1 82 3 82 5 0 10 4 10 6 10 7 10 8 10 5 0 29 1 29 5 29 7 29 8 29 4 0 15 3 15 4 15 5 15 6 2 51 3 51 5 51 6 51 7 51 9 51 5 1 65 2 65 5 65 7 65 8 65 6 0 37 2 37 4 37 5 37 8 37 9 37 5 2 21 4 21 6 21 7 21 9 21
