10 10
10 5 0 36 1 36 2 36 7 36 8 36 5 0 96 1 96 2 96 5 96 6 96 4 1 86 2 86 3 86 9 86 5 0 7 2 7 3 7 5 7 6 7 6 0 20 2 20 3 20 4 20 5 20 9 20 4 0 9 3 9 5 9 8 9 4 1 39 3 39 6 39 8 39 4 0 79 1 79 5 79 7 79 5 1 82 2 82 5 82 7 82 8 82 4 2 24 4 24 6 24 9 24
10 3 0 16 1 16 5 16 1 8 95 4 2 67 3 67 4 67 7 67 4 1 63 4 63 5 63 8 63 4 2 87 6 87 7 87 9 87 7 1 24 3 24 4 24 5 24 7 24 8 24 9 24 3 1 62 3 62 9 62 7 0 49 1 49 2 49 6 49 7 49 8 49 9 49 7 0 92 1 92 2 92 3 92 4 92 6 92 7 92 6 0 16 2 16 4 16 5 16 7 16 9 16
10 7 0 65 1 65 2 65 3 65 5 65 7 65 9 65 8 0 71 1 71 2 71 4 71 6 71 7 71 8 71 9 71 6 0 9 1 9 3 9 5 9 7 9 9 9 5 0 67 1 67 3 67 5 67 6 67 3 5 70 7 70 8 70 6 0 48 2 48 3 48 4 48 5 48 9 48 3 2 49 5 49 6 49 3 1 66 4 66 7 66 5 0 5 1 5 4 5 7 5 9 5 5 0 96 2 96 4 96 7 96 9 96
10 6 0 50 1 50 3 50 5 50 7 50 8 50 6 0 31 1 31 4 31 5 31 7 31 8 31 2 2 6 4 6 3 0 13 8 13 9 13 7 0 98 1 98 3 98 4 98 5 98 7 98 8 98 4 2 97 3 97 7 97 8 97 7 0 93 1 93 2 93 3 93 4 93 5 93 6 93 5 1 30 3 30 4 30 6 30 9 30 2 3 34 9 34 3 1 83 2 83 4 83
10 4 0 99 3 99 4 99 9 99 3 1 7 5 7 7 7 4 1 55 5 55 8 55 9 55 3 2 78 6 78 8 78 6 1 68 2 68 4 68 7 68 8 68 9 68 2 4 81 7 81 4 1 90 3 90 7 90 9 90 5 2 75 3 75 5 75 7 75 8 75 3 1 66 6 66 7 66 1 6 40
10 4 1 42 2 42 3 42 4 42 4 0 11 4 11 5 11 7 11 4 0 5 2 5 4 5 6 5 3 0 39 7 39 9 39 4 0 10 2 10 3 10 4 10 3 0 30 8 30 9 30 1 3 39 4 1 50 6 50 7 50 9 50 5 1 20 2 20 3 20 6 20 7 20 4 4 51 6 51 7 51 9 51
10 5 0 38 3 38 4 38 6 38 8 38 6 2 68 3 68 4 68 5 68 6 68 9 68 3 4 86 8 86 9 86 4 1 77 4 77 5 77 7 77 3 0 32 8 32 9 32 4 1 89 2 89 5 89 9 89 7 0 37 1 37 2 37 3 37 4 37 6 37 7 37 6 1 53 2 53 4 53 5 53 6 53 7 53 5 0 43 1 43 3 43 7 43 8 43 2 3 89 5 89
10 4 0 19 2 19 5 19 8 19 4 0 11 3 11 7 11 9 11 4 0 37 3 37 4 37 5 37 7 0 41 1 41 2 41 4 41 5 41 6 41 7 41 5 0 72 1 72 3 72 5 72 7 72 6 0 7 2 7 5 7 6 7 7 7 9 7 3 0 52 1 52 2 52 6 1 31 2 31 3 31 4 31 6 31 7 31 5 1 68 3 68 4 68 5 68 8 68 5 0 10 2 10 4 10 7 10 8 10
10 4 0 83 2 83 3 83 7 83 4 1 21 4 21 6 21 7 21 6 0 23 1 23 2 23 3 23 6 23 9 23 6 2 87 4 87 5 87 6 87 7 87 9 87 5 0 58 2 58 4 58 8 58 9 58 7 0 89 1 89 4 89 6 89 7 89 8 89 9 89 6 0 74 1 74 2 74 4 74 5 74 7 74 4 1 29 2 29 5 29 7 29 3 2 74 6 74 8 74 4 0 23 1 23 3 23 9 23
10 4 0 44 2 44 3 44 7 44 4 1 57 2 57 5 57 8 57 3 1 69 2 69 4 69 7 0 50 1 50 2 50 5 50 7 50 8 50 9 50 2 1 65 7 65 7 0 69 1 69 3 69 4 69 5 69 6 69 7 69 3 0 60 2 60 8 60 6 0 58 1 58 2 58 3 58 7 58 8 58 4 1 89 2 89 6 89 7 89 5 3 13 6 13 7 13 8 13 9 13
