50 60
5 4 0 21 1 20 2 14 3 14 44 4 13 5 26 6 28 7 26 8 10 9 10 10 24 11 12 12 30 13 21 14 14 15 15 16 12 17 12 18 12 19 14 20 28 21 23 22 30 23 12 24 17 25 11 26 23 27 13 28 19 29 25 30 27 31 30 32 21 33 18 34 28 35 21 36 18 37 26 38 15 39 12 40 29 41 20 42 19 43 23 52 21 53 15 54 29 55 27 52 4 23 5 26 6 24 7 17 8 19 9 28 10 30 11 26 12 29 13 10 14 24 15 16 16 11 17 23 18 28 19 22 20 10 21 22 22 13 23 13 24 11 25 26 26 10 27 22 28 20 29 10 30 10 31 20 32 25 33 23 34 22 35 10 36 13 37 15 38 18 39 13 40 28 41 28 42 23 43 16 44 28 45 27 46 28 47 21 48 21 49 21 50 26 51 23 52 17 53 28 54 15 55 27 52 4 11 5 14 6 30 7 28 8 16 9 24 10 12 11 23 12 15 13 29 14 10 15 27 16 23 17 26 18 14 19 25 20 30 21 28 22 20 23 28 24 12 25 14 26 24 27 20 28 30 29 23 30 30 31 26 32 27 33 22 34 20 35 23 36 21 37 22 38 27 39 23 40 18 41 10 42 18 43 30 44 20 45 29 46 30 47 13 48 17 49 27 50 24 51 22 52 29 53 13 54 15 55 28 4 56 27 57 27 58 20 59 25
5 4 0 13 1 22 2 28 3 30 32 8 20 9 21 10 22 11 10 16 29 17 30 18 25 19 29 20 28 21 28 22 12 23 25 24 12 25 10 26 23 27 28 28 15 29 16 30 20 31 11 32 30 33 24 34 29 35 10 36 29 37 27 38 14 39 24 40 21 41 10 42 10 43 24 28 8 16 9 14 10 14 11 14 12 25 13 28 14 29 15 18 16 16 17 10 18 19 19 23 36 21 37 10 38 26 39 29 40 16 41 26 42 25 43 25 44 27 45 18 46 10 47 14 48 19 49 18 50 27 51 25 12 20 15 21 10 22 11 23 22 28 15 29 11 30 10 31 12 36 21 37 19 38 18 39 22 4 56 26 57 17 58 12 59 21
5 4 0 16 1 19 2 24 3 11 52 4 24 5 20 6 28 7 12 8 18 9 12 10 14 11 29 12 13 13 27 14 27 15 22 16 24 17 15 18 10 19 27 20 12 21 12 22 21 23 23 24 27 25 29 26 22 27 18 28 26 29 13 30 22 31 14 32 16 33 18 34 29 35 17 36 29 37 12 38 19 39 15 40 26 41 19 42 15 43 13 44 28 45 30 46 11 47 15 48 16 49 19 50 23 51 30 52 11 53 30 54 10 55 18 36 4 15 5 16 6 19 7 21 8 21 9 16 10 19 11 29 12 19 13 25 14 26 15 14 16 13 17 14 18 28 19 27 20 22 21 19 22 23 23 28 24 26 25 25 26 24 27 28 32 19 33 25 34 27 35 11 36 13 37 12 38 10 39 14 44 17 45 18 46 15 47 30 40 4 26 5 29 6 30 7 28 12 17 13 11 14 16 15 24 16 15 17 23 18 15 19 26 24 21 25 16 26 12 27 23 28 11 29 20 30 23 31 17 32 17 33 30 34 17 35 11 36 12 37 19 38 30 39 15 40 16 41 17 42 16 43 29 44 28 45 29 46 24 47 30 52 14 53 19 54 23 55 29 4 56 24 57 18 58 29 59 26
5 4 0 27 1 29 2 23 3 11 4 40 15 41 19 42 18 43 24 20 8 18 9 13 10 16 11 22 16 10 17 10 18 21 19 11 20 27 21 13 22 29 23 13 32 12 33 20 34 25 35 29 36 14 37 12 38 10 39 14 48 4 23 5 30 6 24 7 10 8 19 9 24 10 13 11 26 12 20 13 19 14 26 15 26 16 16 17 25 18 12 19 30 20 21 21 14 22 23 23 25 24 20 25 11 26 24 27 14 28 26 29 13 30 20 31 23 32 27 33 22 34 24 35 12 40 12 41 20 42 20 43 24 44 28 45 26 46 16 47 20 48 22 49 21 50 19 51 13 52 14 53 21 54 20 55 21 4 56 21 57 23 58 24 59 17
5 4 0 26 1 10 2 27 3 11 36 4 30 5 29 6 28 7 13 8 12 9 11 10 25 11 22 12 25 13 15 14 19 15 12 16 13 17 10 18 16 19 17 20 12 21 17 22 20 23 27 24 17 25 10 26 19 27 11 28 27 29 20 30 28 31 15 36 14 37 27 38 23 39 24 48 25 49 26 50 17 51 30 32 4 15 5 26 6 28 7 26 8 24 9 18 10 12 11 20 12 19 13 13 14 27 15 26 32 16 33 24 34 16 35 11 40 10 41 10 42 12 43 26 44 19 45 14 46 13 47 26 48 14 49 11 50 27 51 26 52 27 53 28 54 10 55 30 20 8 19 9 13 10 24 11 27 12 24 13 17 14 29 15 24 16 16 17 13 18 14 19 11 24 22 25 16 26 30 27 18 52 27 53 30 54 30 55 19 4 56 20 57 20 58 29 59 16
5 4 0 28 1 17 2 26 3 26 36 4 13 5 21 6 14 7 24 8 24 9 16 10 17 11 20 12 24 13 30 14 12 15 22 16 27 17 25 18 22 19 11 24 27 25 21 26 29 27 13 32 27 33 16 34 19 35 30 40 22 41 29 42 23 43 12 48 19 49 26 50 11 51 19 52 26 53 14 54 20 55 27 36 4 14 5 17 6 22 7 22 8 15 9 20 10 22 11 24 12 15 13 16 14 19 15 22 16 17 17 24 18 14 19 23 24 15 25 26 26 18 27 27 32 26 33 29 34 23 35 27 40 21 41 24 42 29 43 29 44 23 45 14 46 26 47 30 52 13 53 28 54 28 55 18 28 8 14 9 28 10 22 11 21 16 22 17 30 18 27 19 22 20 23 21 15 22 29 23 20 28 10 29 12 30 11 31 26 32 20 33 19 34 13 35 17 40 12 41 16 42 10 43 16 44 19 45 28 46 15 47 12 4 56 25 57 14 58 26 59 18
5 4 0 17 1 22 2 29 3 21 32 4 26 5 23 6 21 7 29 12 19 13 29 14 24 15 14 24 22 25 28 26 15 27 29 28 30 29 18 30 19 31 23 36 25 37 25 38 17 39 12 40 24 41 19 42 19 43 29 44 10 45 17 46 29 47 11 52 29 53 17 54 18 55 20 12 4 27 5 21 6 23 7 18 24 30 25 27 26 28 27 23 52 23 53 27 54 26 55 10 4 12 18 13 15 14 17 15 13 4 56 17 57 18 58 17 59 15
5 4 0 23 1 21 2 13 3 30 44 4 13 5 10 6 26 7 28 8 26 9 28 10 28 11 22 12 11 13 30 14 12 15 25 20 17 21 11 22 17 23 26 24 24 25 24 26 29 27 28 28 26 29 24 30 24 31 10 36 14 37 11 38 12 39 22 40 28 41 26 42 29 43 14 44 28 45 21 46 20 47 29 48 24 49 16 50 14 51 22 52 22 53 24 54 16 55 16 44 4 19 5 26 6 16 7 23 8 15 9 23 10 11 11 26 12 21 13 25 14 24 15 26 16 16 17 27 18 11 19 20 20 20 21 14 22 17 23 28 24 16 25 16 26 28 27 29 28 19 29 27 30 21 31 20 32 26 33 24 34 14 35 18 36 10 37 11 38 24 39 18 40 25 41 30 42 15 43 12 52 22 53 30 54 22 55 28 28 4 12 5 20 6 25 7 13 12 12 13 14 14 29 15 11 20 13 21 14 22 25 23 25 24 29 25 19 26 22 27 20 28 19 29 30 30 18 31 15 32 24 33 11 34 16 35 24 48 18 49 28 50 15 51 17 4 56 23 57 17 58 19 59 23
5 4 0 11 1 21 2 22 3 19 24 4 28 5 12 6 19 7 21 16 26 17 14 18 23 19 25 20 26 21 20 22 17 23 11 32 26 33 19 34 29 35 26 36 29 37 16 38 17 39 29 44 13 45 18 46 23 47 21 8 4 24 5 16 6 14 7 12 32 27 33 13 34 27 35 13 40 8 12 9 15 10 12 11 27 12 25 13 22 14 14 15 29 20 19 21 27 22 25 23 12 24 29 25 21 26 16 27 18 28 14 29 16 30 16 31 28 32 15 33 11 34 19 35 15 36 23 37 11 38 26 39 27 40 16 41 24 42 24 43 21 48 18 49 10 50 30 51 10 52 15 53 22 54 22 55 22 4 56 20 57 25 58 28 59 20
5 4 0 13 1 29 2 15 3 25 44 4 18 5 21 6 26 7 25 12 23 13 16 14 25 15 18 16 20 17 11 18 22 19 25 24 27 25 11 26 19 27 20 28 28 29 26 30 30 31 11 32 16 33 13 34 28 35 16 36 30 37 28 38 24 39 12 40 28 41 21 42 11 43 19 44 10 45 29 46 16 47 19 48 18 49 15 50 17 51 21 52 29 53 21 54 18 55 17 4 28 24 29 18 30 13 31 14 36 8 12 9 24 10 30 11 17 12 18 13 19 14 25 15 25 20 30 21 29 22 21 23 17 28 25 29 21 30 18 31 14 32 18 33 21 34 29 35 18 36 11 37 21 38 19 39 25 44 29 45 21 46 18 47 27 48 18 49 21 50 29 51 24 52 19 53 23 54 29 55 26 4 56 10 57 30 58 22 59 26
5 4 0 17 1 29 2 14 3 28 16 12 20 13 27 14 29 15 17 32 27 33 19 34 16 35 27 36 12 37 18 38 27 39 23 52 16 53 23 54 17 55 29 24 4 29 5 24 6 11 7 16 12 29 13 24 14 19 15 10 16 17 17 11 18 23 19 25 20 17 21 20 22 12 23 13 24 21 25 17 26 18 27 12 40 24 41 23 42 17 43 27 32 8 15 9 17 10 20 11 22 12 25 13 29 14 28 15 14 16 25 17 29 18 29 19 18 20 14 21 30 22 13 23 12 28 27 29 24 30 13 31 18 44 10 45 22 46 25 47 26 48 16 49 30 50 15 51 19 52 25 53 25 54 17 55 22 4 56 22 57 18 58 12 59 24
5 4 0 19 1 26 2 21 3 10 40 8 21 9 12 10 29 11 10 12 20 13 13 14 25 15 18 16 22 17 20 18 16 19 16 20 23 21 26 22 17 23 26 24 29 25 29 26 10 27 25 28 28 29 19 30 22 31 27 32 30 33 14 34 23 35 30 36 20 37 10 38 24 39 17 40 25 41 30 42 27 43 27 44 18 45 17 46 29 47 13 24 4 12 5 17 6 29 7 16 12 18 13 28 14 25 15 19 28 13 29 13 30 30 31 20 36 22 37 24 38 30 39 20 44 21 45 14 46 22 47 18 52 13 53 19 54 12 55 24 32 8 30 9 15 10 16 11 26 12 29 13 23 14 27 15 15 16 17 17 28 18 21 19 11 24 16 25 10 26 22 27 30 28 20 29 12 30 13 31 22 44 13 45 16 46 14 47 27 48 14 49 13 50 10 51 24 52 23 53 12 54 25 55 22 4 56 22 57 10 58 23 59 18
5 4 0 11 1 12 2 17 3 16 44 4 20 5 16 6 15 7 21 8 19 9 30 10 27 11 30 12 30 13 11 14 20 15 29 16 23 17 27 18 15 19 30 24 18 25 26 26 20 27 24 28 18 29 29 30 14 31 25 32 20 33 20 34 20 35 25 36 17 37 25 38 25 39 16 40 19 41 19 42 10 43 22 44 15 45 24 46 29 47 23 52 29 53 14 54 19 55 16 20 4 29 5 29 6 14 7 26 8 20 9 26 10 25 11 21 32 21 33 14 34 19 35 19 36 12 37 20 38 14 39 26 48 24 49 26 50 30 51 30 32 4 22 5 15 6 23 7 18 8 12 9 10 10 10 11 24 16 11 17 22 18 20 19 18 20 28 21 10 22 15 23 19 24 16 25 23 26 23 27 24 40 26 41 10 42 15 43 21 44 19 45 30 46 12 47 20 52 30 53 14 54 14 55 12 4 56 28 57 10 58 29 59 20
5 4 0 29 1 18 2 27 3 13 36 4 20 5 13 6 12 7 28 8 14 9 17 10 21 11 15 20 21 21 19 22 25 23 11 28 10 29 22 30 14 31 25 32 29 33 17 34 20 35 27 36 25 37 12 38 15 39 17 44 21 45 22 46 22 47 21 48 29 49 16 50 22 51 22 52 12 53 19 54 29 55 17 16 24 27 25 20 26 17 27 23 40 25 41 19 42 10 43 26 44 11 45 21 46 30 47 24 52 21 53 29 54 11 55 13 44 4 24 5 24 6 26 7 30 8 28 9 12 10 22 11 18 12 20 13 18 14 16 15 26 20 25 21 24 22 15 23 29 24 21 25 30 26 10 27 18 28 24 29 30 30 21 31 18 32 12 33 12 34 29 35 27 36 10 37 12 38 20 39 13 44 22 45 17 46 21 47 17 48 28 49 22 50 12 51 14 52 26 53 12 54 26 55 18 4 56 20 57 13 58 23 59 17
5 4 0 30 1 30 2 21 3 27 16 20 20 21 19 22 18 23 15 24 18 25 17 26 16 27 15 28 10 29 24 30 19 31 17 36 11 37 11 38 24 39 16 16 8 16 9 12 10 17 11 27 20 17 21 24 22 12 23 28 32 12 33 13 34 14 35 11 44 22 45 27 46 27 47 30 52 4 16 5 22 6 24 7 18 8 28 9 23 10 26 11 28 12 25 13 28 14 26 15 10 16 17 17 17 18 30 19 12 20 24 21 26 22 12 23 10 24 13 25 23 26 12 27 21 28 30 29 21 30 24 31 17 32 22 33 13 34 22 35 21 36 10 37 25 38 22 39 24 40 23 41 12 42 14 43 25 44 30 45 26 46 23 47 22 48 15 49 27 50 22 51 25 52 17 53 30 54 14 55 10 4 56 24 57 26 58 23 59 23
5 4 0 28 1 11 2 26 3 25 48 4 30 5 27 6 18 7 26 8 13 9 13 10 11 11 28 12 14 13 13 14 11 15 24 16 14 17 28 18 24 19 13 20 26 21 15 22 17 23 26 24 18 25 22 26 23 27 11 28 22 29 25 30 19 31 17 32 19 33 10 34 29 35 30 40 22 41 29 42 22 43 13 44 11 45 18 46 10 47 10 48 23 49 19 50 18 51 10 52 12 53 24 54 18 55 21 24 16 30 17 15 18 30 19 19 20 30 21 20 22 27 23 17 24 22 25 20 26 15 27 29 28 19 29 13 30 15 31 20 32 27 33 26 34 10 35 23 48 24 49 13 50 26 51 15 28 8 27 9 28 10 13 11 28 16 20 17 25 18 25 19 10 20 30 21 10 22 14 23 22 24 17 25 27 26 17 27 25 32 16 33 19 34 21 35 19 40 21 41 27 42 16 43 23 52 20 53 26 54 23 55 22 4 56 29 57 16 58 19 59 21
5 4 0 13 1 13 2 27 3 27 44 4 25 5 27 6 20 7 13 8 18 9 24 10 13 11 20 12 15 13 22 14 20 15 20 16 15 17 15 18 19 19 13 20 17 21 13 22 29 23 27 28 28 29 26 30 20 31 23 32 29 33 13 34 20 35 29 40 23 41 10 42 23 43 12 44 13 45 18 46 29 47 20 48 11 49 22 50 22 51 22 52 15 53 12 54 27 55 19 12 8 20 9 14 10 13 11 22 12 16 13 16 14 28 15 14 32 29 33 23 34 12 35 26 12 16 14 17 15 18 29 19 10 48 15 49 15 50 24 51 19 52 30 53 18 54 28 55 26 4 56 12 57 16 58 28 59 10
5 4 0 25 1 28 2 26 3 27 52 4 12 5 25 6 13 7 26 8 30 9 20 10 20 11 17 12 24 13 24 14 24 15 15 16 26 17 22 18 23 19 27 20 18 21 18 22 13 23 15 24 26 25 20 26 25 27 24 28 18 29 29 30 17 31 25 32 24 33 14 34 21 35 18 36 20 37 30 38 29 39 18 40 28 41 25 42 23 43 14 44 14 45 12 46 30 47 16 48 11 49 13 50 27 51 19 52 22 53 25 54 22 55 25 12 4 13 5 14 6 15 7 23 16 13 17 10 18 15 19 11 36 11 37 11 38 25 39 24 12 4 18 5 19 6 20 7 10 28 26 29 14 30 23 31 17 40 23 41 30 42 20 43 24 4 56 19 57 18 58 17 59 11
5 4 0 15 1 27 2 17 3 14 20 4 16 5 29 6 18 7 22 16 23 17 29 18 24 19 23 28 12 29 18 30 12 31 10 32 12 33 30 34 17 35 16 52 20 53 29 54 26 55 25 28 4 23 5 10 6 13 7 27 8 19 9 20 10 14 11 22 12 20 13 21 14 11 15 28 16 16 17 17 18 17 19 13 20 28 21 19 22 23 23 24 44 23 45 15 46 17 47 15 48 22 49 25 50 27 51 17 4 8 13 9 19 10 28 11 19 4 56 16 57 25 58 10 59 21
5 4 0 10 1 29 2 13 3 18 4 24 19 25 24 26 26 27 13 40 4 13 5 10 6 11 7 25 8 17 9 28 10 28 11 28 16 19 17 27 18 29 19 13 20 30 21 16 22 21 23 16 24 17 25 17 26 28 27 11 28 15 29 26 30 30 31 24 36 20 37 10 38 21 39 12 40 23 41 20 42 22 43 26 44 25 45 26 46 18 47 26 48 18 49 10 50 25 51 20 4 36 27 37 19 38 20 39 20 4 56 10 57 18 58 25 59 27
5 4 0 10 1 20 2 20 3 23 4 16 24 17 10 18 26 19 24 52 4 15 5 27 6 12 7 10 8 26 9 16 10 29 11 30 12 26 13 15 14 18 15 28 16 25 17 15 18 11 19 13 20 15 21 26 22 18 23 22 24 10 25 10 26 20 27 21 28 23 29 15 30 13 31 29 32 25 33 24 34 19 35 16 36 13 37 29 38 30 39 24 40 22 41 27 42 26 43 28 44 12 45 29 46 26 47 25 48 30 49 22 50 24 51 13 52 14 53 23 54 15 55 18 24 8 12 9 28 10 25 11 15 12 16 13 28 14 23 15 22 20 23 21 30 22 12 23 28 32 26 33 17 34 28 35 15 44 14 45 14 46 25 47 15 52 14 53 13 54 14 55 14 4 56 10 57 15 58 25 59 16
5 4 0 23 1 15 2 27 3 15 32 4 10 5 19 6 19 7 25 8 23 9 19 10 12 11 13 24 16 25 22 26 28 27 26 28 15 29 15 30 13 31 24 32 10 33 18 34 15 35 28 36 17 37 22 38 27 39 22 44 28 45 29 46 27 47 30 52 15 53 18 54 19 55 10 32 8 17 9 26 10 13 11 28 16 18 17 22 18 18 19 23 20 18 21 13 22 28 23 17 24 24 25 23 26 18 27 10 28 29 29 11 30 19 31 23 32 11 33 29 34 19 35 24 36 16 37 27 38 16 39 21 44 26 45 20 46 28 47 12 12 8 26 9 17 10 24 11 11 20 25 21 11 22 20 23 18 24 16 25 14 26 28 27 16 4 56 14 57 12 58 20 59 27
5 4 0 23 1 25 2 21 3 25 24 4 15 5 10 6 18 7 30 12 22 13 15 14 24 15 25 24 18 25 13 26 11 27 19 28 12 29 19 30 15 31 13 32 10 33 24 34 27 35 20 36 26 37 30 38 13 39 13 36 8 21 9 17 10 12 11 25 12 26 13 24 14 12 15 25 16 21 17 14 18 16 19 15 20 17 21 14 22 26 23 14 28 20 29 17 30 15 31 22 32 30 33 19 34 29 35 16 36 27 37 19 38 12 39 30 48 18 49 15 50 18 51 20 52 27 53 20 54 30 55 24 40 4 19 5 15 6 27 7 21 8 30 9 11 10 23 11 28 12 29 13 23 14 15 15 20 16 30 17 27 18 28 19 14 20 22 21 13 22 25 23 20 24 13 25 13 26 27 27 15 28 30 29 11 30 28 31 22 32 26 33 15 34 29 35 29 36 16 37 22 38 18 39 14 52 24 53 12 54 19 55 16 4 56 29 57 16 58 25 59 25
5 4 0 27 1 19 2 17 3 25 16 12 18 13 27 14 24 15 19 16 22 17 24 18 24 19 19 20 13 21 19 22 27 23 23 44 16 45 23 46 14 47 20 36 8 27 9 30 10 12 11 21 12 26 13 22 14 16 15 19 16 27 17 26 18 24 19 16 24 12 25 25 26 14 27 19 28 17 29 18 30 12 31 30 36 18 37 24 38 25 39 20 44 11 45 20 46 28 47 18 48 19 49 11 50 19 51 19 52 23 53 14 54 18 55 29 16 12 13 13 29 14 24 15 19 16 17 17 27 18 28 19 23 32 28 33 22 34 20 35 28 36 18 37 19 38 22 39 17 4 56 28 57 13 58 19 59 11
5 4 0 28 1 20 2 14 3 14 48 4 20 5 24 6 10 7 27 8 22 9 11 10 16 11 29 12 25 13 21 14 11 15 13 16 13 17 13 18 30 19 27 20 29 21 30 22 28 23 15 28 25 29 12 30 19 31 21 32 20 33 22 34 13 35 19 36 12 37 20 38 30 39 10 40 20 41 23 42 10 43 10 44 24 45 22 46 26 47 26 48 16 49 25 50 29 51 23 52 29 53 28 54 18 55 18 24 12 29 13 16 14 20 15 30 16 15 17 12 18 11 19 29 28 24 29 19 30 25 31 15 32 12 33 11 34 23 35 26 40 22 41 26 42 18 43 12 48 14 49 11 50 28 51 16 40 4 27 5 26 6 17 7 20 8 12 9 13 10 19 11 19 20 21 21 27 22 13 23 15 24 12 25 19 26 29 27 25 28 14 29 20 30 16 31 25 32 22 33 26 34 25 35 15 36 22 37 12 38 25 39 14 40 19 41 16 42 24 43 21 44 11 45 28 46 16 47 13 48 11 49 19 50 27 51 16 4 56 26 57 30 58 13 59 25
5 4 0 19 1 26 2 12 3 14 4 8 19 9 16 10 21 11 28 24 4 12 5 24 6 22 7 21 8 18 9 14 10 11 11 20 12 24 13 13 14 16 15 28 16 12 17 16 18 27 19 25 24 20 25 28 26 14 27 16 40 11 41 27 42 22 43 30 40 8 12 9 23 10 28 11 14 12 25 13 15 14 21 15 20 16 13 17 14 18 15 19 30 20 16 21 23 22 10 23 10 28 30 29 17 30 28 31 29 32 24 33 24 34 19 35 16 36 27 37 17 38 28 39 15 40 19 41 26 42 30 43 18 48 10 49 10 50 26 51 28 52 26 53 13 54 20 55 13 4 56 30 57 13 58 29 59 24
5 4 0 15 1 29 2 26 3 11 4 44 18 45 22 46 21 47 14 36 12 29 13 26 14 10 15 16 16 12 17 17 18 14 19 14 20 23 21 18 22 19 23 26 24 28 25 17 26 19 27 17 28 16 29 26 30 26 31 10 32 10 33 14 34 15 35 24 36 15 37 28 38 11 39 22 40 11 41 30 42 25 43 20 44 21 45 14 46 24 47 29 4 20 21 21 19 22 27 23 17 4 56 19 57 22 58 24 59 13
5 4 0 17 1 25 2 16 3 20 48 4 10 5 14 6 24 7 25 8 14 9 24 10 20 11 14 12 24 13 18 14 19 15 20 16 14 17 27 18 12 19 25 20 21 21 12 22 12 23 20 24 15 25 10 26 12 27 17 28 28 29 25 30 30 31 22 32 29 33 16 34 14 35 13 36 22 37 10 38 13 39 29 44 16 45 22 46 12 47 11 48 19 49 30 50 22 51 24 52 25 53 27 54 26 55 10 40 4 29 5 20 6 27 7 16 16 22 17 13 18 10 19 23 20 20 21 28 22 23 23 14 24 14 25 27 26 12 27 23 32 29 33 23 34 25 35 21 36 12 37 25 38 16 39 29 40 25 41 20 42 26 43 13 44 18 45 20 46 28 47 23 48 25 49 16 50 23 51 14 52 10 53 12 54 25 55 21 4 8 23 9 18 10 26 11 10 4 56 28 57 29 58 15 59 11
5 4 0 24 1 19 2 15 3 24 44 4 27 5 27 6 30 7 18 8 30 9 16 10 21 11 17 12 10 13 23 14 13 15 27 16 11 17 29 18 28 19 24 20 29 21 10 22 22 23 26 24 14 25 17 26 17 27 22 28 17 29 13 30 14 31 13 32 20 33 16 34 25 35 14 36 30 37 10 38 16 39 18 48 30 49 21 50 27 51 15 52 14 53 29 54 11 55 16 20 16 15 17 26 18 20 19 18 20 22 21 30 22 21 23 24 24 23 25 29 26 11 27 22 28 23 29 27 30 16 31 23 48 21 49 23 50 14 51 26 32 8 17 9 21 10 13 11 25 12 30 13 11 14 16 15 27 16 18 17 14 18 18 19 22 20 20 21 19 22 17 23 12 24 21 25 18 26 11 27 28 36 10 37 10 38 30 39 30 44 14 45 11 46 21 47 24 48 22 49 13 50 20 51 14 4 56 17 57 10 58 30 59 14
5 4 0 15 1 26 2 18 3 24 44 12 15 13 19 14 29 15 13 16 28 17 29 18 26 19 11 20 26 21 23 22 29 23 29 24 28 25 13 26 20 27 22 28 12 29 21 30 19 31 25 32 24 33 22 34 14 35 11 36 14 37 30 38 18 39 25 40 21 41 14 42 12 43 12 44 11 45 22 46 23 47 18 48 10 49 24 50 29 51 17 52 15 53 19 54 28 55 17 36 8 11 9 29 10 14 11 30 12 21 13 19 14 26 15 25 16 17 17 25 18 27 19 28 20 14 21 21 22 18 23 15 28 24 29 13 30 18 31 29 32 15 33 25 34 10 35 14 40 26 41 23 42 27 43 11 48 27 49 22 50 10 51 23 52 16 53 30 54 11 55 18 12 8 18 9 21 10 25 11 24 16 14 17 24 18 15 19 24 32 20 33 14 34 20 35 21 4 56 27 57 18 58 10 59 13
5 4 0 14 1 25 2 24 3 14 32 8 26 9 13 10 10 11 23 12 11 13 22 14 13 15 18 20 10 21 28 22 16 23 22 24 24 25 19 26 12 27 21 28 22 29 13 30 30 31 18 32 18 33 28 34 13 35 19 36 19 37 16 38 28 39 11 44 30 45 20 46 27 47 20 28 16 23 17 27 18 11 19 18 20 12 21 27 22 30 23 10 28 25 29 13 30 25 31 28 36 25 37 30 38 20 39 27 40 21 41 22 42 10 43 23 48 22 49 13 50 20 51 29 52 26 53 12 54 27 55 10 20 4 13 5 18 6 19 7 11 8 13 9 26 10 19 11 11 32 25 33 24 34 28 35 24 44 21 45 21 46 22 47 23 48 15 49 12 50 27 51 28 4 56 17 57 20 58 15 59 15
5 4 0 18 1 22 2 29 3 25 24 4 27 5 20 6 30 7 23 8 21 9 28 10 14 11 22 12 14 13 26 14 14 15 27 28 27 29 23 30 10 31 28 40 27 41 13 42 19 43 28 44 13 45 29 46 26 47 16 12 4 20 5 21 6 26 7 17 12 22 13 20 14 18 15 18 52 20 53 15 54 21 55 20 8 28 15 29 30 30 30 31 25 40 21 41 15 42 27 43 19 4 56 29 57 27 58 16 59 18
5 4 0 30 1 19 2 30 3 24 8 12 16 13 12 14 20 15 25 32 12 33 11 34 21 35 13 12 8 18 9 11 10 26 11 24 16 25 17 25 18 18 19 25 20 25 21 18 22 30 23 12 24 8 20 9 17 10 13 11 14 12 26 13 12 14 12 15 11 24 14 25 28 26 14 27 26 28 14 29 21 30 14 31 30 32 15 33 12 34 30 35 25 40 18 41 11 42 22 43 13 4 56 30 57 19 58 29 59 22
5 4 0 17 1 15 2 26 3 13 12 32 20 33 23 34 19 35 17 40 28 41 15 42 27 43 24 44 12 45 13 46 21 47 16 28 4 23 5 15 6 26 7 29 8 30 9 26 10 18 11 17 32 26 33 13 34 25 35 11 36 30 37 11 38 15 39 12 40 19 41 16 42 27 43 12 44 17 45 14 46 25 47 26 48 16 49 16 50 23 51 21 20 4 17 5 20 6 17 7 24 12 24 13 21 14 23 15 26 24 10 25 10 26 20 27 14 36 10 37 30 38 26 39 27 52 20 53 19 54 16 55 11 4 56 28 57 22 58 13 59 10
5 4 0 20 1 28 2 13 3 28 32 8 15 9 26 10 13 11 13 12 28 13 16 14 11 15 22 20 25 21 21 22 10 23 29 24 26 25 27 26 23 27 14 36 28 37 25 38 17 39 29 44 16 45 21 46 18 47 27 48 27 49 19 50 26 51 13 52 25 53 30 54 10 55 18 8 24 26 25 17 26 15 27 18 44 14 45 19 46 16 47 24 32 12 30 13 30 14 29 15 24 20 25 21 29 22 30 23 26 28 18 29 24 30 27 31 28 32 27 33 22 34 21 35 25 36 29 37 22 38 18 39 11 40 30 41 22 42 25 43 10 44 15 45 22 46 26 47 21 48 19 49 17 50 19 51 18 4 56 26 57 20 58 28 59 29
5 4 0 20 1 23 2 18 3 26 16 4 16 5 16 6 21 7 11 12 20 13 24 14 13 15 23 36 11 37 29 38 19 39 19 48 30 49 10 50 16 51 11 52 4 16 5 30 6 28 7 19 8 19 9 30 10 12 11 19 12 23 13 15 14 11 15 18 16 22 17 25 18 25 19 10 20 16 21 18 22 23 23 14 24 25 25 17 26 18 27 11 28 23 29 29 30 27 31 15 32 13 33 22 34 12 35 24 36 26 37 23 38 27 39 28 40 17 41 30 42 20 43 23 44 28 45 20 46 12 47 19 48 26 49 22 50 25 51 18 52 15 53 13 54 19 55 14 20 8 12 9 18 10 20 11 21 16 26 17 26 18 12 19 20 32 28 33 23 34 25 35 25 48 25 49 27 50 21 51 21 52 22 53 30 54 10 55 15 4 56 30 57 17 58 22 59 11
5 4 0 15 1 15 2 29 3 21 48 4 10 5 15 6 11 7 20 8 30 9 14 10 16 11 10 16 15 17 23 18 19 19 19 20 15 21 23 22 27 23 27 24 23 25 12 26 30 27 28 28 27 29 17 30 11 31 24 32 30 33 28 34 29 35 30 36 28 37 18 38 23 39 28 40 20 41 18 42 15 43 14 44 30 45 12 46 13 47 28 48 20 49 16 50 11 51 22 52 14 53 14 54 30 55 29 4 52 29 53 17 54 27 55 27 52 4 13 5 22 6 20 7 30 8 22 9 27 10 28 11 11 12 25 13 13 14 27 15 21 16 26 17 16 18 21 19 28 20 14 21 13 22 24 23 26 24 22 25 18 26 26 27 30 28 17 29 26 30 29 31 29 32 10 33 11 34 10 35 23 36 23 37 20 38 22 39 29 40 10 41 25 42 28 43 16 44 12 45 14 46 27 47 29 48 17 49 12 50 23 51 20 52 21 53 25 54 30 55 21 4 56 30 57 22 58 30 59 19
5 4 0 29 1 18 2 15 3 26 40 4 10 5 19 6 18 7 20 8 10 9 15 10 27 11 30 12 26 13 26 14 17 15 14 16 12 17 18 18 22 19 21 28 27 29 17 30 17 31 28 32 28 33 21 34 19 35 20 40 19 41 12 42 14 43 14 44 29 45 20 46 29 47 17 48 18 49 24 50 19 51 25 52 19 53 10 54 23 55 14 36 4 27 5 13 6 15 7 15 8 22 9 27 10 11 11 30 12 30 13 26 14 13 15 29 16 21 17 14 18 16 19 17 28 16 29 18 30 23 31 24 32 30 33 26 34 22 35 28 36 28 37 14 38 29 39 26 40 30 41 11 42 28 43 24 48 25 49 29 50 19 51 13 36 4 25 5 22 6 30 7 16 8 24 9 22 10 28 11 19 16 23 17 26 18 10 19 26 20 28 21 12 22 24 23 20 24 11 25 13 26 17 27 28 28 30 29 17 30 19 31 28 36 10 37 21 38 17 39 30 48 24 49 27 50 27 51 10 52 16 53 29 54 10 55 18 4 56 29 57 18 58 20 59 29
5 4 0 24 1 11 2 13 3 22 32 4 19 5 17 6 16 7 13 20 26 21 27 22 13 23 15 28 30 29 12 30 19 31 28 36 19 37 26 38 17 39 18 40 19 41 14 42 16 43 17 44 16 45 15 46 13 47 18 48 28 49 24 50 26 51 19 52 27 53 20 54 17 55 22 16 4 13 5 21 6 10 7 15 20 20 21 13 22 28 23 17 24 10 25 26 26 17 27 28 44 24 45 15 46 16 47 23 8 36 18 37 13 38 11 39 13 52 11 53 26 54 15 55 21 4 56 11 57 24 58 23 59 10
5 4 0 10 1 20 2 18 3 30 28 4 15 5 21 6 28 7 10 8 14 9 10 10 15 11 30 12 23 13 20 14 16 15 19 20 10 21 23 22 15 23 23 28 11 29 23 30 16 31 24 40 26 41 23 42 21 43 13 44 17 45 10 46 17 47 15 4 16 24 17 16 18 23 19 14 12 4 13 5 19 6 16 7 11 48 25 49 11 50 27 51 25 52 18 53 19 54 13 55 29 4 56 20 57 10 58 11 59 23
5 4 0 21 1 20 2 30 3 28 44 4 18 5 26 6 29 7 13 12 29 13 19 14 20 15 15 16 21 17 25 18 22 19 15 20 12 21 25 22 27 23 20 24 23 25 28 26 11 27 19 28 18 29 27 30 27 31 22 32 18 33 22 34 25 35 30 36 18 37 19 38 15 39 25 44 22 45 13 46 23 47 18 48 17 49 20 50 14 51 13 52 26 53 11 54 28 55 15 12 16 18 17 16 18 16 19 25 24 17 25 21 26 12 27 23 52 30 53 16 54 19 55 18 20 8 26 9 20 10 10 11 19 28 22 29 23 30 30 31 23 32 19 33 13 34 24 35 14 40 24 41 12 42 16 43 18 52 16 53 26 54 24 55 19 4 56 28 57 17 58 18 59 28
5 4 0 26 1 23 2 29 3 13 28 12 22 13 15 14 22 15 26 16 16 17 25 18 26 19 29 28 19 29 28 30 28 31 18 32 15 33 13 34 18 35 29 36 12 37 15 38 20 39 29 44 30 45 24 46 25 47 17 52 17 53 23 54 28 55 13 40 4 21 5 24 6 30 7 26 8 18 9 23 10 20 11 25 12 23 13 17 14 26 15 15 20 29 21 27 22 27 23 15 24 19 25 18 26 21 27 22 28 15 29 18 30 25 31 12 36 27 37 28 38 11 39 18 40 29 41 13 42 11 43 17 44 18 45 24 46 29 47 20 52 21 53 26 54 29 55 22 24 4 23 5 11 6 14 7 12 16 13 17 25 18 29 19 19 24 11 25 12 26 16 27 15 32 12 33 14 34 14 35 27 44 28 45 28 46 13 47 12 52 23 53 29 54 16 55 16 4 56 11 57 14 58 30 59 28
5 4 0 19 1 28 2 27 3 24 24 12 28 13 24 14 23 15 21 16 26 17 28 18 30 19 19 20 23 21 18 22 22 23 16 28 19 29 12 30 26 31 21 48 15 49 28 50 12 51 24 52 18 53 18 54 13 55 15 24 12 15 13 29 14 24 15 21 28 18 29 27 30 11 31 25 32 21 33 10 34 23 35 15 36 30 37 15 38 14 39 19 40 15 41 12 42 27 43 21 52 24 53 25 54 26 55 25 8 4 19 5 10 6 30 7 24 28 11 29 22 30 20 31 10 4 56 14 57 12 58 17 59 24
5 4 0 20 1 18 2 29 3 18 24 8 14 9 18 10 30 11 25 16 18 17 30 18 27 19 30 20 13 21 26 22 22 23 27 28 22 29 26 30 15 31 17 36 12 37 17 38 15 39 18 52 12 53 23 54 20 55 20 28 12 14 13 15 14 28 15 30 16 29 17 16 18 22 19 23 20 22 21 30 22 25 23 27 24 19 25 27 26 13 27 29 40 29 41 17 42 29 43 26 44 25 45 23 46 21 47 12 48 29 49 25 50 14 51 13 24 8 15 9 22 10 21 11 15 16 30 17 15 18 20 19 11 32 15 33 23 34 16 35 15 36 18 37 30 38 10 39 13 48 25 49 10 50 17 51 16 52 11 53 27 54 19 55 18 4 56 20 57 18 58 24 59 14
5 4 0 16 1 30 2 18 3 12 36 4 25 5 13 6 17 7 16 8 25 9 10 10 30 11 17 12 30 13 30 14 29 15 18 16 20 17 26 18 18 19 10 20 25 21 14 22 21 23 17 24 13 25 13 26 19 27 28 40 12 41 24 42 22 43 29 44 29 45 21 46 24 47 14 52 13 53 28 54 28 55 16 36 8 10 9 20 10 25 11 24 12 29 13 18 14 20 15 12 16 22 17 14 18 24 19 10 20 27 21 24 22 16 23 19 24 18 25 15 26 11 27 12 28 22 29 16 30 16 31 25 44 14 45 22 46 25 47 29 48 26 49 12 50 16 51 26 52 25 53 28 54 14 55 18 8 12 15 13 25 14 16 15 20 16 22 17 23 18 30 19 25 4 56 26 57 20 58 19 59 26
5 4 0 16 1 23 2 29 3 14 36 4 16 5 26 6 22 7 18 8 21 9 18 10 12 11 30 16 17 17 11 18 30 19 30 20 21 21 22 22 10 23 28 28 15 29 25 30 14 31 25 36 14 37 17 38 12 39 21 40 11 41 30 42 22 43 21 44 13 45 26 46 14 47 12 48 22 49 25 50 28 51 21 16 8 29 9 24 10 12 11 24 20 21 21 10 22 23 23 10 24 23 25 22 26 16 27 24 36 23 37 17 38 17 39 29 20 12 27 13 16 14 25 15 23 16 16 17 17 18 20 19 29 24 20 25 30 26 26 27 20 32 19 33 25 34 18 35 18 48 10 49 26 50 26 51 24 4 56 28 57 13 58 21 59 19
5 4 0 24 1 24 2 13 3 18 16 24 29 25 11 26 27 27 10 28 12 29 20 30 17 31 10 40 11 41 15 42 23 43 10 48 27 49 30 50 24 51 19 44 4 30 5 16 6 25 7 14 8 18 9 29 10 21 11 29 12 14 13 16 14 11 15 21 16 23 17 16 18 17 19 13 20 13 21 22 22 22 23 10 28 25 29 29 30 15 31 20 32 10 33 12 34 22 35 10 36 17 37 27 38 27 39 21 40 25 41 24 42 10 43 18 44 28 45 12 46 23 47 20 48 10 49 15 50 18 51 19 12 8 25 9 23 10 24 11 15 16 25 17 12 18 29 19 29 40 18 41 10 42 28 43 19 4 56 13 57 18 58 25 59 17
5 4 0 16 1 29 2 10 3 25 44 4 16 5 22 6 10 7 25 16 13 17 12 18 17 19 16 20 14 21 27 22 21 23 21 24 20 25 14 26 20 27 14 28 17 29 21 30 23 31 12 32 24 33 23 34 22 35 12 36 12 37 27 38 13 39 16 40 17 41 23 42 10 43 12 44 13 45 17 46 11 47 12 48 26 49 19 50 27 51 18 52 25 53 22 54 22 55 26 40 4 26 5 29 6 16 7 23 8 21 9 25 10 24 11 11 12 12 13 22 14 12 15 22 16 20 17 21 18 26 19 22 24 20 25 23 26 18 27 15 28 20 29 29 30 14 31 27 32 15 33 12 34 30 35 10 36 28 37 25 38 18 39 27 40 26 41 28 42 16 43 23 48 28 49 27 50 16 51 10 20 4 10 5 30 6 13 7 27 8 16 9 22 10 17 11 22 20 28 21 19 22 11 23 18 28 10 29 12 30 28 31 30 36 26 37 27 38 15 39 21 4 56 21 57 20 58 24 59 16
5 4 0 18 1 25 2 11 3 22 36 8 19 9 16 10 30 11 16 16 11 17 28 18 13 19 29 20 30 21 15 22 26 23 15 32 23 33 15 34 23 35 26 36 18 37 24 38 22 39 21 40 10 41 21 42 12 43 23 44 21 45 26 46 26 47 16 48 17 49 25 50 26 51 17 52 10 53 14 54 19 55 12 24 4 23 5 11 6 22 7 19 8 25 9 24 10 17 11 22 12 22 13 15 14 16 15 20 20 26 21 25 22 17 23 26 32 15 33 13 34 14 35 21 36 26 37 24 38 23 39 15 20 4 11 5 20 6 19 7 11 12 25 13 26 14 17 15 20 16 17 17 18 18 13 19 15 36 26 37 26 38 10 39 24 52 20 53 11 54 14 55 17 4 56 29 57 24 58 15 59 17
5 4 0 25 1 26 2 20 3 15 12 8 16 9 28 10 16 11 13 36 14 37 10 38 12 39 11 40 16 41 17 42 13 43 24 12 28 25 29 16 30 22 31 13 36 14 37 13 38 22 39 15 52 15 53 17 54 13 55 29 12 4 30 5 13 6 13 7 19 8 22 9 15 10 20 11 21 32 30 33 16 34 14 35 18 4 56 23 57 22 58 24 59 18
