100 60
5 4 0 10 1 21 2 27 3 10 16 8 13 9 20 10 25 11 26 16 27 17 12 18 11 19 17 40 27 41 13 42 15 43 11 52 29 53 24 54 12 55 29 40 4 30 5 12 6 26 7 21 8 19 9 24 10 13 11 13 16 18 17 23 18 10 19 30 24 29 25 19 26 27 27 10 28 15 29 23 30 27 31 22 32 22 33 21 34 18 35 13 40 19 41 26 42 24 43 16 44 16 45 13 46 21 47 26 48 15 49 12 50 19 51 30 52 17 53 12 54 10 55 26 32 4 17 5 22 6 11 7 15 8 25 9 25 10 25 11 22 16 25 17 27 18 26 19 16 20 19 21 16 22 15 23 29 24 24 25 10 26 29 27 15 36 21 37 23 38 11 39 22 40 11 41 23 42 19 43 22 44 25 45 18 46 24 47 25 4 56 11 57 15 58 28 59 11
5 4 0 26 1 11 2 30 3 18 32 12 13 13 27 14 14 15 27 20 13 21 15 22 15 23 17 24 25 25 30 26 19 27 24 32 25 33 13 34 24 35 22 36 20 37 29 38 20 39 17 40 13 41 20 42 25 43 14 48 11 49 17 50 17 51 22 52 28 53 24 54 26 55 28 28 12 21 13 21 14 21 15 18 16 28 17 16 18 28 19 18 20 27 21 11 22 12 23 21 24 10 25 30 26 14 27 29 32 10 33 24 34 10 35 28 36 16 37 23 38 28 39 10 44 23 45 14 46 20 47 13 20 8 22 9 28 10 15 11 20 16 27 17 25 18 23 19 10 20 12 21 12 22 22 23 26 40 20 41 22 42 11 43 19 44 30 45 22 46 17 47 22 4 56 25 57 22 58 18 59 26
5 4 0 20 1 14 2 19 3 17 16 12 17 13 23 14 16 15 20 16 10 17 27 18 30 19 26 24 17 25 22 26 13 27 21 52 22 53 17 54 14 55 28 8 4 30 5 16 6 12 7 25 16 19 17 18 18 19 19 13 20 4 25 5 24 6 17 7 12 32 14 33 27 34 20 35 16 40 10 41 27 42 20 43 25 44 16 45 11 46 22 47 11 52 11 53 19 54 16 55 14 4 56 28 57 18 58 22 59 21
5 4 0 13 1 17 2 17 3 14 4 48 15 49 24 50 21 51 21 4 44 22 45 26 46 17 47 26 40 4 24 5 10 6 24 7 18 12 13 13 30 14 22 15 18 16 12 17 18 18 25 19 14 20 19 21 18 22 25 23 29 24 12 25 17 26 17 27 25 28 10 29 15 30 30 31 20 32 27 33 11 34 18 35 30 36 13 37 10 38 27 39 15 44 18 45 13 46 27 47 20 52 16 53 23 54 29 55 30 4 56 14 57 22 58 21 59 21
5 4 0 29 1 16 2 25 3 21 28 4 21 5 21 6 10 7 13 8 15 9 29 10 21 11 28 12 15 13 25 14 19 15 27 16 11 17 29 18 18 19 27 24 22 25 29 26 11 27 30 36 22 37 27 38 29 39 13 48 28 49 29 50 22 51 29 8 32 10 33 24 34 19 35 21 44 10 45 22 46 24 47 22 44 8 23 9 19 10 15 11 25 12 24 13 10 14 10 15 22 16 18 17 22 18 15 19 16 20 20 21 20 22 17 23 30 24 25 25 24 26 21 27 23 28 16 29 27 30 12 31 21 32 14 33 18 34 21 35 27 40 28 41 11 42 25 43 26 44 24 45 17 46 30 47 12 48 11 49 11 50 22 51 15 52 15 53 28 54 29 55 21 4 56 19 57 16 58 12 59 11
5 4 0 19 1 25 2 23 3 20 24 8 17 9 13 10 24 11 21 24 25 25 28 26 15 27 15 32 25 33 17 34 24 35 23 40 19 41 15 42 19 43 18 44 12 45 16 46 15 47 18 48 24 49 20 50 14 51 15 36 4 20 5 25 6 22 7 10 8 10 9 23 10 11 11 20 12 17 13 25 14 25 15 27 20 20 21 26 22 12 23 13 24 26 25 13 26 14 27 27 28 28 29 14 30 29 31 15 32 17 33 13 34 18 35 10 44 13 45 14 46 10 47 14 52 17 53 19 54 29 55 26 16 8 26 9 13 10 14 11 15 24 15 25 12 26 19 27 16 28 15 29 12 30 28 31 15 44 28 45 28 46 29 47 19 4 56 17 57 30 58 26 59 18
5 4 0 16 1 15 2 16 3 18 36 4 18 5 14 6 17 7 11 8 28 9 16 10 18 11 15 12 29 13 18 14 27 15 16 16 20 17 12 18 25 19 23 28 28 29 11 30 27 31 23 32 27 33 17 34 19 35 14 40 23 41 15 42 13 43 21 48 18 49 22 50 29 51 16 52 22 53 14 54 22 55 30 16 4 19 5 10 6 25 7 28 20 14 21 16 22 23 23 16 24 11 25 20 26 15 27 25 44 29 45 23 46 10 47 15 40 4 29 5 19 6 22 7 18 8 19 9 24 10 26 11 18 12 13 13 19 14 28 15 12 16 25 17 26 18 15 19 16 20 10 21 29 22 24 23 13 24 11 25 10 26 13 27 25 28 13 29 26 30 15 31 30 32 21 33 30 34 11 35 30 48 14 49 15 50 10 51 29 52 13 53 15 54 19 55 23 4 56 17 57 13 58 19 59 19
5 4 0 24 1 16 2 14 3 16 12 24 19 25 19 26 28 27 21 32 11 33 18 34 21 35 11 44 17 45 12 46 14 47 29 52 4 23 5 20 6 20 7 12 8 28 9 27 10 29 11 30 12 18 13 28 14 14 15 10 16 19 17 30 18 24 19 29 20 16 21 24 22 28 23 24 24 20 25 20 26 12 27 19 28 27 29 24 30 10 31 19 32 18 33 13 34 29 35 19 36 23 37 30 38 19 39 28 40 29 41 16 42 19 43 14 44 23 45 25 46 12 47 19 48 18 49 22 50 26 51 13 52 23 53 28 54 30 55 21 28 8 12 9 14 10 25 11 12 24 14 25 20 26 15 27 25 28 29 29 28 30 11 31 26 36 29 37 16 38 25 39 21 40 26 41 20 42 23 43 16 48 17 49 21 50 15 51 30 52 27 53 28 54 23 55 14 4 56 28 57 28 58 14 59 10
5 4 0 27 1 24 2 10 3 30 48 4 30 5 16 6 23 7 12 8 25 9 19 10 12 11 14 12 15 13 13 14 23 15 29 16 29 17 30 18 27 19 23 24 25 25 23 26 20 27 22 28 11 29 18 30 18 31 10 32 11 33 13 34 23 35 22 36 25 37 16 38 27 39 27 40 18 41 13 42 22 43 23 44 25 45 18 46 28 47 15 48 30 49 25 50 22 51 29 52 22 53 26 54 18 55 21 16 8 23 9 28 10 12 11 10 28 26 29 19 30 26 31 18 40 24 41 20 42 24 43 12 52 29 53 22 54 15 55 26 24 8 19 9 11 10 15 11 11 12 11 13 25 14 23 15 30 16 25 17 17 18 12 19 17 24 21 25 24 26 27 27 12 32 30 33 18 34 15 35 11 48 13 49 22 50 29 51 30 4 56 11 57 29 58 24 59 15
5 4 0 26 1 19 2 17 3 14 20 4 29 5 29 6 19 7 23 16 30 17 18 18 30 19 11 20 19 21 18 22 15 23 11 28 23 29 10 30 10 31 27 52 15 53 18 54 22 55 18 28 4 19 5 16 6 29 7 19 8 29 9 22 10 19 11 19 16 27 17 15 18 29 19 13 24 29 25 22 26 22 27 20 28 30 29 15 30 20 31 19 40 12 41 26 42 10 43 21 48 13 49 13 50 27 51 27 8 24 15 25 21 26 14 27 15 32 12 33 23 34 24 35 20 4 56 27 57 21 58 19 59 30
5 4 0 22 1 28 2 26 3 19 12 16 20 17 11 18 20 19 17 48 18 49 17 50 28 51 30 52 21 53 15 54 14 55 29 44 4 12 5 10 6 11 7 30 8 19 9 25 10 18 11 14 16 19 17 10 18 20 19 28 24 30 25 17 26 22 27 11 28 23 29 11 30 17 31 20 32 24 33 13 34 15 35 26 36 28 37 19 38 15 39 25 40 14 41 11 42 26 43 18 44 27 45 24 46 16 47 12 48 27 49 22 50 16 51 25 52 23 53 10 54 12 55 28 44 4 11 5 26 6 17 7 12 8 18 9 28 10 25 11 30 16 26 17 22 18 21 19 29 20 23 21 11 22 13 23 15 24 23 25 12 26 16 27 16 28 12 29 18 30 29 31 19 32 14 33 24 34 24 35 23 36 12 37 13 38 28 39 18 40 24 41 15 42 21 43 15 48 18 49 16 50 28 51 22 52 18 53 21 54 11 55 11 4 56 13 57 14 58 19 59 18
5 4 0 30 1 21 2 11 3 10 24 4 12 5 17 6 21 7 14 8 20 9 12 10 22 11 11 12 15 13 28 14 22 15 23 16 19 17 19 18 23 19 19 44 30 45 30 46 20 47 16 48 30 49 22 50 18 51 10 16 16 26 17 16 18 15 19 29 36 19 37 19 38 28 39 20 44 24 45 26 46 18 47 27 52 19 53 26 54 30 55 26 16 8 30 9 14 10 12 11 26 24 23 25 20 26 25 27 28 28 28 29 16 30 13 31 26 32 20 33 23 34 18 35 28 4 56 12 57 22 58 23 59 15
5 4 0 24 1 27 2 25 3 19 40 4 28 5 20 6 12 7 12 8 11 9 10 10 16 11 13 12 27 13 16 14 11 15 23 16 30 17 26 18 30 19 29 20 20 21 22 22 30 23 14 24 10 25 18 26 10 27 29 28 28 29 28 30 15 31 11 32 20 33 11 34 23 35 19 48 17 49 20 50 24 51 20 52 29 53 19 54 13 55 15 52 4 24 5 19 6 11 7 22 8 18 9 19 10 15 11 27 12 22 13 20 14 30 15 27 16 26 17 23 18 27 19 27 20 10 21 30 22 14 23 30 24 20 25 30 26 11 27 19 28 15 29 19 30 29 31 18 32 27 33 21 34 25 35 11 36 13 37 20 38 30 39 12 40 18 41 26 42 16 43 20 44 19 45 14 46 16 47 28 48 11 49 28 50 18 51 28 52 22 53 24 54 19 55 13 24 8 25 9 26 10 14 11 27 16 29 17 16 18 22 19 14 28 10 29 15 30 21 31 19 32 16 33 11 34 22 35 18 40 28 41 15 42 11 43 18 48 21 49 13 50 28 51 25 4 56 17 57 19 58 23 59 20
5 4 0 19 1 21 2 25 3 12 44 4 18 5 29 6 29 7 13 8 22 9 24 10 23 11 30 12 27 13 17 14 13 15 20 16 19 17 14 18 30 19 22 20 19 21 10 22 28 23 16 24 25 25 20 26 21 27 19 28 25 29 27 30 29 31 17 32 14 33 14 34 16 35 21 40 15 41 11 42 13 43 16 48 21 49 30 50 26 51 14 52 27 53 30 54 16 55 11 40 8 19 9 20 10 12 11 24 12 18 13 24 14 29 15 24 16 30 17 24 18 13 19 15 24 13 25 21 26 11 27 10 28 13 29 29 30 22 31 23 32 18 33 17 34 26 35 20 36 12 37 20 38 27 39 11 40 26 41 14 42 29 43 25 44 22 45 16 46 14 47 29 48 17 49 25 50 20 51 14 32 4 22 5 27 6 11 7 11 12 21 13 24 14 11 15 11 16 15 17 11 18 29 19 25 28 29 29 20 30 24 31 28 36 18 37 13 38 20 39 14 40 14 41 26 42 30 43 30 44 24 45 29 46 18 47 29 48 22 49 20 50 21 51 15 4 56 26 57 16 58 13 59 28
5 4 0 12 1 22 2 23 3 13 20 8 25 9 24 10 19 11 21 20 21 21 15 22 28 23 15 28 11 29 24 30 14 31 17 32 11 33 12 34 21 35 10 44 27 45 21 46 26 47 14 24 4 11 5 18 6 25 7 11 16 22 17 17 18 25 19 20 20 20 21 12 22 22 23 19 32 15 33 28 34 11 35 26 40 14 41 30 42 27 43 27 48 18 49 22 50 26 51 30 36 4 27 5 21 6 24 7 18 8 30 9 18 10 14 11 20 20 30 21 18 22 10 23 16 24 19 25 22 26 15 27 13 28 21 29 11 30 12 31 14 36 13 37 19 38 14 39 29 40 18 41 27 42 19 43 23 48 10 49 19 50 28 51 19 52 30 53 30 54 28 55 15 4 56 28 57 15 58 25 59 29
5 4 0 12 1 30 2 30 3 24 12 24 14 25 28 26 25 27 21 36 10 37 17 38 11 39 24 40 11 41 23 42 20 43 10 28 8 17 9 26 10 27 11 13 12 25 13 21 14 27 15 21 28 25 29 20 30 20 31 13 36 14 37 11 38 11 39 27 40 13 41 16 42 24 43 28 44 28 45 30 46 23 47 20 48 12 49 30 50 13 51 13 20 8 13 9 15 10 27 11 17 24 23 25 29 26 24 27 10 36 11 37 12 38 30 39 11 40 25 41 29 42 20 43 10 44 24 45 14 46 17 47 12 4 56 22 57 30 58 19 59 11
5 4 0 15 1 19 2 24 3 14 52 4 23 5 27 6 14 7 11 8 14 9 24 10 18 11 28 12 17 13 29 14 18 15 14 16 19 17 21 18 14 19 16 20 28 21 26 22 26 23 22 24 19 25 29 26 23 27 11 28 28 29 20 30 16 31 11 32 29 33 18 34 15 35 25 36 11 37 24 38 18 39 21 40 30 41 10 42 14 43 20 44 25 45 25 46 20 47 10 48 19 49 16 50 13 51 16 52 21 53 17 54 26 55 29 16 8 27 9 24 10 22 11 26 16 21 17 11 18 12 19 20 28 12 29 21 30 12 31 13 44 16 45 23 46 13 47 13 36 4 18 5 20 6 20 7 25 12 30 13 20 14 23 15 13 20 13 21 28 22 18 23 13 28 16 29 28 30 10 31 13 32 19 33 11 34 20 35 18 36 21 37 16 38 21 39 17 44 14 45 28 46 19 47 13 48 22 49 21 50 10 51 29 52 15 53 18 54 21 55 22 4 56 24 57 11 58 11 59 13
5 4 0 12 1 22 2 29 3 12 32 4 26 5 22 6 14 7 14 8 13 9 14 10 19 11 11 12 21 13 13 14 13 15 10 16 12 17 18 18 21 19 19 32 26 33 19 34 10 35 28 44 27 45 30 46 24 47 14 48 11 49 24 50 21 51 11 52 10 53 15 54 20 55 10 52 4 18 5 30 6 24 7 20 8 20 9 28 10 26 11 16 12 12 13 23 14 11 15 25 16 11 17 14 18 24 19 22 20 26 21 30 22 15 23 10 24 13 25 26 26 13 27 16 28 23 29 24 30 17 31 12 32 15 33 16 34 18 35 18 36 22 37 17 38 23 39 16 40 18 41 18 42 17 43 23 44 26 45 25 46 14 47 28 48 19 49 26 50 12 51 16 52 14 53 30 54 19 55 27 28 12 21 13 10 14 30 15 14 16 25 17 24 18 25 19 15 28 22 29 29 30 19 31 19 32 26 33 25 34 21 35 15 36 29 37 18 38 19 39 30 44 14 45 24 46 14 47 11 48 12 49 11 50 18 51 28 4 56 12 57 19 58 19 59 28
5 4 0 15 1 11 2 24 3 19 8 4 22 5 15 6 22 7 22 12 12 13 14 14 25 15 28 32 4 24 5 15 6 30 7 16 12 30 13 12 14 11 15 29 20 30 21 28 22 30 23 14 24 14 25 22 26 11 27 23 28 30 29 14 30 10 31 23 40 20 41 20 42 14 43 17 44 27 45 12 46 12 47 18 48 24 49 25 50 26 51 22 20 8 13 9 11 10 15 11 19 12 12 13 13 14 12 15 16 28 15 29 28 30 14 31 16 32 18 33 16 34 13 35 12 48 15 49 24 50 23 51 16 4 56 19 57 30 58 20 59 18
5 4 0 17 1 23 2 28 3 12 24 8 25 9 24 10 26 11 28 16 26 17 16 18 19 19 11 24 13 25 18 26 15 27 10 28 20 29 10 30 23 31 18 36 27 37 17 38 17 39 26 44 14 45 20 46 26 47 25 4 48 24 49 13 50 18 51 23 4 28 17 29 10 30 20 31 22 4 56 19 57 15 58 26 59 22
5 4 0 28 1 12 2 13 3 22 12 8 27 9 28 10 14 11 13 32 15 33 16 34 13 35 29 48 20 49 12 50 20 51 28 16 16 29 17 10 18 20 19 24 24 11 25 14 26 20 27 13 36 19 37 13 38 20 39 25 52 10 53 25 54 14 55 19 32 4 28 5 24 6 28 7 29 8 25 9 18 10 25 11 25 12 16 13 21 14 26 15 16 16 20 17 11 18 21 19 21 20 17 21 12 22 15 23 26 28 20 29 17 30 21 31 28 32 19 33 21 34 30 35 22 48 27 49 25 50 26 51 21 4 56 16 57 13 58 25 59 29
5 4 0 20 1 21 2 15 3 10 12 32 30 33 24 34 27 35 10 44 14 45 25 46 30 47 15 48 11 49 26 50 17 51 12 4 36 13 37 25 38 18 39 16 48 4 12 5 22 6 12 7 12 8 15 9 27 10 21 11 25 12 30 13 15 14 18 15 19 20 21 21 11 22 14 23 15 24 18 25 11 26 24 27 22 28 13 29 15 30 17 31 17 32 26 33 19 34 18 35 12 36 22 37 23 38 16 39 19 40 23 41 12 42 23 43 28 44 16 45 24 46 17 47 12 48 27 49 23 50 30 51 10 52 29 53 14 54 19 55 28 4 56 21 57 25 58 25 59 21
5 4 0 24 1 15 2 29 3 22 20 4 20 5 29 6 28 7 12 12 22 13 25 14 11 15 24 40 15 41 28 42 20 43 27 48 11 49 17 50 24 51 14 52 20 53 15 54 19 55 16 24 4 28 5 24 6 15 7 18 8 20 9 30 10 11 11 11 16 13 17 30 18 10 19 30 28 21 29 18 30 19 31 14 32 21 33 25 34 10 35 12 48 28 49 13 50 29 51 19 4 16 27 17 10 18 17 19 29 4 56 12 57 11 58 26 59 22
5 4 0 28 1 14 2 10 3 20 44 8 15 9 13 10 29 11 30 12 15 13 21 14 18 15 14 16 28 17 10 18 22 19 24 20 14 21 19 22 23 23 14 24 15 25 27 26 24 27 16 28 28 29 14 30 26 31 28 36 28 37 21 38 14 39 27 40 11 41 20 42 28 43 19 44 24 45 10 46 14 47 24 48 27 49 30 50 15 51 14 52 27 53 21 54 14 55 17 24 4 27 5 21 6 27 7 16 12 27 13 26 14 27 15 24 24 26 25 20 26 29 27 21 32 12 33 27 34 15 35 30 40 20 41 12 42 25 43 13 48 18 49 13 50 16 51 13 4 48 22 49 12 50 28 51 11 4 56 21 57 25 58 21 59 26
5 4 0 10 1 11 2 21 3 14 24 4 22 5 19 6 10 7 28 12 14 13 24 14 23 15 27 16 11 17 17 18 18 19 20 36 25 37 21 38 21 39 15 48 16 49 18 50 10 51 13 52 26 53 10 54 12 55 23 44 8 16 9 22 10 23 11 24 12 27 13 21 14 26 15 28 16 22 17 30 18 14 19 15 24 25 25 11 26 22 27 22 28 19 29 15 30 14 31 15 32 12 33 27 34 18 35 14 36 17 37 24 38 18 39 12 40 12 41 20 42 12 43 26 44 16 45 20 46 14 47 28 48 22 49 26 50 28 51 21 52 30 53 28 54 14 55 13 8 16 25 17 28 18 29 19 12 48 28 49 23 50 14 51 19 4 56 30 57 28 58 30 59 11
5 4 0 10 1 26 2 14 3 11 28 4 10 5 18 6 15 7 28 24 21 25 10 26 10 27 27 32 14 33 27 34 21 35 25 36 27 37 13 38 23 39 10 40 23 41 16 42 13 43 14 44 23 45 25 46 17 47 27 48 27 49 16 50 29 51 11 28 8 22 9 16 10 13 11 27 12 24 13 19 14 10 15 13 16 17 17 29 18 18 19 23 20 29 21 13 22 25 23 20 28 11 29 23 30 14 31 29 36 19 37 29 38 30 39 25 44 17 45 23 46 20 47 27 20 8 27 9 26 10 11 11 19 20 21 21 11 22 15 23 13 24 12 25 16 26 12 27 12 28 16 29 22 30 14 31 26 44 10 45 28 46 26 47 11 4 56 29 57 16 58 11 59 11
5 4 0 18 1 18 2 12 3 14 24 8 30 9 19 10 17 11 30 24 22 25 18 26 15 27 14 28 12 29 11 30 12 31 10 32 26 33 25 34 21 35 24 44 27 45 23 46 19 47 20 52 10 53 24 54 10 55 17 28 4 11 5 13 6 10 7 14 12 17 13 22 14 30 15 21 16 20 17 14 18 24 19 13 20 21 21 18 22 27 23 18 28 23 29 24 30 15 31 14 32 28 33 10 34 29 35 14 52 19 53 29 54 29 55 20 32 4 20 5 18 6 23 7 29 8 13 9 24 10 25 11 25 12 16 13 25 14 30 15 21 24 16 25 27 26 15 27 28 28 15 29 11 30 12 31 18 32 17 33 18 34 17 35 11 44 10 45 24 46 15 47 27 52 15 53 10 54 26 55 14 4 56 13 57 17 58 15 59 18
5 4 0 11 1 15 2 20 3 15 24 4 28 5 29 6 10 7 12 12 12 13 23 14 10 15 30 20 15 21 17 22 29 23 20 24 29 25 21 26 16 27 30 40 17 41 26 42 23 43 21 44 12 45 15 46 23 47 28 32 4 25 5 17 6 10 7 15 8 11 9 18 10 27 11 10 16 22 17 24 18 14 19 25 20 13 21 27 22 10 23 27 32 29 33 13 34 14 35 19 44 20 45 16 46 18 47 17 48 24 49 18 50 22 51 22 52 26 53 22 54 22 55 15 44 4 29 5 17 6 21 7 12 8 29 9 19 10 16 11 29 12 23 13 24 14 28 15 29 16 16 17 24 18 19 19 18 20 13 21 16 22 19 23 27 24 28 25 16 26 18 27 16 32 21 33 17 34 17 35 11 40 30 41 24 42 21 43 20 44 12 45 27 46 16 47 28 48 25 49 16 50 17 51 26 52 17 53 14 54 23 55 11 4 56 17 57 13 58 12 59 18
5 4 0 25 1 25 2 19 3 29 32 4 22 5 19 6 21 7 11 8 19 9 17 10 24 11 25 24 18 25 15 26 10 27 30 28 29 29 22 30 15 31 12 32 21 33 25 34 20 35 17 40 19 41 13 42 20 43 12 44 26 45 25 46 16 47 17 52 20 53 21 54 10 55 23 32 8 21 9 28 10 10 11 29 16 12 17 30 18 19 19 22 20 16 21 20 22 26 23 13 24 22 25 22 26 30 27 22 28 29 29 10 30 24 31 20 32 10 33 29 34 12 35 21 44 22 45 21 46 16 47 10 48 23 49 29 50 14 51 18 12 24 18 25 12 26 14 27 26 44 21 45 15 46 21 47 11 48 19 49 18 50 21 51 30 4 56 16 57 11 58 21 59 21
5 4 0 18 1 27 2 24 3 14 36 4 21 5 26 6 30 7 17 12 19 13 18 14 23 15 14 16 20 17 17 18 24 19 18 20 13 21 17 22 20 23 21 28 20 29 29 30 18 31 10 32 10 33 17 34 15 35 18 40 16 41 19 42 26 43 10 44 22 45 10 46 13 47 11 48 10 49 30 50 28 51 11 16 8 10 9 15 10 29 11 18 20 20 21 30 22 27 23 29 24 21 25 22 26 12 27 30 40 25 41 25 42 19 43 23 24 8 11 9 11 10 19 11 10 12 13 13 15 14 28 15 28 20 29 21 17 22 12 23 19 28 21 29 17 30 13 31 21 32 17 33 21 34 10 35 13 40 14 41 20 42 16 43 27 4 56 14 57 21 58 23 59 17
5 4 0 29 1 22 2 16 3 16 52 4 14 5 22 6 16 7 18 8 20 9 27 10 18 11 30 12 29 13 22 14 30 15 19 16 24 17 28 18 24 19 30 20 22 21 20 22 22 23 23 24 19 25 22 26 17 27 20 28 24 29 25 30 20 31 18 32 26 33 30 34 12 35 19 36 20 37 19 38 20 39 27 40 17 41 14 42 25 43 23 44 15 45 19 46 20 47 17 48 25 49 23 50 28 51 18 52 17 53 11 54 10 55 26 24 16 11 17 28 18 27 19 13 20 15 21 28 22 13 23 16 36 22 37 23 38 12 39 15 44 10 45 26 46 23 47 14 48 19 49 22 50 30 51 25 52 20 53 13 54 18 55 24 44 4 18 5 18 6 22 7 24 8 26 9 17 10 18 11 30 12 14 13 28 14 12 15 29 20 21 21 24 22 21 23 17 24 19 25 26 26 24 27 21 28 23 29 20 30 13 31 23 36 28 37 21 38 26 39 22 40 22 41 28 42 15 43 24 44 25 45 22 46 29 47 16 48 13 49 16 50 14 51 22 52 21 53 17 54 10 55 13 4 56 12 57 16 58 25 59 25
5 4 0 25 1 27 2 15 3 10 52 4 13 5 12 6 18 7 16 8 21 9 15 10 16 11 25 12 18 13 13 14 26 15 14 16 29 17 16 18 29 19 25 20 27 21 16 22 25 23 22 24 11 25 11 26 14 27 20 28 30 29 17 30 27 31 21 32 22 33 26 34 15 35 27 36 15 37 13 38 11 39 23 40 10 41 11 42 19 43 24 44 26 45 23 46 28 47 23 48 11 49 10 50 10 51 12 52 29 53 22 54 13 55 26 12 4 23 5 27 6 19 7 11 24 30 25 13 26 17 27 14 36 24 37 24 38 10 39 28 8 32 23 33 17 34 25 35 28 48 14 49 23 50 22 51 23 4 56 19 57 18 58 15 59 29
5 4 0 19 1 28 2 13 3 26 16 24 24 25 26 26 16 27 15 32 18 33 23 34 30 35 30 48 17 49 20 50 25 51 25 52 28 53 24 54 15 55 14 12 28 17 29 28 30 18 31 25 32 22 33 17 34 13 35 20 44 18 45 17 46 19 47 17 40 4 12 5 26 6 18 7 20 8 16 9 15 10 27 11 27 12 26 13 10 14 12 15 13 20 20 21 27 22 20 23 26 28 12 29 28 30 25 31 24 32 27 33 26 34 22 35 11 36 15 37 25 38 19 39 27 40 18 41 22 42 13 43 10 48 30 49 25 50 21 51 29 52 10 53 30 54 28 55 28 4 56 21 57 15 58 16 59 23
5 4 0 11 1 11 2 24 3 12 28 8 15 9 22 10 19 11 13 12 30 13 10 14 22 15 15 28 11 29 30 30 20 31 30 32 12 33 18 34 20 35 30 36 24 37 19 38 21 39 26 44 23 45 16 46 30 47 26 48 14 49 25 50 29 51 21 52 4 29 5 16 6 26 7 27 8 19 9 20 10 18 11 29 12 12 13 21 14 10 15 23 16 10 17 19 18 23 19 15 20 10 21 21 22 23 23 29 24 12 25 16 26 10 27 16 28 21 29 14 30 25 31 24 32 27 33 28 34 24 35 21 36 11 37 16 38 24 39 19 40 14 41 30 42 26 43 14 44 24 45 12 46 23 47 16 48 16 49 29 50 30 51 23 52 20 53 29 54 12 55 19 4 4 25 5 12 6 13 7 20 4 56 12 57 24 58 29 59 15
5 4 0 22 1 18 2 11 3 12 16 4 13 5 18 6 20 7 28 12 17 13 14 14 21 15 14 16 21 17 27 18 30 19 23 28 22 29 28 30 19 31 26 44 4 19 5 14 6 15 7 17 12 26 13 11 14 25 15 22 16 20 17 11 18 22 19 26 20 13 21 12 22 14 23 18 24 25 25 12 26 28 27 17 28 23 29 16 30 26 31 13 32 30 33 28 34 30 35 23 36 10 37 10 38 21 39 30 40 17 41 23 42 10 43 19 44 21 45 13 46 27 47 26 48 18 49 20 50 10 51 22 24 4 18 5 21 6 13 7 18 12 11 13 19 14 20 15 10 20 25 21 10 22 12 23 18 28 29 29 17 30 16 31 24 44 11 45 24 46 27 47 19 48 19 49 12 50 24 51 12 4 56 16 57 26 58 16 59 25
5 4 0 30 1 19 2 13 3 15 44 8 10 9 15 10 14 11 20 12 16 13 13 14 21 15 22 16 22 17 27 18 10 19 24 20 24 21 19 22 15 23 18 24 16 25 15 26 18 27 11 32 29 33 12 34 20 35 13 36 30 37 23 38 10 39 27 40 14 41 25 42 19 43 17 44 14 45 27 46 18 47 19 48 23 49 20 50 18 51 11 52 11 53 15 54 17 55 14 28 4 27 5 23 6 22 7 23 16 12 17 26 18 10 19 16 20 25 21 11 22 30 23 19 32 24 33 20 34 19 35 15 36 20 37 27 38 30 39 30 44 13 45 29 46 11 47 12 48 28 49 18 50 30 51 24 44 4 26 5 12 6 16 7 11 8 11 9 17 10 15 11 19 12 21 13 20 14 12 15 24 16 21 17 21 18 13 19 22 20 12 21 24 22 19 23 22 24 20 25 14 26 25 27 29 28 29 29 11 30 30 31 12 32 26 33 21 34 21 35 22 44 19 45 22 46 15 47 29 48 17 49 12 50 17 51 12 52 20 53 26 54 14 55 14 4 56 11 57 14 58 15 59 14
5 4 0 14 1 11 2 13 3 25 20 12 11 13 30 14 27 15 27 16 25 17 11 18 10 19 23 24 16 25 10 26 29 27 15 32 28 33 24 34 19 35 27 40 28 41 30 42 14 43 17 16 16 19 17 12 18 29 19 24 36 21 37 24 38 22 39 25 40 28 41 15 42 27 43 22 44 23 45 25 46 14 47 29 48 4 11 5 27 6 13 7 17 8 20 9 26 10 11 11 30 12 28 13 17 14 19 15 17 20 10 21 27 22 12 23 26 24 16 25 15 26 19 27 20 28 12 29 26 30 21 31 28 32 29 33 15 34 19 35 18 36 17 37 15 38 30 39 17 40 16 41 13 42 19 43 27 44 16 45 19 46 28 47 12 48 21 49 17 50 27 51 29 52 27 53 12 54 29 55 17 4 56 10 57 10 58 19 59 29
5 4 0 26 1 21 2 24 3 30 36 8 24 9 21 10 16 11 11 20 28 21 18 22 25 23 15 24 23 25 17 26 11 27 19 32 25 33 10 34 14 35 23 36 14 37 18 38 15 39 22 40 13 41 16 42 27 43 27 44 22 45 24 46 13 47 19 48 21 49 16 50 12 51 22 52 25 53 24 54 21 55 15 8 4 20 5 23 6 15 7 12 24 14 25 11 26 24 27 19 36 8 16 9 11 10 28 11 28 12 20 13 29 14 10 15 15 16 30 17 27 18 13 19 27 20 18 21 23 22 13 23 18 24 27 25 17 26 29 27 12 28 28 29 30 30 10 31 24 36 29 37 10 38 24 39 15 40 27 41 18 42 19 43 23 44 18 45 11 46 25 47 18 4 56 30 57 29 58 12 59 29
5 4 0 21 1 30 2 18 3 26 40 4 22 5 28 6 20 7 20 8 15 9 26 10 21 11 23 16 18 17 12 18 17 19 27 20 17 21 11 22 15 23 27 24 20 25 12 26 18 27 14 28 17 29 16 30 15 31 15 32 28 33 14 34 27 35 17 36 15 37 23 38 17 39 26 40 26 41 22 42 20 43 26 48 13 49 23 50 10 51 27 12 4 27 5 27 6 29 7 25 20 12 21 26 22 19 23 27 48 17 49 11 50 10 51 30 4 4 20 5 20 6 10 7 24 4 56 22 57 29 58 16 59 16
5 4 0 26 1 13 2 19 3 22 48 4 27 5 22 6 22 7 15 8 29 9 15 10 17 11 15 12 10 13 26 14 24 15 25 16 24 17 27 18 28 19 24 20 30 21 20 22 13 23 26 24 21 25 15 26 13 27 23 28 20 29 28 30 26 31 21 32 26 33 26 34 16 35 29 36 27 37 30 38 17 39 12 44 10 45 25 46 27 47 19 48 20 49 17 50 13 51 16 52 22 53 20 54 11 55 27 44 4 12 5 18 6 26 7 18 8 13 9 24 10 30 11 13 12 13 13 12 14 24 15 28 16 24 17 18 18 30 19 22 20 24 21 16 22 14 23 18 28 22 29 11 30 16 31 29 32 11 33 15 34 19 35 15 36 20 37 21 38 12 39 28 40 28 41 29 42 27 43 16 44 10 45 16 46 26 47 20 52 28 53 15 54 18 55 26 24 12 20 13 27 14 20 15 18 16 13 17 10 18 23 19 18 24 21 25 17 26 25 27 29 36 11 37 17 38 20 39 26 40 14 41 25 42 10 43 22 44 10 45 21 46 29 47 29 4 56 14 57 23 58 16 59 11
5 4 0 28 1 13 2 27 3 22 52 4 14 5 28 6 25 7 17 8 10 9 26 10 10 11 27 12 19 13 28 14 26 15 13 16 22 17 14 18 26 19 25 20 11 21 20 22 21 23 19 24 23 25 14 26 24 27 24 28 18 29 14 30 22 31 30 32 13 33 19 34 20 35 25 36 15 37 29 38 26 39 19 40 13 41 26 42 29 43 23 44 22 45 16 46 17 47 21 48 10 49 13 50 17 51 25 52 11 53 25 54 13 55 22 52 4 17 5 15 6 28 7 14 8 13 9 14 10 12 11 24 12 10 13 20 14 13 15 10 16 15 17 11 18 14 19 16 20 26 21 24 22 24 23 25 24 21 25 22 26 28 27 27 28 15 29 17 30 25 31 27 32 18 33 23 34 13 35 29 36 28 37 12 38 29 39 12 40 29 41 28 42 16 43 18 44 23 45 19 46 25 47 24 48 12 49 13 50 28 51 11 52 14 53 19 54 19 55 18 4 48 29 49 14 50 18 51 17 4 56 30 57 20 58 22 59 14
5 4 0 29 1 21 2 14 3 10 48 4 18 5 22 6 12 7 23 8 15 9 10 10 17 11 12 12 27 13 18 14 25 15 26 16 19 17 22 18 16 19 30 20 11 21 20 22 11 23 17 24 17 25 17 26 14 27 18 28 12 29 15 30 20 31 13 32 20 33 24 34 21 35 29 36 27 37 28 38 21 39 26 40 22 41 30 42 23 43 22 48 24 49 20 50 16 51 17 52 29 53 13 54 17 55 24 52 4 21 5 24 6 17 7 11 8 14 9 20 10 10 11 17 12 28 13 11 14 22 15 25 16 11 17 10 18 11 19 27 20 15 21 26 22 24 23 23 24 11 25 20 26 22 27 11 28 22 29 24 30 28 31 25 32 16 33 16 34 17 35 10 36 15 37 12 38 23 39 23 40 12 41 12 42 24 43 11 44 19 45 18 46 27 47 20 48 11 49 30 50 28 51 10 52 26 53 24 54 23 55 26 8 36 19 37 12 38 28 39 25 48 13 49 14 50 19 51 10 4 56 19 57 21 58 13 59 28
5 4 0 20 1 30 2 16 3 14 44 8 23 9 25 10 20 11 10 12 30 13 23 14 14 15 17 16 11 17 28 18 15 19 14 20 30 21 28 22 11 23 19 24 15 25 19 26 20 27 16 28 24 29 30 30 14 31 26 32 28 33 26 34 25 35 25 36 11 37 22 38 13 39 20 40 13 41 17 42 15 43 25 44 12 45 24 46 28 47 21 52 28 53 27 54 29 55 24 16 4 19 5 27 6 16 7 28 16 23 17 11 18 10 19 21 44 10 45 14 46 17 47 27 52 17 53 10 54 24 55 18 52 4 27 5 23 6 14 7 21 8 22 9 28 10 13 11 27 12 17 13 30 14 28 15 26 16 17 17 25 18 18 19 24 20 17 21 18 22 24 23 19 24 20 25 10 26 14 27 17 28 12 29 20 30 17 31 25 32 20 33 23 34 30 35 24 36 21 37 17 38 17 39 13 40 29 41 24 42 11 43 11 44 21 45 14 46 19 47 15 48 11 49 27 50 25 51 17 52 28 53 13 54 23 55 18 4 56 14 57 16 58 29 59 22
5 4 0 19 1 11 2 16 3 11 40 4 21 5 25 6 19 7 20 8 10 9 12 10 10 11 21 12 27 13 19 14 20 15 26 16 20 17 29 18 25 19 25 20 13 21 17 22 18 23 20 28 30 29 15 30 26 31 15 36 20 37 21 38 24 39 18 44 25 45 30 46 10 47 26 48 18 49 24 50 23 51 17 52 25 53 18 54 10 55 11 32 12 23 13 12 14 24 15 27 20 21 21 16 22 25 23 27 24 23 25 25 26 18 27 10 28 19 29 22 30 18 31 25 32 30 33 30 34 18 35 23 36 20 37 25 38 27 39 11 40 13 41 26 42 24 43 14 52 25 53 30 54 20 55 10 12 12 17 13 20 14 27 15 13 24 21 25 26 26 10 27 17 36 17 37 17 38 12 39 13 4 56 19 57 13 58 12 59 11
5 4 0 23 1 13 2 25 3 19 48 4 15 5 23 6 25 7 27 8 17 9 29 10 11 11 29 16 18 17 10 18 18 19 18 20 29 21 25 22 22 23 13 24 16 25 23 26 10 27 28 28 28 29 29 30 23 31 29 32 25 33 25 34 21 35 21 36 12 37 16 38 22 39 11 40 19 41 22 42 26 43 14 44 29 45 23 46 29 47 27 48 14 49 13 50 26 51 20 52 10 53 23 54 17 55 25 36 4 18 5 25 6 23 7 13 8 19 9 10 10 19 11 24 12 21 13 17 14 18 15 27 20 15 21 20 22 27 23 28 24 19 25 20 26 20 27 19 28 29 29 26 30 16 31 19 32 22 33 11 34 16 35 26 40 26 41 28 42 19 43 14 52 19 53 23 54 29 55 30 8 24 16 25 17 26 18 27 22 28 11 29 30 30 11 31 17 4 56 21 57 16 58 23 59 27
5 4 0 18 1 11 2 22 3 24 44 4 22 5 10 6 21 7 16 8 13 9 28 10 23 11 18 12 28 13 20 14 10 15 14 16 12 17 14 18 24 19 10 24 20 25 14 26 20 27 15 28 12 29 19 30 27 31 18 36 30 37 25 38 27 39 13 40 18 41 26 42 19 43 13 44 21 45 16 46 28 47 20 48 27 49 26 50 17 51 21 52 26 53 20 54 17 55 25 4 32 10 33 16 34 20 35 16 20 8 18 9 28 10 26 11 26 28 28 29 29 30 19 31 27 32 24 33 12 34 21 35 30 44 29 45 18 46 19 47 24 52 24 53 26 54 22 55 30 4 56 14 57 21 58 13 59 24
5 4 0 28 1 17 2 22 3 22 52 4 23 5 27 6 25 7 23 8 27 9 25 10 11 11 11 12 24 13 21 14 29 15 15 16 14 17 13 18 14 19 23 20 30 21 18 22 23 23 16 24 10 25 18 26 21 27 21 28 18 29 24 30 27 31 23 32 24 33 10 34 21 35 22 36 18 37 27 38 17 39 23 40 23 41 30 42 12 43 15 44 20 45 22 46 17 47 11 48 13 49 19 50 17 51 27 52 18 53 21 54 26 55 21 48 4 28 5 10 6 30 7 29 8 15 9 27 10 18 11 10 12 27 13 17 14 27 15 18 16 30 17 22 18 19 19 19 20 24 21 10 22 12 23 18 24 17 25 20 26 16 27 29 28 11 29 25 30 29 31 26 32 14 33 16 34 12 35 13 36 24 37 24 38 21 39 18 40 20 41 20 42 27 43 22 44 26 45 29 46 14 47 16 52 25 53 23 54 17 55 21 12 20 12 21 30 22 30 23 15 40 22 41 14 42 17 43 26 44 16 45 29 46 13 47 29 4 56 28 57 20 58 28 59 16
5 4 0 28 1 24 2 26 3 10 20 8 24 9 30 10 25 11 20 16 27 17 27 18 27 19 26 28 23 29 20 30 16 31 20 36 10 37 17 38 10 39 24 52 29 53 22 54 14 55 30 4 4 28 5 18 6 30 7 30 24 16 14 17 30 18 23 19 21 20 16 21 28 22 26 23 29 24 20 25 28 26 18 27 18 28 21 29 29 30 10 31 21 36 17 37 29 38 28 39 23 52 30 53 19 54 14 55 14 4 56 22 57 17 58 25 59 23
5 4 0 10 1 14 2 25 3 17 40 8 11 9 25 10 15 11 14 12 26 13 23 14 25 15 22 16 26 17 10 18 18 19 18 20 17 21 13 22 21 23 19 28 11 29 12 30 13 31 20 32 18 33 30 34 16 35 17 40 14 41 30 42 14 43 14 44 22 45 30 46 15 47 16 48 22 49 12 50 22 51 11 52 30 53 22 54 15 55 30 20 8 25 9 30 10 11 11 29 12 24 13 24 14 15 15 17 16 10 17 27 18 11 19 30 36 10 37 10 38 26 39 27 40 25 41 26 42 22 43 28 8 4 18 5 21 6 16 7 28 36 14 37 12 38 29 39 18 4 56 16 57 20 58 15 59 17
5 4 0 22 1 15 2 26 3 26 40 8 27 9 29 10 29 11 22 16 26 17 26 18 12 19 24 20 18 21 21 22 21 23 22 24 28 25 23 26 11 27 29 28 24 29 13 30 23 31 28 32 30 33 14 34 19 35 19 36 11 37 24 38 15 39 26 40 29 41 13 42 27 43 29 44 30 45 29 46 12 47 26 52 24 53 16 54 28 55 21 20 8 14 9 16 10 18 11 27 16 13 17 12 18 18 19 12 20 15 21 19 22 22 23 30 24 25 25 10 26 18 27 19 36 22 37 23 38 10 39 13 44 4 24 5 29 6 11 7 16 8 15 9 11 10 14 11 12 12 18 13 17 14 11 15 18 16 14 17 16 18 18 19 18 20 27 21 13 22 17 23 14 24 25 25 18 26 27 27 24 28 24 29 22 30 24 31 15 32 18 33 14 34 18 35 16 36 10 37 12 38 19 39 28 44 15 45 30 46 18 47 17 48 17 49 23 50 17 51 21 4 56 12 57 17 58 26 59 21
5 4 0 19 1 27 2 23 3 11 48 4 14 5 16 6 15 7 16 8 26 9 25 10 24 11 15 12 21 13 10 14 28 15 10 16 24 17 15 18 26 19 29 20 15 21 30 22 21 23 21 28 12 29 12 30 20 31 11 32 11 33 14 34 20 35 30 36 17 37 11 38 25 39 25 40 18 41 29 42 30 43 23 44 11 45 22 46 13 47 29 48 16 49 18 50 28 51 26 52 11 53 22 54 30 55 23 20 12 23 13 23 14 30 15 28 16 26 17 10 18 24 19 24 20 15 21 24 22 25 23 27 36 18 37 23 38 27 39 29 48 11 49 23 50 24 51 17 48 4 27 5 18 6 25 7 19 8 20 9 15 10 17 11 24 16 21 17 19 18 18 19 18 20 27 21 11 22 23 23 24 24 20 25 18 26 28 27 20 28 17 29 23 30 16 31 21 32 29 33 29 34 12 35 23 36 13 37 22 38 30 39 19 40 24 41 14 42 24 43 25 44 13 45 18 46 24 47 16 48 29 49 16 50 16 51 24 52 10 53 15 54 28 55 24 4 56 23 57 24 58 18 59 21
5 4 0 11 1 14 2 28 3 22 16 8 20 9 25 10 16 11 25 16 25 17 25 18 24 19 10 44 16 45 14 46 23 47 10 48 17 49 25 50 16 51 25 40 4 22 5 14 6 17 7 12 8 26 9 11 10 28 11 26 12 23 13 17 14 14 15 25 16 19 17 25 18 23 19 25 20 23 21 10 22 29 23 10 24 21 25 11 26 13 27 11 32 19 33 30 34 19 35 10 36 14 37 13 38 17 39 28 40 18 41 24 42 28 43 18 52 15 53 24 54 23 55 20 52 4 17 5 29 6 15 7 30 8 24 9 11 10 13 11 15 12 18 13 19 14 16 15 25 16 14 17 26 18 25 19 29 20 14 21 25 22 30 23 25 24 30 25 12 26 23 27 11 28 17 29 12 30 25 31 30 32 18 33 29 34 13 35 13 36 20 37 14 38 28 39 15 40 14 41 11 42 11 43 15 44 30 45 14 46 17 47 16 48 10 49 12 50 30 51 28 52 13 53 24 54 13 55 24 4 56 16 57 10 58 29 59 23
5 4 0 29 1 11 2 25 3 30 16 20 25 21 14 22 24 23 28 32 27 33 10 34 14 35 18 36 13 37 27 38 18 39 14 48 21 49 16 50 15 51 10 4 8 11 9 25 10 19 11 24 44 4 17 5 20 6 18 7 24 12 10 13 11 14 27 15 23 16 19 17 28 18 25 19 22 20 14 21 25 22 15 23 19 24 16 25 19 26 18 27 17 28 28 29 13 30 12 31 26 32 20 33 11 34 11 35 29 36 28 37 29 38 24 39 27 44 23 45 26 46 12 47 28 48 17 49 16 50 14 51 17 52 12 53 15 54 29 55 24 4 56 23 57 13 58 20 59 17
5 4 0 25 1 28 2 28 3 11 4 48 25 49 23 50 11 51 28 40 4 28 5 17 6 19 7 18 12 12 13 30 14 21 15 11 16 27 17 14 18 26 19 23 20 20 21 22 22 22 23 20 24 13 25 28 26 30 27 28 28 17 29 10 30 10 31 27 40 18 41 14 42 16 43 10 44 19 45 27 46 17 47 16 48 25 49 11 50 19 51 10 52 21 53 21 54 13 55 10 16 4 25 5 24 6 22 7 29 36 16 37 23 38 14 39 14 40 17 41 20 42 28 43 26 48 22 49 15 50 23 51 28 4 56 12 57 29 58 10 59 22
5 4 0 29 1 29 2 26 3 27 28 8 13 9 16 10 22 11 15 12 27 13 10 14 19 15 12 20 15 21 28 22 25 23 28 24 16 25 14 26 24 27 24 36 23 37 27 38 17 39 23 48 24 49 27 50 16 51 12 52 24 53 12 54 13 55 30 20 16 16 17 30 18 16 19 19 24 19 25 16 26 21 27 21 28 27 29 27 30 14 31 14 36 23 37 19 38 26 39 26 40 30 41 27 42 12 43 10 12 4 12 5 19 6 25 7 20 20 28 21 16 22 15 23 28 40 12 41 22 42 12 43 13 4 56 12 57 24 58 18 59 20
5 4 0 15 1 17 2 11 3 17 20 4 24 5 23 6 19 7 14 20 21 21 28 22 23 23 21 28 20 29 14 30 16 31 21 40 10 41 28 42 13 43 30 52 13 53 11 54 23 55 16 4 52 22 53 23 54 16 55 27 24 12 30 13 16 14 26 15 25 16 10 17 18 18 26 19 23 36 13 37 22 38 29 39 27 44 17 45 12 46 14 47 21 48 27 49 10 50 15 51 23 52 25 53 25 54 24 55 22 4 56 27 57 30 58 16 59 29
5 4 0 26 1 20 2 21 3 26 16 24 24 25 20 26 19 27 23 28 17 29 22 30 22 31 19 48 13 49 11 50 20 51 26 52 29 53 10 54 23 55 11 36 4 29 5 28 6 30 7 27 8 24 9 15 10 27 11 11 12 30 13 26 14 10 15 14 24 11 25 18 26 26 27 22 28 30 29 26 30 13 31 23 32 26 33 21 34 24 35 10 36 11 37 13 38 24 39 23 44 25 45 17 46 18 47 20 48 11 49 30 50 21 51 27 28 8 12 9 26 10 25 11 26 20 25 21 25 22 18 23 15 28 24 29 25 30 10 31 10 36 12 37 11 38 27 39 21 40 28 41 24 42 15 43 21 44 13 45 21 46 14 47 28 48 13 49 10 50 30 51 23 4 56 25 57 22 58 18 59 20
5 4 0 12 1 14 2 23 3 11 28 4 25 5 15 6 10 7 10 12 22 13 27 14 14 15 14 20 11 21 14 22 22 23 13 24 25 25 28 26 20 27 22 36 10 37 25 38 12 39 26 40 27 41 13 42 26 43 17 44 27 45 18 46 14 47 20 28 8 27 9 10 10 10 11 19 20 16 21 22 22 22 23 19 24 26 25 12 26 20 27 20 28 29 29 17 30 12 31 17 36 25 37 14 38 16 39 13 40 23 41 27 42 11 43 13 44 28 45 22 46 26 47 25 32 12 22 13 24 14 30 15 18 20 28 21 12 22 11 23 16 24 22 25 17 26 17 27 23 36 18 37 15 38 16 39 17 40 24 41 28 42 18 43 25 44 14 45 22 46 12 47 20 48 29 49 26 50 15 51 23 52 13 53 30 54 19 55 24 4 56 15 57 29 58 16 59 24
5 4 0 29 1 13 2 22 3 12 28 4 16 5 19 6 29 7 20 20 20 21 27 22 23 23 18 24 30 25 13 26 10 27 10 32 26 33 11 34 21 35 30 36 14 37 18 38 18 39 21 48 18 49 21 50 20 51 13 52 22 53 13 54 20 55 13 32 12 27 13 21 14 20 15 15 20 24 21 28 22 16 23 12 24 15 25 29 26 11 27 11 28 11 29 27 30 12 31 18 36 26 37 26 38 14 39 17 40 28 41 22 42 27 43 11 48 21 49 27 50 26 51 16 52 12 53 24 54 20 55 16 16 20 13 21 22 22 24 23 25 28 20 29 25 30 24 31 30 48 13 49 15 50 28 51 22 52 25 53 19 54 23 55 20 4 56 24 57 12 58 28 59 10
5 4 0 27 1 28 2 28 3 11 20 16 20 17 25 18 22 19 23 20 11 21 26 22 30 23 22 28 30 29 17 30 16 31 17 36 25 37 30 38 16 39 19 40 26 41 18 42 26 43 28 48 4 17 5 24 6 25 7 29 8 23 9 25 10 20 11 23 12 20 13 27 14 12 15 27 16 15 17 18 18 21 19 30 20 17 21 28 22 10 23 11 24 17 25 17 26 17 27 25 28 13 29 18 30 21 31 15 32 12 33 15 34 15 35 26 36 30 37 14 38 29 39 16 40 21 41 12 42 29 43 27 44 20 45 20 46 21 47 12 52 27 53 16 54 15 55 28 32 4 25 5 27 6 15 7 25 8 17 9 23 10 21 11 19 20 18 21 16 22 11 23 26 28 29 29 12 30 28 31 14 32 12 33 29 34 26 35 29 36 27 37 10 38 19 39 27 44 20 45 20 46 28 47 15 52 19 53 20 54 18 55 13 4 56 14 57 25 58 13 59 12
5 4 0 17 1 15 2 24 3 15 24 4 20 5 10 6 14 7 11 8 25 9 25 10 24 11 14 12 29 13 10 14 12 15 14 36 16 37 10 38 28 39 25 44 15 45 14 46 14 47 19 52 13 53 22 54 14 55 11 36 4 21 5 14 6 18 7 26 8 21 9 29 10 23 11 21 12 16 13 12 14 17 15 29 24 18 25 28 26 29 27 28 28 21 29 29 30 25 31 30 32 16 33 18 34 30 35 14 36 24 37 26 38 16 39 21 48 29 49 27 50 21 51 21 52 17 53 16 54 28 55 15 8 12 16 13 29 14 12 15 24 28 13 29 30 30 15 31 18 4 56 17 57 19 58 15 59 26
5 4 0 18 1 28 2 29 3 29 52 4 15 5 13 6 13 7 11 8 22 9 10 10 22 11 15 12 11 13 26 14 18 15 16 16 18 17 27 18 11 19 25 20 22 21 13 22 19 23 25 24 16 25 11 26 15 27 14 28 17 29 11 30 22 31 12 32 24 33 22 34 28 35 28 36 22 37 11 38 15 39 29 40 26 41 24 42 27 43 22 44 10 45 28 46 25 47 12 48 19 49 14 50 15 51 30 52 10 53 15 54 17 55 22 36 4 25 5 30 6 10 7 18 8 26 9 24 10 24 11 21 16 22 17 19 18 14 19 27 24 22 25 20 26 12 27 10 28 23 29 15 30 15 31 25 36 20 37 13 38 21 39 10 40 17 41 30 42 10 43 15 44 30 45 24 46 28 47 14 52 16 53 22 54 27 55 23 48 4 12 5 22 6 12 7 22 8 13 9 15 10 23 11 14 12 12 13 27 14 10 15 13 16 19 17 25 18 16 19 10 20 21 21 19 22 29 23 22 24 28 25 14 26 19 27 24 28 23 29 20 30 26 31 10 32 12 33 12 34 29 35 28 36 19 37 27 38 12 39 27 44 14 45 10 46 16 47 29 48 29 49 14 50 12 51 24 52 23 53 30 54 10 55 20 4 56 30 57 14 58 21 59 20
5 4 0 14 1 20 2 25 3 28 8 12 26 13 15 14 21 15 13 36 10 37 29 38 17 39 10 32 16 28 17 19 18 28 19 22 20 28 21 20 22 13 23 19 24 28 25 20 26 10 27 29 28 20 29 28 30 27 31 18 32 24 33 13 34 18 35 15 36 24 37 14 38 21 39 20 44 21 45 26 46 18 47 16 48 14 49 28 50 24 51 14 40 8 20 9 21 10 27 11 14 12 21 13 12 14 17 15 11 16 17 17 28 18 25 19 13 20 13 21 18 22 11 23 12 24 13 25 12 26 18 27 12 28 13 29 10 30 25 31 10 32 21 33 18 34 25 35 11 44 22 45 13 46 24 47 24 48 28 49 25 50 22 51 25 52 23 53 13 54 16 55 25 4 56 25 57 28 58 24 59 24
5 4 0 30 1 15 2 23 3 11 20 8 29 9 18 10 13 11 18 24 20 25 20 26 22 27 11 36 29 37 12 38 22 39 29 44 27 45 12 46 13 47 17 52 18 53 19 54 11 55 27 16 16 28 17 25 18 14 19 27 20 14 21 20 22 30 23 30 36 13 37 20 38 10 39 13 52 21 53 17 54 29 55 13 16 4 18 5 23 6 11 7 29 12 27 13 25 14 13 15 10 28 22 29 22 30 19 31 19 52 11 53 12 54 24 55 17 4 56 27 57 30 58 15 59 28
5 4 0 19 1 13 2 10 3 23 20 4 30 5 19 6 30 7 23 16 12 17 28 18 11 19 18 28 14 29 27 30 23 31 22 36 17 37 16 38 16 39 24 52 10 53 22 54 12 55 14 44 4 14 5 28 6 12 7 12 8 26 9 16 10 10 11 23 12 28 13 29 14 21 15 25 16 28 17 13 18 14 19 30 24 22 25 26 26 25 27 25 32 26 33 27 34 27 35 30 36 15 37 23 38 15 39 26 40 22 41 25 42 30 43 21 44 17 45 17 46 13 47 22 48 26 49 30 50 10 51 21 52 21 53 22 54 24 55 16 32 4 23 5 23 6 14 7 25 12 20 13 16 14 29 15 22 16 28 17 26 18 15 19 17 20 19 21 28 22 13 23 22 24 19 25 10 26 29 27 16 32 15 33 17 34 14 35 14 36 23 37 26 38 19 39 13 44 20 45 11 46 29 47 15 4 56 26 57 24 58 30 59 15
5 4 0 30 1 16 2 12 3 27 4 44 29 45 14 46 23 47 27 36 4 15 5 19 6 13 7 26 12 26 13 15 14 22 15 30 20 12 21 27 22 16 23 23 24 28 25 26 26 16 27 28 28 16 29 22 30 19 31 22 36 22 37 13 38 30 39 20 44 26 45 20 46 26 47 16 48 25 49 28 50 24 51 18 52 23 53 11 54 27 55 30 28 8 10 9 17 10 20 11 21 20 18 21 13 22 13 23 14 24 30 25 29 26 17 27 13 28 23 29 30 30 29 31 11 32 26 33 24 34 10 35 10 36 11 37 13 38 29 39 17 44 15 45 10 46 26 47 19 4 56 21 57 25 58 12 59 26
5 4 0 11 1 11 2 27 3 14 4 8 29 9 12 10 12 11 27 24 12 22 13 21 14 19 15 12 20 22 21 12 22 29 23 27 24 20 25 15 26 27 27 30 36 25 37 27 38 17 39 28 48 21 49 20 50 18 51 29 52 24 53 18 54 27 55 11 28 4 29 5 14 6 24 7 18 8 22 9 20 10 14 11 13 20 24 21 14 22 23 23 16 24 21 25 16 26 12 27 19 36 17 37 25 38 22 39 13 40 20 41 23 42 25 43 27 44 29 45 12 46 20 47 23 4 56 29 57 25 58 19 59 29
5 4 0 30 1 19 2 28 3 19 32 4 30 5 18 6 18 7 24 12 22 13 26 14 10 15 22 16 24 17 14 18 15 19 12 20 12 21 18 22 19 23 25 28 19 29 25 30 28 31 15 32 19 33 19 34 29 35 11 36 26 37 19 38 19 39 16 40 25 41 24 42 12 43 24 8 24 30 25 29 26 10 27 18 44 25 45 20 46 16 47 12 4 8 21 9 11 10 29 11 15 4 56 25 57 20 58 28 59 17
5 4 0 10 1 17 2 14 3 24 4 52 16 53 17 54 19 55 30 40 4 23 5 13 6 16 7 25 8 26 9 30 10 18 11 12 12 12 13 11 14 16 15 15 20 18 21 21 22 10 23 16 24 21 25 24 26 19 27 26 32 29 33 30 34 20 35 28 36 28 37 19 38 11 39 17 40 30 41 23 42 27 43 12 44 25 45 23 46 12 47 22 48 21 49 12 50 25 51 16 48 4 12 5 15 6 28 7 17 8 15 9 20 10 11 11 29 12 24 13 20 14 16 15 14 16 21 17 19 18 15 19 24 20 10 21 13 22 18 23 10 24 14 25 27 26 18 27 21 28 25 29 12 30 11 31 16 32 29 33 29 34 12 35 30 36 17 37 25 38 20 39 19 40 28 41 12 42 27 43 25 48 14 49 27 50 12 51 30 52 21 53 15 54 23 55 28 4 56 22 57 30 58 18 59 26
5 4 0 27 1 29 2 11 3 18 40 4 15 5 30 6 27 7 10 8 21 9 27 10 16 11 23 16 16 17 12 18 25 19 15 20 12 21 29 22 24 23 17 24 22 25 23 26 21 27 15 28 22 29 14 30 20 31 30 32 20 33 25 34 10 35 23 36 20 37 21 38 23 39 19 48 17 49 30 50 22 51 26 52 22 53 16 54 24 55 24 8 4 17 5 18 6 26 7 22 20 12 21 29 22 21 23 10 4 16 19 17 13 18 13 19 27 4 56 27 57 18 58 29 59 26
5 4 0 11 1 10 2 22 3 23 20 12 14 13 10 14 17 15 24 24 15 25 16 26 10 27 28 32 29 33 28 34 15 35 30 36 17 37 25 38 19 39 18 52 17 53 24 54 26 55 28 28 4 29 5 27 6 28 7 16 8 11 9 13 10 10 11 13 28 20 29 27 30 22 31 26 40 23 41 24 42 13 43 11 44 10 45 19 46 24 47 20 48 23 49 29 50 22 51 30 52 20 53 14 54 30 55 27 32 4 24 5 21 6 18 7 18 16 10 17 26 18 14 19 23 24 20 25 18 26 30 27 17 28 15 29 26 30 17 31 15 36 20 37 22 38 13 39 29 40 10 41 17 42 18 43 30 48 10 49 17 50 12 51 18 52 15 53 18 54 20 55 20 4 56 13 57 19 58 27 59 19
5 4 0 18 1 12 2 21 3 26 16 8 20 9 22 10 20 11 14 24 22 25 20 26 25 27 19 32 13 33 28 34 13 35 11 40 17 41 13 42 26 43 26 28 12 24 13 30 14 26 15 21 24 11 25 16 26 17 27 15 28 27 29 12 30 14 31 19 32 28 33 19 34 29 35 23 40 10 41 12 42 27 43 12 44 18 45 26 46 12 47 28 52 26 53 18 54 29 55 20 20 4 19 5 22 6 21 7 16 20 25 21 10 22 27 23 13 24 12 25 30 26 15 27 25 36 20 37 19 38 13 39 19 52 24 53 29 54 26 55 21 4 56 27 57 19 58 20 59 21
5 4 0 20 1 26 2 19 3 24 8 24 22 25 15 26 21 27 22 44 20 45 26 46 11 47 22 40 4 13 5 14 6 19 7 19 12 26 13 26 14 10 15 22 16 11 17 26 18 26 19 14 20 11 21 24 22 11 23 11 32 18 33 22 34 25 35 10 36 29 37 17 38 28 39 27 40 11 41 12 42 13 43 19 44 26 45 23 46 10 47 13 48 24 49 22 50 28 51 28 52 25 53 11 54 24 55 30 4 44 30 45 10 46 16 47 26 4 56 13 57 13 58 20 59 12
5 4 0 21 1 19 2 29 3 22 20 28 13 29 11 30 21 31 25 32 24 33 26 34 20 35 25 36 22 37 22 38 14 39 22 40 10 41 29 42 19 43 13 48 28 49 13 50 12 51 27 32 4 27 5 28 6 13 7 22 12 13 13 22 14 22 15 14 24 18 25 20 26 30 27 24 28 15 29 14 30 21 31 18 32 12 33 16 34 30 35 22 40 25 41 11 42 12 43 14 48 28 49 29 50 11 51 11 52 12 53 29 54 25 55 30 16 4 28 5 20 6 12 7 25 8 20 9 24 10 17 11 21 20 30 21 15 22 17 23 10 28 12 29 30 30 24 31 22 4 56 20 57 19 58 13 59 12
5 4 0 11 1 30 2 21 3 10 44 4 10 5 26 6 29 7 24 8 29 9 26 10 19 11 27 16 19 17 13 18 28 19 16 20 26 21 11 22 17 23 16 24 27 25 15 26 28 27 19 28 25 29 27 30 17 31 19 32 18 33 11 34 15 35 20 36 15 37 22 38 19 39 24 40 20 41 14 42 12 43 21 44 11 45 19 46 23 47 17 48 17 49 11 50 20 51 26 52 4 21 5 17 6 17 7 25 8 24 9 24 10 24 11 19 12 22 13 16 14 17 15 18 16 23 17 21 18 21 19 10 20 17 21 11 22 20 23 11 24 13 25 21 26 27 27 16 28 15 29 19 30 28 31 17 32 11 33 19 34 11 35 27 36 21 37 25 38 10 39 16 40 25 41 12 42 19 43 20 44 14 45 12 46 28 47 27 48 17 49 19 50 28 51 14 52 17 53 13 54 29 55 30 36 8 19 9 18 10 11 11 27 16 21 17 11 18 18 19 30 24 27 25 27 26 10 27 18 28 13 29 24 30 14 31 11 32 13 33 28 34 30 35 17 36 17 37 13 38 26 39 13 40 10 41 18 42 18 43 17 44 13 45 22 46 13 47 15 52 10 53 24 54 20 55 13 4 56 14 57 29 58 29 59 30
5 4 0 12 1 10 2 23 3 11 40 8 23 9 13 10 21 11 14 12 27 13 17 14 23 15 26 16 10 17 15 18 17 19 11 20 10 21 14 22 18 23 13 24 23 25 26 26 27 27 23 28 21 29 17 30 13 31 13 40 17 41 17 42 12 43 29 44 21 45 16 46 17 47 27 48 21 49 16 50 14 51 19 52 14 53 16 54 13 55 20 40 4 26 5 13 6 21 7 15 8 26 9 28 10 27 11 18 12 10 13 15 14 11 15 21 16 14 17 12 18 25 19 13 20 22 21 20 22 14 23 18 28 22 29 29 30 17 31 13 32 14 33 16 34 26 35 18 40 27 41 24 42 15 43 22 44 10 45 25 46 30 47 16 52 12 53 24 54 22 55 20 4 28 30 29 24 30 23 31 18 4 56 29 57 18 58 12 59 22
5 4 0 15 1 17 2 25 3 26 24 4 20 5 12 6 11 7 19 12 23 13 12 14 20 15 17 16 18 17 12 18 21 19 12 28 10 29 11 30 11 31 10 32 28 33 22 34 16 35 11 48 10 49 23 50 22 51 20 44 4 23 5 26 6 28 7 26 16 24 17 14 18 15 19 14 20 12 21 29 22 14 23 17 24 14 25 13 26 13 27 23 28 23 29 24 30 23 31 21 32 12 33 16 34 20 35 19 36 20 37 12 38 15 39 27 40 10 41 10 42 15 43 18 44 15 45 16 46 21 47 20 48 18 49 19 50 26 51 14 52 23 53 26 54 18 55 13 20 8 17 9 18 10 14 11 24 20 26 21 22 22 22 23 19 28 27 29 15 30 19 31 18 40 19 41 13 42 24 43 28 52 25 53 25 54 12 55 24 4 56 17 57 12 58 12 59 12
5 4 0 22 1 16 2 21 3 22 52 4 24 5 14 6 22 7 25 8 24 9 22 10 28 11 27 12 15 13 15 14 13 15 24 16 10 17 18 18 14 19 13 20 10 21 13 22 17 23 25 24 20 25 22 26 19 27 23 28 29 29 18 30 13 31 17 32 20 33 17 34 23 35 17 36 24 37 15 38 20 39 29 40 28 41 27 42 13 43 18 44 26 45 20 46 16 47 27 48 22 49 26 50 19 51 26 52 14 53 19 54 19 55 20 8 36 29 37 24 38 19 39 25 48 12 49 25 50 12 51 24 52 4 18 5 29 6 12 7 19 8 25 9 23 10 17 11 16 12 23 13 24 14 22 15 29 16 14 17 20 18 15 19 20 20 19 21 25 22 21 23 21 24 18 25 14 26 30 27 14 28 20 29 27 30 11 31 26 32 21 33 24 34 19 35 29 36 19 37 24 38 22 39 11 40 15 41 23 42 27 43 22 44 20 45 23 46 26 47 23 48 21 49 19 50 14 51 18 52 17 53 30 54 29 55 27 4 56 30 57 28 58 29 59 24
5 4 0 16 1 12 2 17 3 15 48 4 28 5 28 6 24 7 26 8 27 9 13 10 20 11 23 12 27 13 26 14 14 15 11 16 18 17 12 18 10 19 12 20 14 21 26 22 26 23 24 24 10 25 14 26 17 27 19 28 15 29 29 30 12 31 29 32 16 33 26 34 29 35 27 36 21 37 25 38 18 39 23 40 17 41 25 42 16 43 21 48 14 49 18 50 22 51 23 52 25 53 16 54 26 55 20 8 12 25 13 17 14 12 15 23 44 18 45 14 46 27 47 20 24 4 11 5 22 6 17 7 18 8 29 9 27 10 25 11 26 12 23 13 10 14 14 15 11 20 20 21 14 22 15 23 13 24 11 25 20 26 12 27 30 40 28 41 23 42 23 43 17 4 56 14 57 22 58 30 59 16
5 4 0 25 1 23 2 14 3 26 36 4 20 5 14 6 24 7 10 8 16 9 26 10 13 11 12 12 10 13 22 14 19 15 18 16 15 17 24 18 13 19 30 32 26 33 29 34 27 35 21 36 25 37 19 38 23 39 22 40 24 41 10 42 10 43 21 44 23 45 23 46 27 47 10 48 26 49 20 50 11 51 24 36 4 25 5 26 6 17 7 11 12 24 13 21 14 14 15 20 16 19 17 15 18 14 19 27 20 11 21 26 22 23 23 20 32 24 33 30 34 28 35 21 36 16 37 13 38 23 39 29 44 26 45 26 46 26 47 20 48 23 49 16 50 25 51 24 52 24 53 16 54 15 55 23 20 4 16 5 16 6 16 7 20 12 14 13 21 14 22 15 18 16 24 17 11 18 21 19 24 28 16 29 15 30 10 31 26 32 25 33 11 34 27 35 19 4 56 10 57 20 58 18 59 22
5 4 0 23 1 22 2 11 3 24 32 4 18 5 16 6 12 7 13 12 30 13 27 14 18 15 11 16 22 17 24 18 22 19 15 24 27 25 20 26 18 27 26 32 25 33 19 34 18 35 19 40 29 41 16 42 19 43 30 44 15 45 22 46 16 47 30 52 17 53 16 54 16 55 29 48 4 17 5 28 6 23 7 23 8 14 9 16 10 23 11 24 12 10 13 20 14 18 15 26 16 25 17 26 18 11 19 12 20 30 21 13 22 21 23 30 24 18 25 19 26 11 27 17 28 21 29 20 30 16 31 30 32 28 33 30 34 20 35 28 36 12 37 27 38 18 39 24 40 27 41 10 42 17 43 21 48 29 49 16 50 23 51 18 52 17 53 23 54 22 55 22 32 8 11 9 22 10 19 11 14 20 25 21 23 22 30 23 22 28 19 29 19 30 14 31 16 32 15 33 26 34 10 35 20 36 30 37 21 38 22 39 27 40 24 41 28 42 10 43 12 44 30 45 16 46 23 47 14 52 19 53 20 54 20 55 22 4 56 10 57 30 58 21 59 24
5 4 0 25 1 19 2 26 3 13 40 8 14 9 22 10 16 11 24 12 16 13 10 14 20 15 21 16 30 17 26 18 24 19 18 20 22 21 23 22 10 23 23 24 23 25 13 26 12 27 25 32 27 33 24 34 28 35 20 36 20 37 21 38 15 39 25 40 13 41 25 42 20 43 28 44 11 45 14 46 21 47 17 52 27 53 18 54 20 55 26 40 4 25 5 16 6 26 7 20 8 19 9 18 10 13 11 16 12 29 13 18 14 13 15 17 16 17 17 22 18 24 19 10 20 16 21 15 22 19 23 20 24 22 25 29 26 15 27 17 32 10 33 12 34 18 35 24 40 29 41 15 42 10 43 15 44 17 45 15 46 21 47 17 52 14 53 19 54 14 55 17 24 12 25 13 11 14 12 15 25 20 17 21 19 22 26 23 30 24 26 25 22 26 18 27 15 36 23 37 21 38 21 39 21 44 29 45 19 46 16 47 19 52 28 53 21 54 20 55 27 4 56 13 57 18 58 15 59 12
5 4 0 29 1 14 2 13 3 25 36 4 22 5 25 6 17 7 16 12 29 13 10 14 26 15 16 16 11 17 17 18 26 19 22 20 13 21 26 22 29 23 24 24 25 25 24 26 10 27 16 32 30 33 28 34 11 35 23 36 23 37 16 38 28 39 19 40 15 41 26 42 11 43 18 44 28 45 17 46 23 47 21 40 4 22 5 26 6 28 7 25 8 10 9 11 10 10 11 10 12 27 13 10 14 25 15 11 16 11 17 12 18 23 19 14 20 29 21 20 22 11 23 27 24 29 25 21 26 21 27 13 28 16 29 16 30 26 31 29 36 15 37 29 38 16 39 17 44 24 45 20 46 25 47 12 52 15 53 25 54 21 55 20 20 12 24 13 28 14 30 15 25 32 23 33 28 34 28 35 29 36 13 37 12 38 18 39 27 40 10 41 18 42 27 43 28 44 27 45 15 46 14 47 21 4 56 29 57 13 58 15 59 16
5 4 0 13 1 11 2 17 3 14 44 4 10 5 15 6 11 7 19 8 26 9 17 10 29 11 26 16 11 17 26 18 11 19 15 20 19 21 16 22 24 23 28 24 17 25 17 26 21 27 21 28 12 29 30 30 29 31 27 32 10 33 27 34 11 35 29 36 27 37 19 38 13 39 29 44 14 45 27 46 26 47 24 48 25 49 11 50 28 51 17 52 14 53 27 54 23 55 27 36 4 27 5 25 6 16 7 12 8 12 9 29 10 29 11 29 16 29 17 29 18 24 19 13 20 13 21 24 22 29 23 12 28 18 29 26 30 28 31 11 36 23 37 12 38 12 39 26 40 27 41 13 42 12 43 24 44 16 45 23 46 17 47 15 52 20 53 18 54 17 55 26 8 24 18 25 16 26 29 27 29 36 16 37 21 38 22 39 10 4 56 11 57 27 58 22 59 10
5 4 0 10 1 17 2 10 3 19 16 12 14 13 10 14 12 15 20 36 12 37 15 38 10 39 23 44 13 45 22 46 15 47 26 52 19 53 24 54 21 55 23 48 4 20 5 21 6 29 7 18 12 17 13 29 14 13 15 22 16 11 17 12 18 21 19 20 20 11 21 11 22 10 23 12 24 16 25 15 26 14 27 30 28 17 29 18 30 23 31 25 32 11 33 14 34 27 35 22 36 26 37 13 38 27 39 17 40 29 41 20 42 28 43 17 44 22 45 30 46 18 47 17 48 19 49 10 50 11 51 15 52 17 53 28 54 26 55 27 4 52 29 53 11 54 28 55 10 4 56 20 57 15 58 29 59 11
5 4 0 29 1 16 2 24 3 12 24 4 16 5 28 6 23 7 12 28 24 29 26 30 29 31 16 32 22 33 25 34 15 35 12 44 29 45 13 46 15 47 21 48 17 49 12 50 27 51 12 52 16 53 26 54 30 55 22 28 8 16 9 30 10 27 11 10 12 28 13 29 14 26 15 26 16 21 17 16 18 25 19 25 20 22 21 16 22 16 23 14 40 16 41 15 42 16 43 26 48 25 49 30 50 10 51 27 52 15 53 13 54 19 55 29 44 4 17 5 23 6 18 7 25 8 23 9 17 10 17 11 18 12 15 13 17 14 27 15 23 16 20 17 11 18 16 19 30 20 24 21 30 22 22 23 28 24 15 25 14 26 17 27 18 28 20 29 20 30 22 31 19 32 29 33 10 34 14 35 19 36 13 37 22 38 10 39 11 40 24 41 26 42 26 43 10 48 17 49 15 50 15 51 22 4 56 14 57 13 58 21 59 30
5 4 0 22 1 19 2 20 3 20 36 4 22 5 10 6 14 7 23 8 30 9 16 10 23 11 23 16 14 17 14 18 22 19 27 32 22 33 11 34 30 35 14 36 11 37 29 38 11 39 30 40 18 41 17 42 28 43 10 44 14 45 25 46 11 47 18 48 26 49 16 50 15 51 18 52 18 53 13 54 21 55 30 32 4 22 5 28 6 15 7 19 12 15 13 21 14 17 15 17 16 19 17 17 18 25 19 18 28 16 29 12 30 26 31 19 36 23 37 18 38 13 39 28 40 19 41 20 42 10 43 19 44 11 45 10 46 28 47 15 52 24 53 12 54 28 55 23 32 4 13 5 13 6 13 7 27 8 15 9 26 10 20 11 15 20 17 21 16 22 11 23 26 28 21 29 25 30 11 31 10 32 25 33 20 34 27 35 27 36 28 37 20 38 28 39 29 40 24 41 10 42 15 43 19 44 15 45 27 46 30 47 26 4 56 22 57 21 58 20 59 22
5 4 0 22 1 12 2 27 3 15 48 4 12 5 12 6 24 7 29 8 17 9 29 10 12 11 18 12 24 13 30 14 22 15 29 16 13 17 24 18 23 19 26 20 10 21 24 22 28 23 19 24 14 25 22 26 14 27 23 32 23 33 11 34 21 35 18 36 14 37 21 38 11 39 21 40 21 41 20 42 20 43 27 44 11 45 14 46 19 47 21 48 12 49 23 50 22 51 10 52 29 53 19 54 12 55 10 52 4 17 5 30 6 11 7 18 8 28 9 30 10 20 11 14 12 11 13 25 14 19 15 19 16 13 17 10 18 20 19 13 20 10 21 21 22 30 23 14 24 24 25 26 26 10 27 11 28 27 29 11 30 12 31 10 32 13 33 25 34 28 35 20 36 23 37 15 38 27 39 20 40 26 41 23 42 27 43 16 44 16 45 16 46 16 47 26 48 12 49 20 50 30 51 14 52 23 53 19 54 29 55 14 4 8 22 9 13 10 13 11 26 4 56 26 57 28 58 11 59 22
5 4 0 29 1 12 2 24 3 18 16 4 24 5 19 6 15 7 21 20 23 21 26 22 30 23 29 24 24 25 11 26 23 27 27 40 13 41 26 42 18 43 12 52 4 26 5 19 6 15 7 18 8 21 9 26 10 22 11 18 12 17 13 27 14 25 15 11 16 20 17 30 18 11 19 18 20 18 21 20 22 10 23 10 24 23 25 24 26 27 27 23 28 15 29 13 30 17 31 12 32 20 33 29 34 14 35 19 36 22 37 29 38 10 39 18 40 29 41 20 42 29 43 11 44 18 45 27 46 18 47 14 48 20 49 17 50 13 51 22 52 14 53 23 54 23 55 27 24 4 16 5 17 6 13 7 11 28 28 29 12 30 24 31 17 32 25 33 12 34 26 35 16 40 26 41 10 42 22 43 17 48 24 49 23 50 21 51 24 52 30 53 10 54 14 55 27 4 56 21 57 20 58 13 59 19
5 4 0 16 1 14 2 28 3 11 52 4 11 5 22 6 28 7 16 8 12 9 23 10 29 11 22 12 20 13 10 14 27 15 15 16 22 17 13 18 17 19 30 20 23 21 30 22 18 23 24 24 28 25 16 26 16 27 15 28 14 29 24 30 16 31 17 32 14 33 22 34 15 35 30 36 11 37 20 38 30 39 10 40 14 41 24 42 10 43 28 44 10 45 13 46 13 47 26 48 21 49 20 50 30 51 20 52 27 53 23 54 29 55 30 8 12 21 13 20 14 29 15 21 20 13 21 13 22 11 23 17 12 12 15 13 14 14 15 15 13 20 23 21 25 22 29 23 30 28 15 29 25 30 28 31 17 4 56 20 57 14 58 26 59 29
5 4 0 22 1 21 2 26 3 15 32 4 27 5 25 6 10 7 27 8 28 9 10 10 11 11 10 16 21 17 30 18 29 19 20 20 13 21 10 22 13 23 12 24 10 25 11 26 12 27 30 28 17 29 24 30 12 31 30 32 25 33 18 34 13 35 30 36 27 37 21 38 24 39 24 40 4 16 5 16 6 18 7 30 8 13 9 28 10 10 11 27 12 13 13 30 14 13 15 23 20 23 21 12 22 16 23 28 24 28 25 17 26 29 27 15 28 29 29 28 30 23 31 22 32 23 33 10 34 16 35 16 36 16 37 11 38 22 39 25 40 19 41 20 42 20 43 14 48 28 49 13 50 12 51 27 24 16 24 17 27 18 25 19 17 20 25 21 18 22 27 23 22 32 23 33 12 34 18 35 21 36 17 37 24 38 19 39 17 44 16 45 23 46 28 47 26 48 19 49 14 50 26 51 27 4 56 24 57 13 58 10 59 10
5 4 0 20 1 28 2 19 3 15 40 4 29 5 16 6 22 7 22 8 25 9 21 10 14 11 19 12 10 13 15 14 17 15 13 24 20 25 16 26 16 27 11 28 24 29 26 30 25 31 12 32 15 33 26 34 21 35 15 36 25 37 17 38 21 39 13 44 14 45 29 46 10 47 13 48 25 49 24 50 29 51 10 52 30 53 16 54 17 55 18 28 4 27 5 28 6 10 7 30 8 29 9 22 10 22 11 25 20 11 21 16 22 12 23 21 24 14 25 22 26 27 27 15 28 23 29 19 30 19 31 22 32 17 33 14 34 25 35 29 48 21 49 24 50 14 51 30 16 12 30 13 27 14 23 15 29 16 16 17 13 18 21 19 13 32 23 33 25 34 28 35 28 36 24 37 17 38 14 39 26 4 56 29 57 29 58 30 59 29
5 4 0 26 1 30 2 21 3 25 8 24 25 25 17 26 17 27 12 32 26 33 10 34 15 35 12 8 4 21 5 17 6 18 7 29 40 26 41 19 42 22 43 12 52 4 12 5 24 6 12 7 15 8 17 9 25 10 14 11 10 12 21 13 28 14 19 15 29 16 21 17 15 18 27 19 10 20 27 21 28 22 24 23 16 24 17 25 26 26 26 27 30 28 26 29 28 30 25 31 24 32 16 33 10 34 23 35 16 36 26 37 26 38 29 39 10 40 30 41 25 42 11 43 14 44 16 45 15 46 27 47 23 48 27 49 16 50 22 51 19 52 27 53 15 54 21 55 29 4 56 13 57 14 58 11 59 28
5 4 0 17 1 23 2 21 3 20 52 4 22 5 24 6 11 7 22 8 13 9 12 10 16 11 10 12 20 13 29 14 22 15 12 16 11 17 16 18 20 19 21 20 20 21 17 22 23 23 27 24 15 25 10 26 13 27 28 28 29 29 15 30 13 31 16 32 10 33 25 34 22 35 17 36 21 37 22 38 12 39 28 40 26 41 13 42 19 43 24 44 20 45 16 46 29 47 23 48 26 49 26 50 30 51 17 52 12 53 27 54 20 55 18 36 4 17 5 14 6 19 7 15 12 14 13 12 14 29 15 13 16 17 17 12 18 30 19 18 24 13 25 19 26 18 27 13 28 17 29 18 30 24 31 22 32 22 33 13 34 24 35 16 36 15 37 26 38 13 39 17 44 23 45 27 46 10 47 16 52 18 53 14 54 23 55 26 40 4 13 5 24 6 13 7 16 8 30 9 18 10 21 11 20 12 30 13 25 14 11 15 11 16 16 17 30 18 19 19 17 24 28 25 10 26 24 27 14 32 23 33 21 34 19 35 19 36 11 37 21 38 28 39 14 44 10 45 15 46 19 47 26 48 21 49 25 50 21 51 21 52 26 53 12 54 17 55 20 4 56 27 57 11 58 21 59 18
5 4 0 29 1 17 2 15 3 13 36 8 24 9 22 10 27 11 16 12 26 13 23 14 11 15 10 20 26 21 17 22 26 23 13 24 17 25 19 26 28 27 22 28 28 29 25 30 15 31 18 40 23 41 30 42 19 43 23 44 15 45 21 46 12 47 13 48 17 49 16 50 26 51 25 52 30 53 11 54 14 55 20 8 16 11 17 11 18 23 19 18 48 26 49 29 50 22 51 22 16 28 25 29 25 30 23 31 25 40 30 41 19 42 10 43 22 44 11 45 17 46 24 47 21 52 28 53 30 54 15 55 17 4 56 16 57 14 58 26 59 25
5 4 0 14 1 11 2 10 3 11 40 4 21 5 16 6 30 7 15 8 26 9 14 10 26 11 16 16 29 17 11 18 11 19 22 20 24 21 28 22 20 23 28 28 18 29 18 30 27 31 18 32 28 33 22 34 15 35 24 36 20 37 14 38 30 39 27 40 19 41 14 42 27 43 10 48 15 49 18 50 20 51 25 52 23 53 29 54 18 55 24 24 8 14 9 17 10 14 11 22 12 15 13 28 14 11 15 16 20 24 21 22 22 19 23 16 28 25 29 24 30 26 31 24 40 26 41 22 42 19 43 12 44 21 45 26 46 16 47 13 24 12 18 13 24 14 21 15 29 24 16 25 22 26 20 27 21 28 14 29 21 30 24 31 10 40 16 41 27 42 25 43 18 48 30 49 28 50 24 51 21 52 12 53 27 54 24 55 15 4 56 19 57 19 58 10 59 28
5 4 0 24 1 23 2 11 3 26 44 4 16 5 13 6 22 7 18 8 27 9 25 10 10 11 16 12 21 13 28 14 24 15 24 16 17 17 28 18 28 19 12 20 16 21 25 22 20 23 15 24 28 25 24 26 12 27 17 28 24 29 18 30 28 31 26 32 10 33 24 34 16 35 23 36 16 37 23 38 15 39 26 44 15 45 30 46 30 47 25 52 10 53 18 54 12 55 10 36 4 23 5 17 6 26 7 27 8 26 9 11 10 13 11 10 16 19 17 20 18 21 19 11 24 21 25 13 26 11 27 18 28 22 29 15 30 13 31 23 32 24 33 14 34 10 35 17 36 30 37 21 38 25 39 20 40 22 41 12 42 13 43 15 44 29 45 24 46 17 47 27 48 4 17 5 18 6 14 7 19 8 12 9 11 10 11 11 14 12 19 13 12 14 17 15 16 16 25 17 26 18 16 19 18 20 13 21 10 22 19 23 28 24 28 25 25 26 22 27 17 32 18 33 23 34 28 35 10 36 11 37 24 38 29 39 19 40 27 41 20 42 23 43 14 44 21 45 22 46 17 47 14 48 17 49 26 50 19 51 30 52 18 53 24 54 24 55 26 4 56 18 57 25 58 20 59 11
5 4 0 21 1 16 2 15 3 10 4 36 28 37 16 38 25 39 19 44 4 19 5 28 6 10 7 15 8 12 9 15 10 25 11 23 12 12 13 25 14 18 15 27 16 25 17 15 18 29 19 15 20 23 21 14 22 14 23 11 24 24 25 25 26 14 27 21 28 22 29 11 30 26 31 16 32 20 33 10 34 27 35 30 36 30 37 25 38 26 39 21 40 27 41 29 42 18 43 24 44 21 45 14 46 11 47 22 52 4 18 5 22 6 10 7 21 8 24 9 24 10 13 11 12 12 23 13 16 14 30 15 25 16 18 17 19 18 19 19 28 20 14 21 13 22 11 23 28 24 15 25 14 26 26 27 29 28 16 29 22 30 26 31 25 32 25 33 11 34 16 35 26 36 30 37 24 38 28 39 17 40 29 41 10 42 30 43 21 44 21 45 24 46 10 47 25 48 27 49 17 50 18 51 12 52 21 53 24 54 20 55 20 4 56 30 57 14 58 29 59 30
5 4 0 25 1 21 2 22 3 11 4 12 27 13 19 14 30 15 26 48 4 25 5 19 6 19 7 25 8 15 9 16 10 29 11 21 12 11 13 14 14 18 15 30 16 19 17 10 18 30 19 13 20 22 21 16 22 12 23 19 24 16 25 26 26 15 27 12 28 14 29 25 30 30 31 25 32 27 33 22 34 25 35 13 40 12 41 24 42 17 43 29 44 26 45 19 46 30 47 27 48 12 49 29 50 22 51 17 52 30 53 27 54 12 55 24 4 4 14 5 29 6 16 7 12 4 56 23 57 21 58 30 59 19
5 4 0 20 1 12 2 25 3 22 24 4 25 5 11 6 10 7 17 16 10 17 14 18 25 19 15 20 27 21 24 22 14 23 17 36 30 37 22 38 12 39 25 44 19 45 21 46 12 47 28 52 22 53 14 54 10 55 24 16 8 27 9 17 10 21 11 15 12 26 13 26 14 22 15 12 24 23 25 27 26 14 27 25 28 18 29 24 30 27 31 12 40 8 16 9 19 10 28 11 25 12 29 13 28 14 18 15 19 16 25 17 21 18 28 19 17 20 30 21 14 22 17 23 28 24 17 25 25 26 13 27 21 28 18 29 14 30 30 31 24 32 30 33 26 34 21 35 14 36 30 37 25 38 15 39 30 44 13 45 14 46 20 47 28 48 24 49 11 50 24 51 10 4 56 18 57 15 58 24 59 23
