50 60
5 4 0 24 1 29 2 19 3 17 28 4 19 5 16 6 22 7 27 20 27 21 11 22 26 23 29 32 22 33 25 34 24 35 16 36 24 37 10 38 30 39 10 40 30 41 20 42 19 43 20 44 17 45 23 46 15 47 19 48 16 49 21 50 27 51 20 48 4 26 5 18 6 13 7 19 8 16 9 12 10 19 11 29 12 18 13 25 14 15 15 24 16 12 17 22 18 26 19 24 20 26 21 10 22 26 23 19 28 16 29 25 30 21 31 17 32 19 33 22 34 30 35 30 36 28 37 23 38 20 39 12 40 18 41 20 42 25 43 24 44 21 45 28 46 14 47 26 48 14 49 13 50 29 51 16 52 16 53 21 54 10 55 15 44 8 19 9 24 10 12 11 14 12 17 13 27 14 18 15 16 16 13 17 22 18 23 19 20 20 17 21 26 22 11 23 18 24 26 25 13 26 22 27 15 32 21 33 15 34 12 35 21 36 12 37 16 38 14 39 12 40 29 41 20 42 14 43 27 44 10 45 18 46 20 47 22 48 25 49 12 50 28 51 23 52 25 53 19 54 25 55 19 4 56 11 57 12 58 24 59 11
5 4 0 14 1 21 2 28 3 10 32 4 19 5 14 6 13 7 24 8 14 9 30 10 28 11 27 16 15 17 21 18 27 19 29 28 11 29 24 30 24 31 16 32 10 33 29 34 16 35 13 44 18 45 10 46 28 47 15 48 27 49 21 50 12 51 16 52 24 53 21 54 29 55 10 48 4 27 5 15 6 22 7 13 8 30 9 21 10 10 11 20 12 23 13 18 14 17 15 15 16 28 17 10 18 27 19 28 20 27 21 15 22 18 23 18 24 29 25 20 26 12 27 21 28 13 29 28 30 21 31 23 32 20 33 15 34 29 35 15 36 11 37 17 38 12 39 22 44 10 45 23 46 18 47 21 48 20 49 20 50 21 51 26 52 27 53 12 54 22 55 24 36 4 28 5 26 6 25 7 30 16 23 17 28 18 13 19 21 20 26 21 24 22 21 23 19 24 30 25 21 26 15 27 13 28 24 29 13 30 25 31 12 32 17 33 25 34 28 35 24 36 24 37 10 38 22 39 22 40 27 41 15 42 20 43 20 48 13 49 19 50 24 51 25 4 56 21 57 15 58 23 59 18
5 4 0 21 1 26 2 26 3 22 40 8 18 9 28 10 16 11 19 12 17 13 10 14 25 15 13 16 14 17 12 18 12 19 12 20 12 21 27 22 20 23 29 24 17 25 10 26 21 27 15 28 14 29 26 30 11 31 17 32 26 33 26 34 29 35 27 40 22 41 13 42 22 43 25 44 16 45 14 46 14 47 15 52 14 53 25 54 16 55 12 12 28 29 29 10 30 27 31 30 36 12 37 29 38 11 39 30 48 12 49 13 50 16 51 29 32 4 19 5 20 6 30 7 25 8 10 9 17 10 11 11 14 24 21 25 18 26 21 27 16 28 12 29 30 30 22 31 16 32 21 33 19 34 12 35 18 36 30 37 21 38 29 39 17 44 10 45 12 46 13 47 10 52 30 53 17 54 23 55 19 4 56 19 57 19 58 17 59 15
5 4 0 27 1 22 2 29 3 10 4 16 10 17 19 18 20 19 10 20 16 20 17 27 18 15 19 30 36 22 37 19 38 29 39 27 40 11 41 12 42 29 43 11 48 21 49 19 50 18 51 11 52 15 53 20 54 22 55 17 32 4 20 5 16 6 12 7 10 12 19 13 29 14 22 15 18 20 26 21 27 22 29 23 12 28 29 29 22 30 15 31 21 36 19 37 26 38 28 39 23 40 14 41 19 42 29 43 15 44 25 45 27 46 17 47 19 48 22 49 28 50 25 51 10 4 56 28 57 30 58 26 59 27
5 4 0 25 1 17 2 12 3 12 36 4 23 5 16 6 22 7 23 8 16 9 11 10 19 11 11 20 28 21 12 22 23 23 14 24 22 25 22 26 26 27 24 28 30 29 17 30 29 31 27 32 29 33 14 34 28 35 15 36 10 37 17 38 16 39 16 40 10 41 15 42 14 43 14 44 13 45 18 46 29 47 18 8 4 30 5 12 6 20 7 30 32 29 33 16 34 16 35 24 32 12 18 13 11 14 28 15 25 16 23 17 26 18 18 19 30 24 12 25 28 26 29 27 24 32 30 33 19 34 27 35 24 36 11 37 18 38 25 39 20 44 30 45 28 46 10 47 24 48 14 49 16 50 23 51 23 52 10 53 26 54 18 55 17 4 56 24 57 28 58 18 59 20
5 4 0 16 1 24 2 13 3 26 48 4 25 5 30 6 14 7 27 8 13 9 18 10 30 11 18 12 23 13 27 14 30 15 25 16 13 17 17 18 26 19 30 20 16 21 14 22 23 23 14 28 17 29 11 30 14 31 30 32 14 33 16 34 13 35 17 36 17 37 13 38 19 39 22 40 13 41 29 42 16 43 19 44 21 45 13 46 17 47 22 48 14 49 15 50 28 51 24 52 30 53 19 54 30 55 20 36 4 25 5 14 6 21 7 27 8 18 9 15 10 16 11 25 12 25 13 21 14 27 15 17 16 18 17 12 18 28 19 11 20 18 21 17 22 25 23 19 28 17 29 26 30 13 31 18 32 23 33 19 34 27 35 27 48 22 49 11 50 13 51 28 52 17 53 28 54 23 55 27 24 12 13 13 12 14 27 15 13 20 11 21 16 22 11 23 24 24 25 25 12 26 10 27 18 32 19 33 17 34 16 35 21 36 29 37 10 38 19 39 18 40 22 41 19 42 20 43 26 4 56 21 57 27 58 22 59 23
5 4 0 24 1 18 2 14 3 15 32 8 30 9 13 10 28 11 27 16 14 17 10 18 13 19 15 20 29 21 19 22 28 23 23 24 28 25 29 26 30 27 20 28 20 29 19 30 29 31 22 32 22 33 17 34 27 35 11 48 27 49 27 50 11 51 25 52 12 53 24 54 27 55 30 20 12 21 13 28 14 11 15 21 16 21 17 16 18 27 19 21 44 25 45 13 46 21 47 29 48 15 49 16 50 20 51 20 52 30 53 30 54 19 55 11 44 4 19 5 24 6 28 7 25 8 26 9 25 10 11 11 26 12 14 13 29 14 16 15 28 16 11 17 19 18 15 19 12 20 17 21 14 22 30 23 23 24 28 25 10 26 13 27 13 32 18 33 21 34 17 35 16 36 10 37 16 38 13 39 19 44 29 45 22 46 29 47 13 48 26 49 20 50 23 51 25 52 28 53 23 54 11 55 23 4 56 15 57 24 58 30 59 13
5 4 0 20 1 29 2 23 3 30 24 4 24 5 22 6 29 7 30 12 22 13 14 14 29 15 10 20 20 21 30 22 17 23 22 28 30 29 21 30 16 31 19 32 12 33 16 34 19 35 23 44 26 45 29 46 17 47 14 8 28 26 29 29 30 26 31 26 52 12 53 13 54 14 55 13 8 12 22 13 27 14 30 15 18 16 20 17 26 18 13 19 29 4 56 19 57 22 58 29 59 19
5 4 0 18 1 14 2 12 3 20 28 8 20 9 15 10 25 11 17 12 23 13 17 14 25 15 30 16 20 17 19 18 26 19 17 24 11 25 16 26 22 27 13 28 22 29 19 30 18 31 13 32 23 33 28 34 27 35 15 44 21 45 25 46 13 47 13 20 4 15 5 19 6 13 7 13 16 21 17 28 18 27 19 16 24 29 25 27 26 13 27 11 28 16 29 29 30 25 31 18 32 29 33 11 34 15 35 24 8 28 27 29 26 30 26 31 29 36 29 37 26 38 15 39 21 4 56 14 57 15 58 11 59 12
5 4 0 17 1 15 2 16 3 28 24 8 10 9 26 10 16 11 27 20 22 21 24 22 24 23 19 24 13 25 20 26 12 27 29 36 21 37 18 38 10 39 13 44 21 45 14 46 13 47 27 48 21 49 28 50 26 51 13 48 8 15 9 13 10 14 11 18 12 18 13 30 14 16 15 25 16 30 17 30 18 14 19 22 20 11 21 11 22 13 23 13 24 17 25 16 26 17 27 15 28 21 29 24 30 12 31 11 32 14 33 26 34 25 35 23 36 24 37 14 38 27 39 14 40 22 41 23 42 24 43 23 44 29 45 18 46 22 47 28 48 13 49 30 50 26 51 12 52 24 53 17 54 23 55 23 20 16 29 17 14 18 18 19 10 20 10 21 11 22 23 23 28 28 16 29 29 30 22 31 14 32 27 33 13 34 23 35 26 44 10 45 11 46 28 47 26 4 56 23 57 13 58 20 59 24
5 4 0 22 1 22 2 25 3 18 28 4 28 5 21 6 28 7 29 16 12 17 22 18 23 19 16 24 16 25 20 26 12 27 28 28 15 29 22 30 19 31 18 36 17 37 28 38 17 39 10 40 24 41 25 42 17 43 15 52 18 53 16 54 11 55 24 12 16 22 17 25 18 26 19 23 36 19 37 25 38 30 39 15 40 29 41 19 42 13 43 12 16 12 20 13 21 14 26 15 17 20 24 21 21 22 28 23 21 24 20 25 21 26 13 27 17 52 15 53 30 54 28 55 25 4 56 11 57 12 58 26 59 23
5 4 0 29 1 23 2 23 3 24 52 4 27 5 17 6 12 7 28 8 29 9 10 10 10 11 15 12 26 13 13 14 15 15 30 16 12 17 25 18 13 19 28 20 25 21 24 22 25 23 24 24 16 25 14 26 17 27 22 28 21 29 26 30 24 31 11 32 25 33 27 34 15 35 24 36 26 37 15 38 12 39 16 40 18 41 28 42 16 43 18 44 29 45 18 46 13 47 12 48 13 49 28 50 18 51 27 52 27 53 16 54 25 55 25 36 4 16 5 30 6 10 7 15 16 27 17 24 18 25 19 13 20 17 21 28 22 16 23 24 24 29 25 25 26 26 27 25 28 10 29 21 30 10 31 30 36 27 37 24 38 15 39 22 44 20 45 21 46 29 47 23 48 23 49 21 50 30 51 23 52 18 53 24 54 30 55 20 48 4 25 5 20 6 14 7 11 8 10 9 26 10 20 11 26 12 12 13 19 14 18 15 14 20 13 21 20 22 29 23 25 24 27 25 17 26 10 27 20 28 24 29 25 30 25 31 19 32 29 33 17 34 17 35 24 36 17 37 29 38 12 39 26 40 20 41 17 42 10 43 16 44 10 45 24 46 20 47 24 48 15 49 17 50 23 51 13 52 15 53 14 54 16 55 18 4 56 13 57 26 58 13 59 19
5 4 0 13 1 19 2 25 3 17 8 8 23 9 19 10 17 11 26 44 22 45 26 46 23 47 21 28 8 16 9 22 10 25 11 29 16 28 17 11 18 30 19 25 20 16 21 25 22 21 23 30 32 19 33 30 34 25 35 16 40 11 41 21 42 17 43 17 44 11 45 27 46 15 47 27 52 27 53 17 54 24 55 24 52 4 21 5 16 6 12 7 13 8 14 9 13 10 23 11 30 12 16 13 27 14 16 15 18 16 13 17 18 18 23 19 28 20 19 21 24 22 19 23 15 24 23 25 18 26 11 27 30 28 10 29 26 30 21 31 28 32 30 33 23 34 30 35 26 36 19 37 11 38 30 39 24 40 30 41 10 42 24 43 30 44 28 45 27 46 15 47 10 48 24 49 14 50 29 51 23 52 24 53 30 54 26 55 29 4 56 10 57 15 58 22 59 24
5 4 0 20 1 17 2 30 3 30 44 4 27 5 14 6 21 7 28 12 21 13 27 14 26 15 14 16 28 17 12 18 20 19 10 20 17 21 18 22 28 23 13 24 26 25 10 26 21 27 13 28 26 29 20 30 20 31 30 36 11 37 12 38 11 39 27 40 21 41 17 42 11 43 17 44 29 45 24 46 30 47 12 48 25 49 19 50 17 51 18 52 18 53 24 54 30 55 16 8 12 25 13 17 14 12 15 24 52 13 53 14 54 12 55 24 20 4 21 5 15 6 21 7 12 16 22 17 24 18 29 19 23 24 17 25 13 26 29 27 15 36 15 37 27 38 16 39 18 40 24 41 21 42 30 43 18 4 56 19 57 23 58 15 59 17
5 4 0 14 1 11 2 18 3 23 44 4 11 5 13 6 11 7 16 8 27 9 11 10 21 11 18 12 17 13 30 14 23 15 29 20 28 21 13 22 27 23 30 24 18 25 12 26 28 27 21 28 30 29 26 30 10 31 14 32 22 33 21 34 24 35 25 36 29 37 25 38 18 39 22 40 24 41 19 42 16 43 13 44 25 45 29 46 18 47 25 48 26 49 25 50 10 51 26 4 28 12 29 27 30 27 31 19 4 28 19 29 26 30 21 31 26 4 56 16 57 26 58 18 59 29
5 4 0 12 1 11 2 26 3 24 36 4 16 5 11 6 18 7 13 12 14 13 12 14 14 15 28 20 20 21 11 22 15 23 17 24 29 25 17 26 18 27 27 32 24 33 18 34 21 35 28 36 22 37 12 38 23 39 13 40 21 41 22 42 27 43 18 44 20 45 22 46 24 47 20 52 20 53 18 54 14 55 24 4 48 12 49 13 50 14 51 24 36 4 30 5 23 6 23 7 28 8 21 9 27 10 14 11 22 20 19 21 11 22 23 23 29 24 14 25 11 26 29 27 26 32 19 33 21 34 13 35 16 36 28 37 24 38 18 39 18 44 25 45 23 46 15 47 29 48 25 49 16 50 28 51 27 52 28 53 22 54 23 55 20 4 56 22 57 12 58 24 59 30
5 4 0 21 1 24 2 13 3 10 40 8 23 9 17 10 20 11 24 12 26 13 11 14 21 15 26 16 16 17 20 18 29 19 13 20 30 21 12 22 18 23 28 24 23 25 11 26 17 27 18 28 13 29 13 30 25 31 19 32 14 33 22 34 15 35 19 40 15 41 25 42 27 43 20 44 16 45 19 46 23 47 25 48 30 49 22 50 28 51 10 36 4 24 5 16 6 27 7 17 8 12 9 24 10 25 11 23 12 22 13 23 14 10 15 22 16 13 17 22 18 18 19 22 20 17 21 10 22 25 23 27 24 14 25 17 26 11 27 23 28 11 29 18 30 16 31 17 40 13 41 20 42 14 43 11 44 25 45 16 46 21 47 14 24 16 28 17 12 18 25 19 26 24 29 25 10 26 16 27 28 28 19 29 27 30 16 31 13 40 11 41 19 42 23 43 25 44 16 45 20 46 11 47 12 48 29 49 26 50 12 51 19 4 56 19 57 23 58 17 59 15
5 4 0 24 1 14 2 13 3 29 16 8 28 9 19 10 19 11 17 20 13 21 25 22 23 23 15 24 16 25 28 26 18 27 12 40 18 41 27 42 23 43 11 32 4 23 5 23 6 24 7 11 8 29 9 18 10 27 11 20 16 23 17 10 18 20 19 26 20 26 21 10 22 20 23 12 24 22 25 30 26 10 27 24 36 15 37 22 38 12 39 15 44 13 45 20 46 19 47 11 48 23 49 24 50 28 51 29 16 12 24 13 18 14 24 15 26 20 26 21 22 22 22 23 19 40 12 41 11 42 14 43 25 44 25 45 28 46 28 47 30 4 56 16 57 26 58 19 59 18
5 4 0 30 1 29 2 23 3 11 36 12 14 13 28 14 30 15 15 16 24 17 12 18 28 19 21 24 12 25 22 26 24 27 29 28 22 29 23 30 11 31 29 32 23 33 22 34 16 35 21 36 22 37 26 38 29 39 19 40 22 41 22 42 20 43 29 48 19 49 24 50 13 51 15 52 15 53 14 54 14 55 21 48 4 15 5 13 6 13 7 19 8 25 9 29 10 20 11 19 12 28 13 12 14 22 15 28 16 11 17 10 18 18 19 21 20 10 21 10 22 28 23 26 24 16 25 15 26 29 27 17 28 19 29 10 30 21 31 18 32 10 33 29 34 22 35 26 40 14 41 25 42 25 43 14 44 22 45 27 46 23 47 10 48 15 49 27 50 15 51 20 52 30 53 22 54 14 55 27 8 8 19 9 25 10 24 11 14 48 23 49 20 50 15 51 12 4 56 15 57 20 58 23 59 22
5 4 0 11 1 24 2 26 3 22 20 8 25 9 11 10 23 11 24 20 19 21 11 22 15 23 26 32 28 33 24 34 30 35 11 44 20 45 14 46 21 47 17 52 30 53 10 54 22 55 11 44 4 25 5 10 6 14 7 11 8 28 9 29 10 12 11 12 12 14 13 20 14 15 15 29 16 27 17 30 18 14 19 14 20 17 21 29 22 14 23 16 24 12 25 13 26 11 27 30 32 27 33 29 34 11 35 25 36 15 37 20 38 17 39 28 40 30 41 14 42 14 43 23 48 25 49 15 50 20 51 27 52 18 53 23 54 24 55 12 32 4 12 5 24 6 28 7 30 8 28 9 27 10 26 11 21 12 11 13 16 14 23 15 28 16 25 17 26 18 24 19 28 28 19 29 15 30 24 31 29 32 10 33 23 34 23 35 16 36 24 37 18 38 26 39 18 48 30 49 24 50 10 51 21 4 56 12 57 24 58 30 59 27
5 4 0 22 1 26 2 16 3 17 8 32 29 33 30 34 13 35 21 36 27 37 11 38 29 39 17 28 8 22 9 15 10 15 11 15 16 20 17 22 18 12 19 13 24 20 25 13 26 11 27 21 32 25 33 16 34 25 35 27 40 21 41 14 42 18 43 13 44 21 45 15 46 13 47 16 48 30 49 25 50 24 51 10 36 4 11 5 29 6 20 7 23 8 18 9 21 10 13 11 19 16 19 17 22 18 13 19 28 20 25 21 16 22 25 23 15 28 21 29 24 30 19 31 12 32 30 33 13 34 23 35 19 36 10 37 29 38 24 39 19 44 18 45 25 46 30 47 26 48 26 49 22 50 30 51 29 4 56 10 57 15 58 20 59 25
5 4 0 15 1 18 2 25 3 16 52 4 23 5 29 6 17 7 13 8 15 9 14 10 12 11 11 12 22 13 14 14 29 15 11 16 26 17 10 18 12 19 17 20 10 21 16 22 23 23 13 24 19 25 26 26 18 27 18 28 21 29 23 30 18 31 11 32 28 33 14 34 18 35 16 36 11 37 15 38 13 39 13 40 23 41 29 42 27 43 21 44 18 45 18 46 17 47 19 48 20 49 13 50 26 51 24 52 19 53 23 54 22 55 29 52 4 12 5 25 6 24 7 12 8 11 9 21 10 17 11 10 12 15 13 11 14 17 15 25 16 20 17 29 18 28 19 28 20 21 21 21 22 20 23 13 24 16 25 11 26 23 27 29 28 29 29 10 30 17 31 29 32 30 33 22 34 13 35 28 36 21 37 27 38 29 39 21 40 21 41 15 42 23 43 26 44 27 45 12 46 19 47 15 48 15 49 22 50 19 51 14 52 15 53 13 54 27 55 20 4 48 11 49 27 50 17 51 20 4 56 18 57 17 58 15 59 16
5 4 0 14 1 12 2 15 3 11 32 4 21 5 30 6 20 7 13 12 27 13 29 14 23 15 15 20 18 21 21 22 15 23 21 28 27 29 30 30 21 31 23 36 17 37 15 38 11 39 25 40 21 41 15 42 18 43 27 48 14 49 27 50 12 51 21 52 17 53 25 54 12 55 13 32 8 18 9 27 10 27 11 29 16 12 17 26 18 10 19 16 20 26 21 30 22 27 23 28 24 30 25 20 26 14 27 14 28 24 29 29 30 16 31 23 32 13 33 25 34 20 35 24 48 20 49 28 50 19 51 24 52 24 53 15 54 14 55 16 16 4 11 5 16 6 19 7 30 12 17 13 20 14 30 15 23 44 19 45 27 46 27 47 30 52 18 53 30 54 11 55 14 4 56 29 57 10 58 30 59 12
5 4 0 20 1 29 2 16 3 21 32 8 19 9 12 10 25 11 14 12 30 13 30 14 19 15 11 20 12 21 30 22 28 23 25 28 18 29 30 30 23 31 26 36 15 37 22 38 19 39 25 40 17 41 22 42 27 43 20 44 26 45 28 46 24 47 15 52 25 53 27 54 19 55 14 32 4 22 5 10 6 21 7 27 12 11 13 17 14 24 15 19 24 24 25 12 26 19 27 11 28 23 29 29 30 10 31 12 36 16 37 19 38 13 39 28 40 25 41 25 42 30 43 15 44 25 45 14 46 13 47 24 48 19 49 28 50 27 51 23 8 12 18 13 30 14 10 15 26 48 28 49 13 50 25 51 11 4 56 25 57 21 58 29 59 30
5 4 0 25 1 24 2 26 3 27 16 12 15 13 21 14 13 15 11 28 13 29 21 30 21 31 25 40 14 41 11 42 24 43 22 52 27 53 15 54 30 55 13 20 8 11 9 23 10 13 11 18 16 19 17 25 18 27 19 18 28 17 29 13 30 15 31 25 32 13 33 26 34 25 35 30 44 19 45 16 46 14 47 23 12 4 16 5 28 6 28 7 15 12 22 13 15 14 17 15 23 48 28 49 25 50 21 51 23 4 56 22 57 14 58 15 59 19
5 4 0 21 1 14 2 17 3 23 44 4 24 5 20 6 28 7 15 8 29 9 20 10 23 11 25 12 18 13 16 14 11 15 20 16 12 17 26 18 25 19 17 20 14 21 18 22 21 23 16 24 11 25 18 26 28 27 16 28 16 29 21 30 21 31 26 32 11 33 17 34 21 35 16 36 18 37 25 38 26 39 19 40 12 41 26 42 17 43 14 44 14 45 17 46 13 47 14 48 4 26 5 12 6 25 7 20 8 26 9 26 10 14 11 23 12 19 13 30 14 21 15 20 16 29 17 28 18 20 19 17 20 25 21 22 22 20 23 27 24 15 25 12 26 15 27 23 32 19 33 16 34 19 35 13 36 13 37 11 38 15 39 17 40 21 41 30 42 17 43 20 44 22 45 22 46 21 47 10 48 12 49 11 50 21 51 18 52 16 53 18 54 14 55 25 16 16 24 17 21 18 27 19 12 32 12 33 24 34 15 35 23 40 22 41 13 42 26 43 22 48 29 49 26 50 23 51 24 4 56 24 57 26 58 16 59 14
5 4 0 18 1 26 2 20 3 24 16 4 18 5 18 6 17 7 23 12 17 13 30 14 14 15 16 24 19 25 17 26 22 27 11 52 30 53 24 54 11 55 12 20 12 24 13 10 14 26 15 23 16 17 17 21 18 13 19 11 28 29 29 20 30 20 31 26 36 27 37 12 38 26 39 26 44 21 45 12 46 13 47 16 44 4 20 5 27 6 18 7 25 8 12 9 29 10 26 11 12 12 26 13 19 14 11 15 15 20 13 21 14 22 27 23 25 24 19 25 18 26 30 27 24 28 27 29 21 30 12 31 19 32 22 33 16 34 27 35 30 36 23 37 25 38 10 39 23 40 20 41 26 42 19 43 25 44 11 45 10 46 10 47 21 52 23 53 30 54 21 55 17 4 56 20 57 28 58 30 59 25
5 4 0 19 1 13 2 26 3 29 28 4 30 5 30 6 17 7 18 16 13 17 28 18 21 19 10 20 12 21 23 22 24 23 12 24 29 25 27 26 27 27 30 36 16 37 27 38 13 39 19 44 21 45 29 46 11 47 24 48 22 49 16 50 13 51 29 28 4 29 5 10 6 20 7 24 12 18 13 16 14 23 15 20 16 30 17 19 18 15 19 27 20 23 21 28 22 22 23 28 40 16 41 30 42 16 43 18 44 22 45 13 46 27 47 19 48 13 49 14 50 10 51 24 32 4 15 5 13 6 19 7 11 8 13 9 16 10 13 11 15 12 16 13 16 14 24 15 23 20 21 21 27 22 10 23 28 28 23 29 21 30 15 31 15 32 18 33 19 34 12 35 19 36 26 37 17 38 12 39 24 44 24 45 11 46 29 47 28 4 56 27 57 12 58 24 59 16
5 4 0 26 1 20 2 14 3 11 12 8 21 9 30 10 17 11 19 12 10 13 27 14 30 15 12 24 26 25 22 26 25 27 11 36 4 15 5 14 6 29 7 28 8 20 9 17 10 29 11 18 12 30 13 24 14 23 15 14 20 16 21 11 22 19 23 13 28 21 29 18 30 15 31 13 32 15 33 10 34 18 35 11 36 24 37 13 38 29 39 24 48 14 49 30 50 23 51 25 52 12 53 22 54 18 55 30 40 4 14 5 30 6 27 7 11 8 25 9 23 10 21 11 11 12 15 13 23 14 19 15 19 16 27 17 25 18 11 19 27 24 28 25 18 26 27 27 25 28 26 29 17 30 16 31 20 32 14 33 21 34 17 35 22 36 20 37 21 38 29 39 21 44 22 45 16 46 24 47 15 48 26 49 19 50 19 51 25 4 56 27 57 27 58 10 59 29
5 4 0 26 1 11 2 25 3 19 16 4 15 5 12 6 15 7 16 20 23 21 20 22 20 23 16 32 27 33 15 34 20 35 27 44 30 45 17 46 12 47 22 12 32 10 33 29 34 10 35 28 36 16 37 30 38 14 39 21 48 24 49 19 50 10 51 16 28 4 19 5 18 6 25 7 30 8 22 9 19 10 19 11 29 24 11 25 27 26 17 27 10 32 16 33 12 34 17 35 25 36 30 37 21 38 21 39 16 40 20 41 26 42 29 43 20 48 20 49 21 50 19 51 26 4 56 22 57 18 58 12 59 18
5 4 0 27 1 14 2 17 3 16 24 4 17 5 17 6 22 7 29 12 22 13 30 14 28 15 24 16 22 17 28 18 20 19 22 24 15 25 27 26 16 27 14 28 25 29 30 30 23 31 16 48 24 49 24 50 10 51 26 20 8 14 9 28 10 23 11 29 16 16 17 13 18 28 19 24 24 15 25 25 26 25 27 12 48 24 49 12 50 27 51 15 52 26 53 24 54 22 55 27 16 12 13 13 10 14 18 15 19 32 12 33 11 34 14 35 24 36 11 37 17 38 16 39 13 40 11 41 26 42 15 43 12 4 56 13 57 24 58 18 59 18
5 4 0 26 1 29 2 11 3 17 12 8 12 9 15 10 21 11 21 20 27 21 18 22 24 23 27 48 23 49 18 50 26 51 24 20 16 11 17 14 18 27 19 10 24 24 25 27 26 25 27 16 40 11 41 27 42 16 43 28 44 22 45 13 46 21 47 12 48 23 49 24 50 21 51 28 24 12 23 13 26 14 27 15 22 24 21 25 25 26 29 27 18 36 27 37 10 38 22 39 24 40 21 41 13 42 28 43 14 44 28 45 29 46 18 47 18 52 21 53 11 54 17 55 28 4 56 14 57 24 58 11 59 23
5 4 0 11 1 13 2 24 3 13 8 32 24 33 17 34 25 35 24 36 11 37 28 38 24 39 21 28 4 30 5 27 6 21 7 29 12 25 13 23 14 26 15 30 16 26 17 12 18 14 19 23 20 10 21 27 22 14 23 27 24 21 25 16 26 10 27 10 36 27 37 30 38 24 39 18 40 28 41 16 42 21 43 17 20 20 13 21 28 22 13 23 19 36 15 37 20 38 23 39 19 40 23 41 20 42 25 43 18 44 16 45 26 46 29 47 21 48 15 49 13 50 22 51 20 4 56 12 57 15 58 13 59 14
5 4 0 20 1 21 2 14 3 14 4 16 13 17 21 18 13 19 14 36 8 22 9 29 10 22 11 11 12 26 13 30 14 20 15 11 16 12 17 24 18 27 19 17 20 25 21 13 22 12 23 28 28 21 29 27 30 18 31 28 40 20 41 12 42 30 43 24 44 22 45 15 46 24 47 25 48 22 49 12 50 26 51 26 52 18 53 19 54 10 55 18 20 4 10 5 18 6 27 7 30 20 12 21 15 22 10 23 17 36 29 37 27 38 27 39 24 40 23 41 13 42 14 43 14 48 27 49 23 50 17 51 21 4 56 22 57 28 58 12 59 28
5 4 0 19 1 23 2 18 3 12 48 4 17 5 29 6 30 7 10 8 27 9 11 10 13 11 28 12 14 13 17 14 30 15 21 16 10 17 26 18 14 19 18 20 11 21 24 22 20 23 19 24 27 25 11 26 28 27 17 28 23 29 18 30 11 31 26 32 18 33 10 34 30 35 13 36 17 37 11 38 21 39 27 40 17 41 15 42 18 43 28 48 15 49 27 50 19 51 11 52 16 53 11 54 18 55 11 52 4 14 5 26 6 18 7 11 8 26 9 16 10 18 11 26 12 27 13 19 14 16 15 30 16 29 17 29 18 12 19 15 20 14 21 26 22 11 23 28 24 18 25 15 26 13 27 16 28 30 29 25 30 19 31 27 32 16 33 21 34 10 35 19 36 18 37 14 38 14 39 18 40 27 41 13 42 18 43 20 44 19 45 27 46 28 47 26 48 19 49 24 50 16 51 29 52 17 53 15 54 28 55 22 20 4 15 5 26 6 13 7 30 16 23 17 24 18 14 19 25 20 28 21 28 22 15 23 10 24 17 25 27 26 24 27 14 48 27 49 30 50 26 51 26 4 56 22 57 21 58 15 59 10
5 4 0 29 1 15 2 25 3 25 44 4 25 5 21 6 19 7 24 12 10 13 12 14 24 15 28 16 28 17 19 18 15 19 13 20 25 21 22 22 14 23 21 24 12 25 28 26 22 27 12 28 19 29 24 30 13 31 21 32 16 33 21 34 28 35 16 36 20 37 12 38 19 39 26 40 21 41 24 42 14 43 21 44 30 45 13 46 27 47 28 52 17 53 19 54 27 55 16 32 4 15 5 12 6 18 7 23 20 28 21 14 22 30 23 22 24 26 25 14 26 25 27 26 28 30 29 11 30 15 31 15 36 20 37 13 38 13 39 10 40 19 41 15 42 21 43 21 44 27 45 27 46 13 47 13 48 11 49 15 50 17 51 30 52 4 14 5 21 6 21 7 22 8 14 9 19 10 22 11 26 12 22 13 12 14 29 15 12 16 20 17 10 18 30 19 15 20 21 21 23 22 26 23 24 24 30 25 23 26 24 27 23 28 25 29 10 30 14 31 20 32 10 33 22 34 15 35 11 36 27 37 23 38 29 39 26 40 25 41 10 42 19 43 14 44 14 45 18 46 18 47 25 48 17 49 14 50 10 51 15 52 21 53 12 54 27 55 11 4 56 20 57 24 58 11 59 25
5 4 0 10 1 25 2 22 3 27 20 16 10 17 28 18 29 19 18 24 10 25 28 26 18 27 12 28 24 29 23 30 29 31 30 44 19 45 29 46 21 47 30 48 16 49 23 50 28 51 29 48 4 25 5 10 6 10 7 23 8 22 9 15 10 20 11 18 12 21 13 20 14 24 15 21 16 17 17 19 18 21 19 24 20 24 21 22 22 23 23 25 28 13 29 30 30 25 31 17 32 20 33 26 34 10 35 17 36 17 37 13 38 30 39 29 40 30 41 17 42 22 43 16 44 24 45 29 46 19 47 21 48 17 49 19 50 29 51 26 52 16 53 29 54 20 55 28 8 8 16 9 25 10 19 11 21 36 29 37 25 38 24 39 29 4 56 20 57 24 58 18 59 14
5 4 0 26 1 18 2 15 3 28 8 20 23 21 18 22 11 23 17 40 24 41 19 42 17 43 13 24 4 19 5 10 6 30 7 12 12 29 13 11 14 29 15 18 16 10 17 10 18 15 19 29 24 26 25 10 26 25 27 18 40 25 41 13 42 27 43 14 44 29 45 13 46 23 47 26 52 4 12 5 21 6 27 7 13 8 30 9 18 10 14 11 14 12 17 13 17 14 26 15 10 16 26 17 10 18 13 19 30 20 16 21 11 22 26 23 17 24 22 25 11 26 30 27 28 28 24 29 29 30 27 31 30 32 25 33 19 34 25 35 13 36 14 37 27 38 23 39 24 40 24 41 19 42 27 43 18 44 27 45 15 46 22 47 25 48 30 49 16 50 11 51 18 52 21 53 25 54 23 55 20 4 56 15 57 20 58 28 59 12
5 4 0 14 1 25 2 21 3 16 32 4 10 5 26 6 15 7 26 8 10 9 10 10 14 11 10 12 25 13 10 14 10 15 24 16 24 17 15 18 25 19 30 24 28 25 11 26 13 27 12 28 22 29 26 30 18 31 11 40 30 41 26 42 16 43 30 44 21 45 28 46 30 47 21 44 4 26 5 25 6 14 7 20 8 18 9 15 10 29 11 11 12 11 13 18 14 18 15 11 20 21 21 23 22 16 23 30 24 15 25 18 26 12 27 12 28 23 29 14 30 10 31 21 32 26 33 26 34 14 35 21 36 13 37 24 38 28 39 23 40 26 41 16 42 14 43 26 44 28 45 26 46 23 47 11 48 22 49 12 50 28 51 16 28 4 10 5 29 6 30 7 24 8 20 9 10 10 18 11 16 12 28 13 14 14 21 15 19 24 18 25 24 26 21 27 27 36 22 37 15 38 27 39 26 40 30 41 25 42 30 43 30 44 27 45 11 46 18 47 25 4 56 23 57 12 58 14 59 30
5 4 0 30 1 20 2 12 3 10 8 40 14 41 20 42 10 43 16 44 30 45 24 46 11 47 16 44 8 22 9 22 10 20 11 12 12 28 13 19 14 24 15 19 16 12 17 10 18 22 19 12 20 22 21 17 22 27 23 13 24 26 25 13 26 25 27 10 28 23 29 11 30 26 31 30 32 22 33 15 34 17 35 29 36 22 37 14 38 11 39 25 40 15 41 27 42 11 43 18 44 14 45 27 46 10 47 15 52 26 53 18 54 13 55 14 36 8 19 9 14 10 13 11 30 12 22 13 27 14 17 15 14 20 28 21 21 22 11 23 10 28 30 29 15 30 17 31 18 32 22 33 11 34 16 35 21 40 19 41 27 42 14 43 25 44 25 45 16 46 13 47 13 48 25 49 22 50 11 51 27 52 20 53 17 54 30 55 27 4 56 23 57 23 58 28 59 10
5 4 0 11 1 21 2 21 3 21 48 8 14 9 22 10 25 11 20 12 11 13 14 14 15 15 24 16 11 17 16 18 20 19 28 20 16 21 30 22 17 23 27 24 26 25 13 26 26 27 17 28 28 29 30 30 13 31 29 32 26 33 15 34 22 35 19 36 27 37 17 38 24 39 29 40 21 41 25 42 16 43 27 44 26 45 23 46 28 47 22 48 29 49 24 50 11 51 25 52 25 53 24 54 14 55 21 48 8 26 9 30 10 15 11 28 12 29 13 26 14 10 15 11 16 12 17 20 18 28 19 20 20 30 21 20 22 16 23 29 24 16 25 13 26 28 27 14 28 14 29 18 30 12 31 15 32 15 33 25 34 23 35 15 36 30 37 18 38 15 39 20 40 27 41 17 42 18 43 22 44 30 45 23 46 18 47 30 48 19 49 20 50 14 51 20 52 17 53 30 54 20 55 12 4 16 18 17 29 18 29 19 11 4 56 27 57 27 58 12 59 14
5 4 0 12 1 24 2 19 3 13 12 24 28 25 11 26 20 27 10 36 30 37 27 38 18 39 23 44 11 45 26 46 13 47 30 32 4 21 5 21 6 19 7 21 8 17 9 15 10 15 11 24 12 22 13 15 14 15 15 25 16 24 17 21 18 13 19 17 32 17 33 21 34 19 35 29 36 22 37 29 38 15 39 25 44 17 45 15 46 24 47 23 52 24 53 23 54 16 55 19 4 52 23 53 25 54 20 55 11 4 56 17 57 16 58 20 59 13
5 4 0 11 1 29 2 12 3 17 40 4 18 5 22 6 11 7 10 8 26 9 18 10 23 11 30 16 13 17 15 18 30 19 21 20 15 21 12 22 20 23 15 24 23 25 23 26 18 27 15 32 28 33 26 34 25 35 20 40 24 41 12 42 24 43 27 44 14 45 23 46 12 47 12 48 17 49 24 50 19 51 18 52 13 53 30 54 14 55 13 40 4 22 5 17 6 15 7 23 8 15 9 30 10 17 11 22 16 29 17 28 18 13 19 27 20 30 21 30 22 15 23 20 24 10 25 30 26 29 27 15 28 17 29 24 30 20 31 13 32 19 33 24 34 17 35 25 36 13 37 22 38 15 39 17 44 20 45 28 46 25 47 29 48 26 49 17 50 30 51 26 36 4 14 5 22 6 23 7 21 16 13 17 14 18 18 19 21 20 20 21 12 22 18 23 26 24 20 25 11 26 19 27 21 28 28 29 25 30 27 31 19 36 25 37 28 38 17 39 14 40 15 41 28 42 15 43 30 48 10 49 18 50 17 51 27 52 24 53 22 54 23 55 14 4 56 13 57 15 58 14 59 10
5 4 0 13 1 14 2 12 3 20 32 8 27 9 29 10 20 11 13 16 28 17 24 18 11 19 28 20 18 21 28 22 29 23 20 32 14 33 22 34 20 35 29 36 27 37 22 38 14 39 10 44 20 45 26 46 28 47 27 48 15 49 10 50 15 51 15 52 17 53 21 54 13 55 28 48 4 20 5 21 6 23 7 18 8 19 9 13 10 17 11 27 12 30 13 29 14 18 15 10 16 23 17 14 18 30 19 11 20 18 21 26 22 12 23 19 24 26 25 15 26 23 27 10 28 18 29 14 30 24 31 13 32 14 33 10 34 25 35 29 36 12 37 22 38 10 39 12 40 20 41 27 42 14 43 22 44 14 45 28 46 29 47 18 52 20 53 10 54 16 55 23 52 4 12 5 12 6 27 7 11 8 15 9 11 10 12 11 29 12 28 13 15 14 14 15 18 16 28 17 26 18 14 19 10 20 21 21 21 22 19 23 20 24 16 25 29 26 30 27 17 28 10 29 30 30 21 31 26 32 19 33 10 34 12 35 27 36 17 37 13 38 28 39 21 40 19 41 16 42 24 43 27 44 29 45 19 46 29 47 29 48 11 49 19 50 14 51 25 52 13 53 29 54 18 55 12 4 56 25 57 25 58 25 59 28
5 4 0 19 1 14 2 25 3 26 44 4 11 5 14 6 21 7 22 8 16 9 13 10 12 11 30 16 21 17 16 18 16 19 12 20 22 21 14 22 22 23 11 24 16 25 12 26 16 27 15 28 14 29 28 30 21 31 23 32 10 33 28 34 10 35 27 36 14 37 16 38 12 39 27 40 24 41 24 42 26 43 22 48 26 49 15 50 24 51 20 52 19 53 23 54 20 55 13 44 4 22 5 18 6 24 7 12 8 25 9 12 10 17 11 28 12 15 13 22 14 11 15 25 16 15 17 15 18 20 19 14 20 14 21 15 22 14 23 23 24 10 25 23 26 13 27 29 36 18 37 26 38 14 39 30 40 16 41 30 42 24 43 29 44 30 45 30 46 19 47 26 48 17 49 12 50 11 51 26 52 26 53 21 54 18 55 23 24 8 10 9 22 10 23 11 23 24 10 25 25 26 17 27 23 28 10 29 26 30 17 31 25 36 26 37 15 38 29 39 14 40 29 41 22 42 13 43 20 48 28 49 15 50 28 51 20 4 56 21 57 19 58 19 59 29
5 4 0 14 1 23 2 27 3 23 20 8 14 9 20 10 17 11 17 12 21 13 25 14 25 15 22 16 15 17 15 18 13 19 30 44 23 45 12 46 28 47 15 52 27 53 12 54 18 55 23 12 4 27 5 23 6 20 7 25 32 11 33 25 34 30 35 12 36 29 37 22 38 17 39 16 16 4 10 5 18 6 15 7 29 8 21 9 14 10 15 11 30 28 16 29 10 30 19 31 22 48 30 49 10 50 28 51 12 4 56 17 57 11 58 17 59 29
5 4 0 12 1 16 2 19 3 17 20 12 26 13 26 14 12 15 18 24 28 25 19 26 28 27 19 28 18 29 27 30 15 31 17 32 27 33 10 34 29 35 10 40 24 41 14 42 18 43 29 48 4 16 5 18 6 20 7 16 8 24 9 11 10 25 11 20 12 21 13 17 14 25 15 13 16 20 17 16 18 27 19 24 20 12 21 13 22 15 23 19 28 15 29 28 30 14 31 30 32 30 33 27 34 27 35 22 36 29 37 12 38 22 39 15 40 15 41 30 42 29 43 30 44 18 45 14 46 20 47 25 48 25 49 18 50 14 51 17 52 14 53 12 54 11 55 19 16 12 23 13 25 14 21 15 15 20 15 21 24 22 14 23 26 32 14 33 22 34 21 35 25 52 10 53 13 54 12 55 19 4 56 12 57 22 58 17 59 10
5 4 0 16 1 17 2 28 3 14 48 4 14 5 17 6 24 7 23 8 23 9 20 10 12 11 14 12 30 13 12 14 30 15 27 16 25 17 20 18 21 19 27 24 20 25 26 26 12 27 28 28 20 29 21 30 27 31 30 32 16 33 19 34 17 35 26 36 13 37 20 38 30 39 22 40 18 41 17 42 11 43 19 44 27 45 25 46 14 47 24 48 23 49 11 50 22 51 13 52 12 53 24 54 30 55 26 52 4 30 5 29 6 27 7 26 8 19 9 30 10 22 11 24 12 24 13 11 14 21 15 28 16 30 17 12 18 17 19 15 20 28 21 19 22 25 23 19 24 19 25 18 26 27 27 20 28 18 29 22 30 15 31 13 32 19 33 11 34 26 35 26 36 21 37 12 38 21 39 19 40 19 41 18 42 15 43 11 44 17 45 28 46 15 47 14 48 27 49 14 50 10 51 15 52 19 53 29 54 10 55 10 8 40 13 41 11 42 24 43 19 44 10 45 22 46 16 47 14 4 56 15 57 20 58 16 59 13
5 4 0 24 1 11 2 17 3 27 12 16 22 17 27 18 25 19 20 44 29 45 19 46 29 47 27 52 25 53 19 54 17 55 25 24 12 28 13 17 14 30 15 24 20 14 21 23 22 22 23 24 36 17 37 11 38 25 39 16 44 29 45 22 46 21 47 18 48 23 49 24 50 14 51 19 52 24 53 28 54 11 55 30 32 4 20 5 30 6 12 7 30 8 11 9 15 10 23 11 15 12 12 13 19 14 26 15 21 16 18 17 15 18 27 19 16 24 10 25 23 26 29 27 17 28 11 29 18 30 20 31 18 40 27 41 19 42 21 43 10 44 13 45 17 46 21 47 20 4 56 12 57 16 58 30 59 22
5 4 0 16 1 18 2 15 3 25 44 4 25 5 15 6 15 7 21 8 21 9 21 10 10 11 11 12 24 13 17 14 17 15 15 16 21 17 18 18 13 19 24 24 14 25 28 26 22 27 13 32 21 33 12 34 20 35 10 36 29 37 16 38 11 39 12 40 12 41 21 42 24 43 10 44 24 45 25 46 21 47 19 48 12 49 18 50 30 51 12 52 29 53 30 54 21 55 19 48 4 24 5 18 6 11 7 30 8 13 9 15 10 12 11 24 12 12 13 23 14 15 15 15 16 12 17 15 18 15 19 12 20 10 21 27 22 23 23 27 24 12 25 16 26 21 27 22 28 21 29 14 30 17 31 28 32 29 33 20 34 26 35 16 36 13 37 18 38 21 39 27 44 12 45 30 46 13 47 25 48 26 49 14 50 12 51 18 52 13 53 25 54 20 55 12 52 4 27 5 17 6 22 7 27 8 25 9 10 10 22 11 30 12 15 13 25 14 21 15 25 16 13 17 30 18 24 19 18 20 10 21 28 22 24 23 20 24 15 25 26 26 18 27 21 28 10 29 29 30 26 31 26 32 28 33 10 34 30 35 20 36 19 37 17 38 24 39 27 40 14 41 27 42 30 43 15 44 26 45 26 46 13 47 13 48 11 49 17 50 19 51 28 52 19 53 11 54 30 55 16 4 56 13 57 18 58 12 59 28
