100 60
5 4 0 11 1 12 2 11 3 18 16 12 10 13 20 14 27 15 14 20 28 21 12 22 10 23 18 36 17 37 16 38 22 39 11 52 10 53 17 54 10 55 28 48 4 21 5 15 6 10 7 19 8 27 9 25 10 13 11 27 16 26 17 22 18 26 19 23 20 29 21 13 22 18 23 20 24 25 25 11 26 23 27 23 28 14 29 12 30 29 31 16 32 19 33 23 34 13 35 26 36 13 37 30 38 24 39 19 40 18 41 18 42 23 43 23 44 10 45 25 46 17 47 28 48 13 49 26 50 15 51 14 52 19 53 27 54 29 55 17 40 4 10 5 26 6 15 7 11 12 28 13 24 14 10 15 20 16 26 17 25 18 10 19 21 20 30 21 21 22 20 23 13 24 24 25 18 26 29 27 13 28 27 29 11 30 30 31 30 32 17 33 30 34 26 35 11 36 30 37 30 38 11 39 16 40 15 41 27 42 11 43 17 52 23 53 14 54 10 55 23 4 56 17 57 26 58 24 59 15
5 4 0 20 1 29 2 21 3 22 52 4 26 5 29 6 11 7 29 8 21 9 18 10 22 11 21 12 30 13 28 14 26 15 15 16 14 17 15 18 14 19 10 20 10 21 24 22 18 23 28 24 22 25 23 26 28 27 29 28 20 29 21 30 24 31 10 32 27 33 13 34 27 35 27 36 12 37 19 38 19 39 24 40 12 41 20 42 19 43 13 44 25 45 17 46 29 47 29 48 29 49 29 50 30 51 24 52 16 53 22 54 24 55 20 8 20 16 21 29 22 29 23 29 48 23 49 27 50 19 51 21 48 4 15 5 17 6 16 7 24 8 23 9 12 10 15 11 19 12 28 13 22 14 24 15 23 16 22 17 21 18 23 19 23 20 30 21 19 22 10 23 21 24 14 25 29 26 20 27 25 28 30 29 20 30 25 31 24 32 21 33 20 34 30 35 20 36 24 37 22 38 24 39 13 40 28 41 27 42 10 43 22 48 22 49 18 50 16 51 29 52 14 53 15 54 15 55 14 4 56 21 57 25 58 22 59 11
5 4 0 11 1 10 2 10 3 18 20 4 26 5 26 6 15 7 15 28 18 29 14 30 25 31 19 36 16 37 19 38 27 39 17 40 27 41 20 42 27 43 26 52 15 53 27 54 15 55 20 20 12 22 13 15 14 20 15 22 20 21 21 25 22 12 23 22 24 17 25 15 26 23 27 20 28 13 29 22 30 29 31 18 52 14 53 29 54 21 55 29 28 16 10 17 28 18 12 19 24 20 11 21 30 22 22 23 16 32 14 33 23 34 28 35 13 36 14 37 19 38 17 39 21 40 12 41 15 42 22 43 28 48 14 49 26 50 19 51 28 52 18 53 22 54 15 55 15 4 56 29 57 17 58 15 59 15
5 4 0 17 1 24 2 26 3 18 12 28 13 29 29 30 19 31 15 36 19 37 30 38 19 39 19 48 26 49 15 50 28 51 22 40 4 27 5 25 6 27 7 20 8 19 9 10 10 14 11 13 12 15 13 12 14 16 15 10 16 13 17 29 18 21 19 17 20 12 21 11 22 23 23 13 32 30 33 22 34 16 35 10 36 15 37 22 38 12 39 22 40 11 41 15 42 27 43 17 44 26 45 18 46 13 47 20 52 28 53 16 54 15 55 28 36 4 10 5 29 6 13 7 22 12 20 13 23 14 26 15 19 16 29 17 19 18 29 19 15 32 19 33 12 34 24 35 13 36 23 37 15 38 17 39 28 40 25 41 27 42 25 43 21 44 18 45 16 46 16 47 15 48 28 49 27 50 17 51 20 52 21 53 19 54 16 55 29 4 56 19 57 27 58 25 59 21
5 4 0 14 1 27 2 30 3 29 52 4 29 5 19 6 30 7 25 8 12 9 18 10 26 11 20 12 23 13 25 14 24 15 11 16 28 17 14 18 20 19 21 20 13 21 26 22 29 23 16 24 29 25 27 26 17 27 24 28 10 29 19 30 25 31 10 32 15 33 29 34 16 35 23 36 19 37 26 38 27 39 15 40 17 41 28 42 27 43 10 44 26 45 16 46 28 47 23 48 12 49 19 50 11 51 29 52 21 53 27 54 29 55 20 28 8 27 9 21 10 20 11 22 12 28 13 28 14 15 15 10 16 26 17 15 18 21 19 20 28 11 29 24 30 11 31 24 32 16 33 19 34 19 35 19 44 18 45 10 46 29 47 16 52 29 53 24 54 25 55 28 44 4 13 5 16 6 13 7 13 8 15 9 11 10 29 11 28 16 14 17 22 18 14 19 20 20 27 21 29 22 13 23 14 24 10 25 23 26 18 27 23 28 10 29 12 30 10 31 16 32 26 33 20 34 27 35 25 36 12 37 27 38 16 39 20 40 10 41 14 42 21 43 11 44 22 45 29 46 24 47 16 52 27 53 25 54 24 55 14 4 56 29 57 13 58 22 59 15
5 4 0 28 1 17 2 11 3 29 8 4 26 5 27 6 27 7 27 20 10 21 22 22 24 23 10 32 12 25 13 15 14 30 15 27 20 25 21 14 22 10 23 28 24 24 25 13 26 20 27 11 28 27 29 27 30 23 31 26 36 19 37 21 38 21 39 26 44 23 45 22 46 20 47 15 48 15 49 27 50 28 51 16 52 18 53 30 54 16 55 11 32 4 29 5 23 6 27 7 11 12 19 13 23 14 23 15 26 24 28 25 19 26 12 27 26 28 10 29 24 30 27 31 26 32 29 33 13 34 11 35 20 36 19 37 25 38 13 39 10 40 26 41 18 42 28 43 18 52 12 53 18 54 21 55 30 4 56 23 57 16 58 22 59 27
5 4 0 22 1 23 2 12 3 24 4 20 25 21 20 22 24 23 30 12 12 20 13 22 14 28 15 10 16 17 17 20 18 20 19 26 52 18 53 21 54 15 55 13 4 48 14 49 26 50 16 51 28 4 56 23 57 26 58 20 59 16
5 4 0 29 1 26 2 24 3 25 52 4 22 5 12 6 21 7 21 8 30 9 29 10 28 11 23 12 24 13 14 14 22 15 27 16 16 17 30 18 20 19 24 20 26 21 24 22 25 23 22 24 10 25 19 26 28 27 26 28 14 29 29 30 23 31 30 32 17 33 15 34 11 35 13 36 28 37 22 38 23 39 10 40 28 41 24 42 18 43 13 44 29 45 21 46 21 47 13 48 18 49 22 50 30 51 15 52 20 53 16 54 18 55 22 44 8 24 9 11 10 14 11 15 16 14 17 22 18 28 19 13 20 28 21 11 22 20 23 29 24 25 25 16 26 30 27 21 28 25 29 14 30 30 31 20 32 14 33 26 34 18 35 11 36 11 37 24 38 26 39 29 40 19 41 24 42 22 43 15 44 11 45 28 46 16 47 29 48 26 49 26 50 19 51 23 52 19 53 16 54 28 55 12 32 4 26 5 12 6 21 7 26 8 28 9 10 10 30 11 21 12 25 13 25 14 15 15 24 24 14 25 15 26 25 27 15 32 29 33 18 34 28 35 20 40 21 41 12 42 14 43 15 44 22 45 19 46 11 47 19 48 22 49 21 50 15 51 11 4 56 11 57 17 58 18 59 29
5 4 0 17 1 12 2 22 3 22 24 4 30 5 22 6 16 7 21 8 17 9 12 10 13 11 10 16 21 17 22 18 16 19 25 20 29 21 10 22 10 23 19 24 13 25 23 26 27 27 24 28 19 29 24 30 16 31 24 44 4 10 5 20 6 25 7 15 8 10 9 10 10 12 11 27 12 28 13 18 14 23 15 12 16 14 17 28 18 10 19 24 20 18 21 21 22 27 23 14 24 12 25 16 26 30 27 26 36 25 37 14 38 27 39 16 40 22 41 20 42 14 43 12 44 30 45 17 46 19 47 25 48 22 49 21 50 16 51 28 52 10 53 13 54 18 55 11 28 4 14 5 30 6 28 7 14 8 21 9 14 10 20 11 14 12 26 13 13 14 13 15 23 16 24 17 18 18 28 19 16 24 21 25 24 26 19 27 18 32 13 33 22 34 24 35 29 40 16 41 23 42 14 43 15 4 56 16 57 21 58 26 59 24
5 4 0 30 1 12 2 13 3 15 52 4 21 5 19 6 26 7 15 8 25 9 16 10 16 11 27 12 18 13 18 14 14 15 16 16 17 17 11 18 19 19 18 20 15 21 29 22 24 23 22 24 29 25 10 26 24 27 17 28 12 29 27 30 15 31 12 32 25 33 23 34 16 35 28 36 18 37 18 38 26 39 17 40 11 41 25 42 14 43 29 44 20 45 30 46 21 47 15 48 11 49 29 50 24 51 11 52 14 53 15 54 25 55 13 40 4 14 5 27 6 15 7 14 8 28 9 27 10 27 11 12 12 12 13 28 14 29 15 21 16 14 17 26 18 16 19 27 20 29 21 10 22 25 23 21 28 27 29 21 30 11 31 21 32 14 33 21 34 14 35 29 36 18 37 16 38 10 39 21 40 18 41 12 42 24 43 26 48 11 49 21 50 12 51 20 28 4 18 5 23 6 30 7 25 8 12 9 17 10 30 11 30 24 14 25 14 26 28 27 26 36 20 37 18 38 24 39 20 40 18 41 13 42 19 43 30 44 19 45 22 46 15 47 25 52 16 53 27 54 30 55 13 4 56 14 57 16 58 24 59 26
5 4 0 10 1 17 2 10 3 29 12 8 15 9 30 10 23 11 17 32 10 33 16 34 14 35 15 44 13 45 27 46 13 47 13 12 4 10 5 21 6 14 7 22 8 17 9 12 10 30 11 12 16 19 17 13 18 26 19 26 36 12 20 13 24 14 27 15 29 16 11 17 23 18 14 19 15 24 30 25 11 26 21 27 18 28 23 29 14 30 24 31 16 32 30 33 27 34 10 35 26 36 26 37 10 38 23 39 15 40 17 41 28 42 24 43 24 44 18 45 30 46 21 47 21 52 18 53 24 54 25 55 21 4 56 10 57 20 58 18 59 26
5 4 0 28 1 25 2 19 3 20 4 24 19 25 12 26 29 27 20 52 4 14 5 23 6 24 7 28 8 14 9 21 10 14 11 24 12 13 13 30 14 21 15 17 16 14 17 20 18 11 19 22 20 17 21 23 22 10 23 18 24 20 25 12 26 22 27 21 28 29 29 13 30 19 31 28 32 13 33 26 34 18 35 21 36 28 37 18 38 13 39 20 40 21 41 17 42 20 43 23 44 11 45 26 46 28 47 17 48 26 49 12 50 19 51 30 52 12 53 24 54 14 55 21 28 4 15 5 27 6 18 7 20 8 12 9 13 10 15 11 29 24 29 25 11 26 26 27 26 28 12 29 14 30 22 31 10 36 26 37 21 38 23 39 27 40 25 41 18 42 25 43 21 48 25 49 26 50 30 51 10 4 56 10 57 15 58 22 59 22
5 4 0 15 1 16 2 12 3 11 16 12 12 13 13 14 23 15 26 28 15 29 17 30 26 31 21 32 16 33 17 34 11 35 20 52 22 53 15 54 24 55 16 8 12 22 13 10 14 16 15 25 32 15 33 28 34 30 35 25 36 4 13 5 25 6 22 7 20 12 29 13 22 14 27 15 20 20 15 21 29 22 24 23 13 24 18 25 27 26 20 27 24 28 23 29 14 30 23 31 10 32 17 33 28 34 18 35 21 36 29 37 29 38 13 39 11 48 26 49 28 50 27 51 18 52 16 53 29 54 20 55 21 4 56 23 57 24 58 30 59 28
5 4 0 21 1 22 2 19 3 21 40 4 25 5 16 6 20 7 22 8 14 9 29 10 22 11 23 16 10 17 21 18 19 19 22 24 26 25 13 26 17 27 10 28 24 29 11 30 15 31 17 32 28 33 20 34 22 35 23 40 19 41 19 42 13 43 14 44 13 45 21 46 28 47 11 48 14 49 29 50 14 51 25 52 15 53 25 54 12 55 15 16 24 22 25 13 26 19 27 16 28 18 29 16 30 11 31 27 48 15 49 30 50 26 51 17 52 12 53 28 54 21 55 16 16 8 12 9 20 10 13 11 28 12 18 13 26 14 17 15 10 44 17 45 14 46 30 47 11 48 17 49 27 50 17 51 13 4 56 29 57 22 58 28 59 14
5 4 0 25 1 12 2 28 3 12 36 8 10 9 27 10 23 11 13 12 17 13 18 14 12 15 27 16 10 17 28 18 23 19 23 20 27 21 19 22 30 23 28 28 26 29 21 30 23 31 23 32 21 33 18 34 14 35 10 36 17 37 15 38 21 39 11 40 19 41 15 42 20 43 13 48 23 49 16 50 26 51 23 20 12 22 13 25 14 13 15 13 20 28 21 16 22 29 23 14 36 26 37 24 38 13 39 19 40 30 41 13 42 23 43 10 48 30 49 27 50 24 51 26 48 4 30 5 16 6 18 7 24 8 16 9 22 10 29 11 16 12 25 13 11 14 24 15 26 16 26 17 10 18 19 19 27 20 26 21 16 22 12 23 18 24 13 25 20 26 29 27 15 32 30 33 10 34 19 35 19 36 22 37 10 38 29 39 25 40 15 41 17 42 15 43 26 44 28 45 26 46 19 47 13 48 20 49 13 50 22 51 26 52 14 53 10 54 17 55 10 4 56 30 57 25 58 24 59 30
5 4 0 21 1 13 2 14 3 14 28 4 19 5 27 6 28 7 17 20 24 21 28 22 25 23 14 28 18 29 29 30 13 31 18 32 11 33 15 34 23 35 30 36 20 37 27 38 24 39 27 44 11 45 25 46 22 47 29 52 12 53 26 54 13 55 12 52 4 30 5 17 6 13 7 22 8 23 9 17 10 21 11 11 12 22 13 30 14 11 15 10 16 21 17 14 18 20 19 30 20 12 21 13 22 16 23 27 24 11 25 30 26 24 27 30 28 23 29 27 30 15 31 23 32 29 33 11 34 28 35 26 36 28 37 20 38 13 39 20 40 25 41 11 42 14 43 15 44 10 45 12 46 24 47 21 48 28 49 19 50 11 51 16 52 17 53 15 54 15 55 10 36 4 19 5 30 6 23 7 29 8 25 9 14 10 14 11 11 12 15 13 10 14 20 15 11 20 30 21 10 22 26 23 11 24 23 25 23 26 23 27 28 28 12 29 27 30 29 31 13 40 15 41 26 42 29 43 19 48 15 49 28 50 22 51 10 52 18 53 26 54 15 55 14 4 56 11 57 25 58 20 59 14
5 4 0 30 1 10 2 17 3 15 40 4 26 5 13 6 16 7 21 12 30 13 16 14 19 15 17 16 27 17 11 18 23 19 21 20 21 21 17 22 14 23 19 24 10 25 11 26 24 27 21 28 26 29 30 30 12 31 11 32 12 33 19 34 22 35 21 36 10 37 21 38 27 39 14 44 29 45 24 46 17 47 14 48 22 49 29 50 29 51 25 44 4 19 5 15 6 13 7 17 8 23 9 14 10 16 11 16 12 29 13 17 14 20 15 24 16 19 17 26 18 25 19 11 20 26 21 12 22 14 23 23 24 24 25 27 26 17 27 24 28 11 29 22 30 15 31 19 36 28 37 25 38 22 39 19 40 21 41 29 42 17 43 13 44 19 45 14 46 18 47 17 52 16 53 18 54 14 55 14 44 4 13 5 20 6 15 7 11 12 11 13 30 14 28 15 22 16 17 17 11 18 25 19 26 20 18 21 10 22 20 23 20 24 15 25 12 26 30 27 25 28 17 29 14 30 23 31 23 32 14 33 11 34 29 35 18 40 26 41 25 42 19 43 12 44 11 45 29 46 21 47 18 48 28 49 22 50 28 51 12 52 17 53 10 54 26 55 23 4 56 30 57 15 58 11 59 26
5 4 0 19 1 29 2 22 3 15 4 4 25 5 25 6 28 7 11 48 4 27 5 23 6 15 7 14 8 25 9 10 10 25 11 10 16 20 17 11 18 27 19 14 20 14 21 29 22 15 23 26 24 14 25 11 26 19 27 20 28 30 29 21 30 30 31 16 32 30 33 19 34 23 35 16 36 17 37 21 38 27 39 19 40 22 41 29 42 24 43 30 44 20 45 10 46 11 47 14 48 11 49 28 50 19 51 22 52 21 53 23 54 22 55 29 28 12 28 13 14 14 26 15 25 16 25 17 30 18 24 19 26 20 20 21 26 22 22 23 25 28 15 29 17 30 13 31 25 36 15 37 18 38 23 39 18 40 27 41 15 42 22 43 15 48 13 49 13 50 26 51 26 4 56 25 57 16 58 22 59 12
5 4 0 13 1 12 2 15 3 19 4 4 27 5 17 6 18 7 21 32 12 18 13 24 14 24 15 14 16 19 17 28 18 19 19 17 20 18 21 30 22 16 23 17 24 10 25 30 26 10 27 16 28 11 29 22 30 16 31 22 32 27 33 22 34 26 35 10 40 21 41 16 42 22 43 10 44 16 45 11 46 28 47 14 24 8 12 9 10 10 26 11 29 20 25 21 19 22 18 23 16 24 11 25 10 26 16 27 29 32 13 33 21 34 21 35 16 44 20 45 17 46 28 47 29 52 23 53 23 54 16 55 20 4 56 20 57 24 58 28 59 16
5 4 0 17 1 14 2 21 3 28 48 4 20 5 27 6 24 7 28 8 22 9 26 10 19 11 12 16 17 17 28 18 25 19 10 20 15 21 21 22 23 23 27 24 27 25 14 26 20 27 19 28 19 29 30 30 26 31 19 32 11 33 12 34 29 35 27 36 15 37 21 38 10 39 10 40 13 41 10 42 20 43 14 44 22 45 16 46 22 47 30 48 20 49 14 50 15 51 19 52 23 53 11 54 11 55 20 28 4 29 5 29 6 15 7 26 16 12 17 22 18 11 19 21 20 18 21 27 22 26 23 23 32 26 33 11 34 16 35 22 36 18 37 28 38 16 39 27 44 17 45 14 46 21 47 18 52 23 53 26 54 25 55 14 40 4 30 5 16 6 16 7 23 8 14 9 24 10 12 11 14 16 28 17 21 18 11 19 10 20 27 21 16 22 27 23 20 24 15 25 12 26 21 27 18 28 19 29 10 30 17 31 14 32 24 33 24 34 17 35 23 36 16 37 14 38 18 39 12 40 23 41 11 42 25 43 29 52 17 53 14 54 17 55 10 4 56 27 57 18 58 19 59 29
5 4 0 22 1 10 2 26 3 19 52 4 18 5 15 6 26 7 29 8 14 9 19 10 28 11 18 12 19 13 27 14 26 15 26 16 13 17 11 18 17 19 21 20 25 21 24 22 18 23 30 24 16 25 22 26 19 27 27 28 30 29 20 30 16 31 13 32 29 33 22 34 21 35 13 36 21 37 20 38 18 39 20 40 22 41 28 42 29 43 20 44 25 45 19 46 23 47 16 48 14 49 22 50 25 51 26 52 12 53 28 54 19 55 17 40 4 11 5 10 6 28 7 27 16 19 17 24 18 30 19 21 20 30 21 18 22 13 23 18 24 24 25 29 26 13 27 14 28 10 29 24 30 13 31 12 32 11 33 29 34 17 35 29 40 26 41 18 42 29 43 25 44 20 45 27 46 14 47 24 48 10 49 30 50 24 51 22 52 23 53 12 54 22 55 15 8 12 20 13 12 14 19 15 11 32 14 33 30 34 15 35 11 4 56 28 57 22 58 14 59 20
5 4 0 20 1 24 2 12 3 18 4 36 19 37 27 38 14 39 12 28 4 20 5 21 6 28 7 19 8 22 9 30 10 12 11 24 28 10 29 29 30 13 31 25 32 30 33 15 34 23 35 21 36 27 37 20 38 28 39 21 44 19 45 16 46 22 47 13 48 15 49 22 50 19 51 12 12 4 10 5 13 6 30 7 30 20 28 21 28 22 17 23 16 36 15 37 24 38 21 39 17 4 56 29 57 16 58 17 59 19
5 4 0 18 1 23 2 25 3 27 28 20 13 21 23 22 28 23 12 24 12 25 27 26 22 27 24 28 18 29 21 30 22 31 11 32 16 33 29 34 11 35 25 36 18 37 25 38 27 39 14 44 11 45 28 46 29 47 14 52 22 53 27 54 16 55 16 40 4 26 5 22 6 15 7 10 20 16 21 26 22 10 23 11 24 30 25 26 26 15 27 14 28 29 29 13 30 18 31 27 32 23 33 26 34 26 35 16 36 26 37 12 38 27 39 17 40 23 41 18 42 27 43 17 44 25 45 23 46 25 47 30 48 20 49 29 50 12 51 12 52 28 53 26 54 12 55 30 32 4 10 5 14 6 24 7 11 8 17 9 21 10 14 11 25 12 23 13 22 14 25 15 23 16 18 17 13 18 13 19 16 24 14 25 16 26 27 27 10 32 14 33 28 34 20 35 28 40 28 41 13 42 30 43 30 52 14 53 19 54 28 55 12 4 56 19 57 30 58 12 59 11
5 4 0 20 1 21 2 25 3 18 8 24 24 25 24 26 23 27 28 52 28 53 20 54 23 55 10 52 4 18 5 30 6 12 7 14 8 29 9 12 10 14 11 12 12 12 13 13 14 12 15 12 16 16 17 12 18 21 19 28 20 20 21 13 22 30 23 15 24 30 25 11 26 22 27 26 28 21 29 17 30 20 31 25 32 21 33 16 34 28 35 26 36 17 37 13 38 21 39 10 40 25 41 10 42 30 43 30 44 25 45 28 46 19 47 29 48 13 49 20 50 10 51 15 52 17 53 30 54 25 55 29 48 4 23 5 18 6 24 7 24 8 15 9 29 10 27 11 12 16 24 17 30 18 10 19 30 20 13 21 16 22 15 23 10 24 24 25 23 26 11 27 28 28 27 29 10 30 11 31 27 32 24 33 12 34 22 35 15 36 18 37 20 38 14 39 28 40 15 41 13 42 30 43 25 44 24 45 18 46 28 47 16 48 26 49 25 50 10 51 17 52 18 53 16 54 21 55 28 4 56 17 57 16 58 15 59 22
5 4 0 10 1 22 2 12 3 15 36 8 18 9 10 10 21 11 30 12 21 13 14 14 27 15 21 16 11 17 23 18 20 19 18 20 20 21 17 22 22 23 23 24 20 25 23 26 17 27 25 32 26 33 19 34 30 35 26 36 28 37 23 38 18 39 12 40 29 41 13 42 11 43 23 44 30 45 16 46 16 47 19 16 16 10 17 28 18 21 19 17 20 14 21 25 22 23 23 28 48 25 49 10 50 30 51 10 52 13 53 10 54 26 55 26 40 8 18 9 18 10 20 11 12 12 30 13 14 14 28 15 28 16 16 17 18 18 24 19 14 20 26 21 28 22 19 23 13 24 19 25 16 26 16 27 24 28 13 29 10 30 28 31 15 32 30 33 14 34 23 35 30 36 19 37 23 38 20 39 11 44 17 45 29 46 13 47 10 52 12 53 18 54 21 55 20 4 56 16 57 12 58 17 59 27
5 4 0 12 1 15 2 30 3 20 52 4 15 5 19 6 16 7 21 8 10 9 25 10 14 11 16 12 13 13 30 14 19 15 24 16 25 17 13 18 28 19 30 20 27 21 12 22 29 23 25 24 14 25 13 26 25 27 12 28 14 29 25 30 18 31 26 32 20 33 11 34 22 35 15 36 19 37 17 38 20 39 26 40 25 41 26 42 24 43 13 44 28 45 28 46 24 47 28 48 11 49 14 50 14 51 16 52 19 53 16 54 28 55 25 4 36 18 37 20 38 26 39 11 44 8 24 9 29 10 10 11 20 12 22 13 26 14 17 15 24 20 25 21 13 22 17 23 28 24 10 25 27 26 22 27 13 28 14 29 11 30 15 31 11 32 19 33 24 34 29 35 23 36 30 37 23 38 27 39 11 40 25 41 28 42 16 43 30 44 26 45 15 46 11 47 17 48 29 49 27 50 29 51 25 52 26 53 21 54 19 55 22 4 56 23 57 18 58 22 59 28
5 4 0 17 1 17 2 29 3 22 16 8 25 9 24 10 28 11 27 24 20 25 20 26 17 27 29 28 11 29 19 30 29 31 21 52 24 53 20 54 10 55 21 40 8 19 9 25 10 28 11 23 16 19 17 19 18 27 19 13 20 21 21 25 22 25 23 15 24 23 25 24 26 12 27 18 28 24 29 15 30 14 31 28 32 26 33 17 34 19 35 10 36 14 37 29 38 11 39 11 44 16 45 17 46 16 47 28 48 11 49 27 50 25 51 11 52 22 53 12 54 24 55 27 28 4 24 5 20 6 12 7 10 8 25 9 11 10 27 11 29 24 29 25 17 26 11 27 23 32 20 33 22 34 16 35 29 40 12 41 10 42 25 43 11 44 19 45 19 46 24 47 26 52 11 53 27 54 11 55 18 4 56 19 57 21 58 11 59 10
5 4 0 24 1 23 2 30 3 16 32 12 17 13 29 14 19 15 16 16 28 17 16 18 29 19 26 20 18 21 12 22 26 23 24 28 23 29 26 30 10 31 21 32 17 33 14 34 10 35 21 36 29 37 10 38 23 39 15 44 18 45 18 46 28 47 18 48 25 49 26 50 29 51 26 32 4 18 5 10 6 24 7 30 8 19 9 24 10 24 11 13 12 14 13 19 14 15 15 12 16 26 17 17 18 22 19 26 20 24 21 26 22 24 23 10 24 14 25 30 26 23 27 16 48 16 49 17 50 16 51 29 52 12 53 23 54 30 55 10 32 8 15 9 28 10 19 11 22 12 17 13 21 14 18 15 16 20 21 21 24 22 11 23 20 24 15 25 30 26 18 27 15 28 25 29 29 30 10 31 29 32 22 33 18 34 18 35 30 36 30 37 20 38 21 39 18 48 19 49 30 50 14 51 29 4 56 15 57 28 58 24 59 20
5 4 0 13 1 26 2 26 3 13 8 12 16 13 18 14 29 15 25 24 20 25 25 26 24 27 18 20 16 17 17 30 18 23 19 16 24 26 25 26 26 19 27 24 36 28 37 30 38 12 39 20 44 22 45 17 46 23 47 14 48 26 49 10 50 22 51 30 52 4 14 5 19 6 14 7 11 8 10 9 18 10 28 11 14 12 17 13 17 14 25 15 13 16 17 17 23 18 22 19 24 20 29 21 24 22 23 23 24 24 22 25 19 26 25 27 25 28 17 29 10 30 14 31 22 32 22 33 22 34 26 35 18 36 13 37 27 38 21 39 29 40 12 41 30 42 16 43 15 44 28 45 25 46 28 47 30 48 27 49 30 50 27 51 30 52 10 53 26 54 30 55 23 4 56 29 57 22 58 22 59 13
5 4 0 19 1 22 2 27 3 28 4 48 29 49 21 50 20 51 16 24 4 12 5 28 6 16 7 11 24 14 25 15 26 13 27 20 32 14 33 16 34 22 35 16 36 19 37 12 38 19 39 22 48 10 49 11 50 27 51 10 52 11 53 12 54 22 55 15 44 4 14 5 19 6 23 7 18 8 13 9 15 10 10 11 23 12 23 13 23 14 26 15 21 16 28 17 23 18 21 19 14 20 15 21 22 22 17 23 25 24 25 25 24 26 18 27 22 28 19 29 21 30 19 31 29 32 16 33 10 34 12 35 13 36 26 37 21 38 29 39 26 44 19 45 16 46 17 47 15 48 21 49 29 50 18 51 29 4 56 12 57 23 58 23 59 14
5 4 0 11 1 29 2 26 3 20 12 16 25 17 14 18 17 19 30 36 17 37 29 38 30 39 15 44 30 45 29 46 10 47 23 4 24 10 25 10 26 21 27 26 24 8 20 9 23 10 12 11 20 12 14 13 13 14 17 15 10 24 23 25 15 26 24 27 28 28 10 29 13 30 22 31 30 40 21 41 24 42 30 43 13 44 17 45 28 46 23 47 20 4 56 16 57 19 58 20 59 19
5 4 0 24 1 12 2 17 3 28 52 4 24 5 20 6 29 7 12 8 24 9 16 10 24 11 29 12 18 13 30 14 11 15 15 16 17 17 29 18 22 19 14 20 20 21 29 22 27 23 23 24 19 25 22 26 29 27 24 28 16 29 30 30 15 31 14 32 15 33 18 34 15 35 27 36 21 37 24 38 20 39 16 40 27 41 15 42 28 43 14 44 10 45 29 46 11 47 12 48 26 49 14 50 29 51 18 52 21 53 21 54 28 55 27 20 4 25 5 15 6 15 7 14 12 23 13 28 14 16 15 11 16 22 17 27 18 21 19 20 44 16 45 14 46 14 47 22 52 11 53 11 54 25 55 22 12 20 21 21 26 22 23 23 18 32 23 33 26 34 24 35 25 52 18 53 11 54 26 55 14 4 56 26 57 25 58 29 59 16
5 4 0 18 1 29 2 30 3 30 32 4 10 5 27 6 18 7 12 8 16 9 11 10 30 11 15 12 25 13 11 14 26 15 11 20 19 21 27 22 21 23 16 32 25 33 23 34 28 35 10 36 10 37 10 38 24 39 18 40 18 41 18 42 25 43 20 52 10 53 14 54 10 55 15 52 4 15 5 22 6 13 7 13 8 27 9 14 10 30 11 30 12 17 13 30 14 22 15 18 16 30 17 25 18 17 19 28 20 10 21 16 22 27 23 15 24 20 25 30 26 28 27 14 28 22 29 21 30 14 31 27 32 28 33 23 34 24 35 26 36 28 37 30 38 22 39 15 40 17 41 25 42 21 43 17 44 15 45 19 46 29 47 20 48 25 49 16 50 27 51 21 52 20 53 10 54 25 55 12 52 4 10 5 21 6 10 7 10 8 16 9 21 10 30 11 27 12 15 13 14 14 22 15 24 16 30 17 10 18 28 19 29 20 18 21 17 22 30 23 13 24 10 25 17 26 28 27 14 28 19 29 15 30 15 31 23 32 15 33 22 34 30 35 17 36 25 37 19 38 13 39 15 40 14 41 14 42 12 43 24 44 12 45 30 46 30 47 29 48 28 49 20 50 21 51 24 52 11 53 28 54 23 55 15 4 56 13 57 22 58 21 59 23
5 4 0 23 1 23 2 16 3 15 36 4 15 5 17 6 22 7 18 8 23 9 10 10 23 11 23 12 26 13 30 14 30 15 19 16 28 17 18 18 11 19 26 24 30 25 27 26 19 27 13 32 28 33 20 34 10 35 18 36 28 37 24 38 23 39 28 40 16 41 16 42 14 43 25 48 24 49 30 50 25 51 27 24 4 30 5 17 6 19 7 24 12 10 13 30 14 30 15 19 20 25 21 15 22 21 23 30 28 20 29 19 30 25 31 22 40 14 41 11 42 17 43 30 48 10 49 29 50 17 51 29 28 12 20 13 17 14 24 15 21 16 23 17 15 18 18 19 21 24 11 25 12 26 22 27 28 32 10 33 22 34 12 35 16 36 12 37 19 38 18 39 11 40 13 41 22 42 23 43 25 48 19 49 30 50 11 51 10 4 56 29 57 30 58 12 59 10
5 4 0 30 1 25 2 14 3 11 16 8 17 9 13 10 16 11 25 16 15 17 16 18 27 19 30 32 29 33 30 34 18 35 14 40 16 41 27 42 12 43 14 20 4 16 5 16 6 14 7 12 12 24 13 28 14 19 15 22 36 25 37 25 38 24 39 11 44 18 45 21 46 25 47 18 48 28 49 19 50 22 51 22 12 12 15 13 15 14 28 15 18 20 13 21 25 22 12 23 29 48 11 49 13 50 12 51 24 4 56 18 57 19 58 16 59 18
5 4 0 17 1 21 2 24 3 10 12 4 24 5 13 6 18 7 30 44 26 45 20 46 12 47 11 52 24 53 13 54 26 55 26 20 8 18 9 24 10 30 11 24 12 18 13 15 14 29 15 15 24 22 25 29 26 22 27 23 36 27 37 30 38 25 39 28 44 10 45 27 46 27 47 17 32 4 30 5 22 6 16 7 28 8 28 9 28 10 23 11 18 12 12 13 11 14 27 15 10 24 27 25 23 26 20 27 18 32 27 33 16 34 24 35 21 36 25 37 26 38 21 39 15 48 22 49 26 50 14 51 18 52 23 53 26 54 29 55 14 4 56 17 57 12 58 26 59 19
5 4 0 10 1 26 2 24 3 10 52 4 12 5 20 6 29 7 12 8 20 9 19 10 30 11 22 12 25 13 30 14 20 15 25 16 21 17 25 18 14 19 30 20 18 21 23 22 13 23 15 24 22 25 27 26 19 27 10 28 10 29 27 30 27 31 14 32 25 33 27 34 20 35 11 36 17 37 30 38 18 39 28 40 15 41 19 42 18 43 15 44 27 45 24 46 18 47 29 48 10 49 28 50 27 51 25 52 14 53 13 54 19 55 19 44 8 19 9 28 10 24 11 22 12 24 13 27 14 15 15 28 16 11 17 28 18 12 19 30 24 10 25 28 26 17 27 17 28 30 29 21 30 13 31 10 32 11 33 10 34 19 35 11 36 11 37 20 38 12 39 12 40 22 41 29 42 28 43 25 44 17 45 15 46 24 47 21 48 16 49 23 50 27 51 19 52 17 53 23 54 14 55 27 40 8 10 9 11 10 22 11 25 12 13 13 30 14 14 15 14 16 19 17 15 18 27 19 25 24 30 25 26 26 10 27 29 28 13 29 10 30 16 31 20 32 16 33 29 34 16 35 13 36 30 37 21 38 14 39 21 44 28 45 24 46 25 47 10 48 20 49 23 50 12 51 20 52 22 53 24 54 19 55 24 4 56 14 57 26 58 10 59 22
5 4 0 25 1 14 2 23 3 25 8 12 27 13 16 14 13 15 13 40 16 41 21 42 16 43 17 12 12 23 13 17 14 11 15 26 20 23 21 15 22 17 23 21 40 10 41 15 42 26 43 24 24 8 11 9 15 10 11 11 24 20 12 21 13 22 18 23 20 32 28 33 18 34 17 35 29 44 24 45 10 46 15 47 24 48 19 49 24 50 12 51 11 52 12 53 15 54 16 55 19 4 56 24 57 27 58 21 59 20
5 4 0 10 1 26 2 19 3 12 8 4 20 5 28 6 25 7 11 36 10 37 20 38 23 39 14 32 4 27 5 30 6 24 7 28 8 22 9 24 10 20 11 21 12 28 13 14 14 25 15 21 16 19 17 22 18 26 19 11 24 10 25 28 26 10 27 16 28 29 29 14 30 13 31 24 40 24 41 23 42 15 43 26 48 28 49 24 50 30 51 24 8 4 22 5 25 6 23 7 17 32 23 33 19 34 17 35 12 4 56 20 57 10 58 28 59 15
5 4 0 27 1 14 2 23 3 11 4 32 11 33 10 34 23 35 13 40 4 23 5 16 6 21 7 17 8 15 9 13 10 21 11 22 16 15 17 12 18 29 19 16 24 10 25 22 26 10 27 20 28 13 29 25 30 19 31 17 36 21 37 24 38 13 39 29 40 16 41 24 42 19 43 18 44 12 45 24 46 22 47 18 48 10 49 20 50 20 51 15 52 26 53 24 54 24 55 27 20 4 21 5 11 6 12 7 27 8 14 9 14 10 19 11 25 12 14 13 13 14 17 15 18 16 19 17 24 18 17 19 30 52 27 53 29 54 11 55 11 4 56 13 57 29 58 29 59 15
5 4 0 18 1 20 2 10 3 28 48 4 11 5 18 6 18 7 25 8 24 9 23 10 25 11 28 12 14 13 21 14 10 15 19 20 21 21 22 22 15 23 14 24 14 25 23 26 24 27 27 28 20 29 25 30 29 31 27 32 18 33 11 34 27 35 17 36 30 37 10 38 14 39 28 40 14 41 13 42 18 43 11 44 16 45 16 46 28 47 23 48 22 49 18 50 17 51 23 52 15 53 29 54 10 55 26 8 12 22 13 12 14 14 15 11 20 17 21 20 22 24 23 16 32 4 26 5 22 6 14 7 13 8 20 9 20 10 24 11 27 16 12 17 29 18 17 19 23 24 18 25 23 26 13 27 30 36 10 37 10 38 22 39 20 40 15 41 23 42 13 43 10 44 19 45 22 46 16 47 12 48 18 49 13 50 19 51 14 4 56 25 57 23 58 23 59 12
5 4 0 28 1 30 2 16 3 21 24 4 23 5 11 6 27 7 29 8 19 9 19 10 26 11 15 20 22 21 15 22 13 23 15 28 17 29 29 30 13 31 28 44 18 45 23 46 10 47 13 52 12 53 14 54 24 55 22 8 36 23 37 11 38 27 39 18 44 22 45 13 46 23 47 26 20 12 25 13 13 14 18 15 14 16 24 17 30 18 27 19 28 24 12 25 22 26 19 27 25 28 12 29 28 30 26 31 14 52 21 53 20 54 24 55 26 4 56 23 57 23 58 11 59 17
5 4 0 16 1 12 2 24 3 17 20 16 21 17 25 18 29 19 16 20 16 21 27 22 19 23 17 24 29 25 21 26 14 27 11 32 13 33 14 34 30 35 11 52 23 53 10 54 27 55 21 20 8 30 9 15 10 10 11 27 16 14 17 27 18 30 19 30 32 20 33 30 34 26 35 13 36 18 37 20 38 17 39 30 48 28 49 16 50 22 51 26 40 4 21 5 10 6 29 7 17 8 26 9 11 10 25 11 21 12 27 13 29 14 18 15 28 16 29 17 19 18 27 19 11 20 15 21 28 22 27 23 22 24 10 25 12 26 24 27 16 28 26 29 23 30 30 31 20 32 18 33 21 34 27 35 10 36 17 37 28 38 17 39 10 40 16 41 16 42 25 43 12 4 56 26 57 28 58 18 59 21
5 4 0 10 1 23 2 17 3 12 44 4 16 5 15 6 17 7 20 8 10 9 15 10 25 11 29 12 19 13 28 14 27 15 25 16 24 17 21 18 19 19 24 20 22 21 26 22 11 23 15 24 16 25 20 26 23 27 22 28 12 29 13 30 17 31 12 32 13 33 15 34 29 35 17 40 17 41 16 42 29 43 16 44 12 45 18 46 28 47 29 52 27 53 19 54 27 55 17 40 4 26 5 25 6 29 7 18 8 24 9 22 10 25 11 26 12 30 13 12 14 27 15 14 16 12 17 10 18 27 19 28 20 20 21 12 22 28 23 26 24 10 25 17 26 12 27 26 28 13 29 27 30 14 31 29 32 14 33 19 34 10 35 24 36 18 37 28 38 30 39 10 52 21 53 13 54 29 55 11 24 4 13 5 11 6 29 7 13 16 29 17 18 18 11 19 14 28 29 29 12 30 11 31 12 40 24 41 23 42 19 43 20 44 11 45 26 46 26 47 25 48 20 49 25 50 19 51 23 4 56 16 57 30 58 10 59 29
5 4 0 26 1 11 2 30 3 16 52 4 22 5 23 6 17 7 27 8 12 9 24 10 27 11 25 12 21 13 16 14 16 15 27 16 11 17 28 18 26 19 16 20 18 21 22 22 16 23 22 24 19 25 12 26 16 27 15 28 23 29 24 30 27 31 28 32 23 33 29 34 15 35 29 36 16 37 11 38 21 39 11 40 20 41 27 42 15 43 25 44 27 45 11 46 24 47 13 48 30 49 11 50 13 51 10 52 22 53 11 54 21 55 20 16 4 22 5 13 6 29 7 29 12 15 13 20 14 14 15 15 44 12 45 23 46 29 47 15 48 16 49 28 50 10 51 22 44 4 22 5 22 6 20 7 19 12 26 13 26 14 29 15 21 16 15 17 21 18 30 19 13 24 24 25 18 26 24 27 13 28 10 29 30 30 21 31 12 32 10 33 14 34 25 35 17 36 20 37 18 38 26 39 26 40 15 41 18 42 29 43 27 44 23 45 16 46 10 47 16 48 26 49 17 50 18 51 13 52 20 53 30 54 21 55 17 4 56 28 57 12 58 18 59 30
5 4 0 11 1 30 2 17 3 26 24 20 26 21 11 22 28 23 27 24 26 25 25 26 14 27 13 40 17 41 20 42 19 43 26 44 11 45 11 46 12 47 13 48 23 49 16 50 18 51 13 52 12 53 28 54 29 55 18 12 4 22 5 22 6 18 7 26 12 19 13 30 14 29 15 27 44 28 45 26 46 29 47 24 44 4 18 5 14 6 16 7 18 16 15 17 19 18 25 19 30 20 11 21 30 22 17 23 25 24 17 25 21 26 13 27 19 28 28 29 27 30 12 31 17 32 26 33 30 34 25 35 30 36 29 37 17 38 18 39 10 40 30 41 25 42 14 43 29 44 26 45 14 46 10 47 12 48 30 49 27 50 19 51 23 52 13 53 14 54 27 55 22 4 56 11 57 22 58 24 59 19
5 4 0 24 1 16 2 24 3 24 48 4 17 5 12 6 29 7 22 8 15 9 12 10 10 11 25 12 17 13 30 14 15 15 22 16 15 17 17 18 17 19 14 20 18 21 27 22 24 23 17 24 29 25 18 26 27 27 22 32 30 33 27 34 18 35 25 36 21 37 15 38 24 39 18 40 17 41 13 42 18 43 18 44 19 45 25 46 22 47 17 48 14 49 22 50 24 51 13 52 26 53 20 54 20 55 30 32 4 16 5 15 6 26 7 29 8 16 9 12 10 26 11 29 12 25 13 17 14 27 15 12 16 10 17 20 18 30 19 22 20 12 21 27 22 10 23 13 32 22 33 16 34 21 35 17 40 18 41 27 42 10 43 23 44 16 45 29 46 14 47 24 20 4 19 5 19 6 20 7 20 20 10 21 21 22 30 23 27 24 22 25 21 26 12 27 19 40 21 41 19 42 17 43 10 52 17 53 27 54 26 55 10 4 56 11 57 11 58 28 59 25
5 4 0 11 1 26 2 30 3 17 36 8 20 9 12 10 15 11 20 12 14 13 11 14 30 15 20 16 24 17 10 18 28 19 12 20 21 21 26 22 24 23 23 24 22 25 15 26 26 27 12 32 18 33 24 34 30 35 28 36 11 37 24 38 11 39 23 44 11 45 19 46 28 47 19 52 24 53 19 54 12 55 26 40 4 21 5 30 6 30 7 11 8 29 9 18 10 16 11 22 16 10 17 20 18 10 19 23 20 13 21 20 22 15 23 23 24 27 25 21 26 12 27 19 28 19 29 27 30 16 31 28 32 15 33 25 34 11 35 19 40 23 41 17 42 24 43 17 48 22 49 26 50 19 51 23 52 17 53 30 54 27 55 12 52 4 20 5 10 6 21 7 24 8 14 9 11 10 19 11 24 12 21 13 25 14 16 15 23 16 22 17 25 18 21 19 23 20 28 21 12 22 22 23 21 24 30 25 29 26 17 27 19 28 28 29 15 30 23 31 28 32 24 33 21 34 28 35 16 36 12 37 10 38 14 39 14 40 28 41 10 42 20 43 18 44 14 45 12 46 29 47 14 48 17 49 30 50 18 51 17 52 21 53 29 54 22 55 17 4 56 24 57 17 58 26 59 18
5 4 0 11 1 29 2 18 3 12 32 4 11 5 25 6 15 7 15 8 13 9 11 10 18 11 23 12 25 13 11 14 25 15 12 16 27 17 14 18 21 19 21 20 10 21 19 22 11 23 26 24 22 25 17 26 12 27 28 32 25 33 14 34 25 35 22 44 25 45 16 46 18 47 27 36 4 19 5 11 6 19 7 11 8 13 9 18 10 28 11 18 16 25 17 30 18 28 19 23 20 28 21 30 22 30 23 26 24 29 25 20 26 15 27 10 36 15 37 25 38 30 39 19 40 27 41 25 42 28 43 13 48 21 49 15 50 26 51 22 52 19 53 28 54 11 55 15 8 28 20 29 23 30 22 31 30 48 17 49 16 50 30 51 25 4 56 29 57 13 58 25 59 25
5 4 0 30 1 28 2 22 3 23 36 8 26 9 16 10 16 11 16 12 23 13 19 14 10 15 13 16 21 17 13 18 21 19 16 20 26 21 26 22 18 23 17 32 17 33 21 34 24 35 25 36 23 37 20 38 10 39 29 40 16 41 15 42 19 43 19 44 21 45 18 46 17 47 22 48 17 49 13 50 29 51 25 52 4 13 5 20 6 21 7 12 8 20 9 25 10 20 11 29 12 28 13 30 14 13 15 10 16 18 17 26 18 13 19 17 20 19 21 25 22 30 23 27 24 16 25 18 26 15 27 14 28 23 29 18 30 13 31 23 32 19 33 19 34 26 35 23 36 20 37 17 38 18 39 17 40 20 41 19 42 14 43 14 44 30 45 18 46 11 47 15 48 19 49 10 50 27 51 26 52 12 53 22 54 21 55 17 4 4 25 5 20 6 13 7 25 4 56 16 57 27 58 18 59 30
5 4 0 12 1 12 2 29 3 13 36 4 27 5 19 6 28 7 28 12 25 13 15 14 23 15 28 16 13 17 17 18 30 19 25 20 24 21 21 22 27 23 25 24 14 25 10 26 28 27 18 32 22 33 14 34 27 35 24 40 18 41 19 42 18 43 24 48 13 49 11 50 23 51 16 52 17 53 11 54 19 55 14 4 16 28 17 15 18 28 19 20 16 4 20 5 20 6 28 7 18 16 24 17 25 18 14 19 22 28 13 29 12 30 15 31 27 48 16 49 10 50 12 51 29 4 56 19 57 12 58 10 59 26
5 4 0 28 1 25 2 25 3 11 20 20 19 21 21 22 10 23 19 24 16 25 28 26 11 27 28 36 20 37 13 38 15 39 22 44 26 45 23 46 18 47 17 52 12 53 21 54 14 55 23 52 4 21 5 22 6 23 7 20 8 15 9 15 10 18 11 29 12 30 13 15 14 30 15 19 16 24 17 10 18 18 19 27 20 10 21 30 22 27 23 26 24 12 25 15 26 22 27 25 28 24 29 22 30 29 31 29 32 22 33 29 34 26 35 13 36 20 37 22 38 15 39 29 40 10 41 22 42 30 43 13 44 17 45 10 46 21 47 10 48 18 49 30 50 15 51 21 52 24 53 16 54 30 55 28 40 8 12 9 25 10 19 11 21 12 18 13 26 14 17 15 19 16 29 17 22 18 27 19 11 20 15 21 16 22 17 23 19 24 20 25 17 26 20 27 27 28 28 29 24 30 11 31 20 36 27 37 25 38 15 39 27 40 27 41 15 42 23 43 14 44 29 45 19 46 22 47 10 48 21 49 26 50 18 51 21 4 56 27 57 14 58 23 59 19
5 4 0 12 1 29 2 27 3 10 48 4 26 5 30 6 27 7 10 8 26 9 27 10 11 11 29 16 15 17 22 18 30 19 23 20 18 21 24 22 27 23 16 24 17 25 18 26 22 27 30 28 28 29 26 30 24 31 30 32 24 33 13 34 30 35 29 36 21 37 20 38 15 39 10 40 17 41 14 42 24 43 28 44 14 45 24 46 17 47 27 48 18 49 30 50 10 51 21 52 17 53 24 54 21 55 14 16 8 27 9 15 10 22 11 27 40 25 41 17 42 17 43 15 44 11 45 22 46 17 47 13 52 12 53 18 54 21 55 13 44 8 20 9 14 10 12 11 28 12 29 13 28 14 29 15 18 16 24 17 30 18 14 19 19 20 18 21 28 22 30 23 22 24 27 25 25 26 13 27 11 28 20 29 24 30 30 31 26 32 14 33 30 34 23 35 10 40 29 41 30 42 24 43 24 44 22 45 17 46 30 47 28 48 10 49 10 50 26 51 23 52 28 53 20 54 24 55 23 4 56 28 57 26 58 16 59 14
5 4 0 29 1 16 2 12 3 19 20 12 17 13 27 14 22 15 14 16 18 17 21 18 22 19 18 20 19 21 22 22 20 23 15 28 24 29 28 30 12 31 18 48 16 49 11 50 30 51 10 32 4 20 5 16 6 15 7 30 12 22 13 21 14 14 15 25 20 11 21 24 22 18 23 25 24 16 25 14 26 18 27 13 32 22 33 29 34 24 35 30 44 23 45 28 46 14 47 12 48 15 49 15 50 12 51 27 52 18 53 12 54 19 55 28 40 4 30 5 26 6 10 7 23 8 27 9 21 10 14 11 11 16 23 17 25 18 15 19 22 24 24 25 11 26 19 27 13 28 22 29 19 30 23 31 11 32 24 33 10 34 26 35 20 40 21 41 20 42 25 43 11 44 15 45 12 46 14 47 16 48 17 49 28 50 18 51 30 52 10 53 16 54 11 55 23 4 56 21 57 23 58 30 59 24
5 4 0 16 1 23 2 26 3 25 32 4 14 5 23 6 28 7 10 8 10 9 28 10 18 11 15 12 11 13 28 14 30 15 28 16 22 17 14 18 30 19 21 24 26 25 17 26 15 27 15 40 21 41 12 42 17 43 21 48 15 49 27 50 22 51 24 52 12 53 29 54 25 55 29 52 4 13 5 11 6 12 7 18 8 10 9 17 10 16 11 16 12 15 13 25 14 19 15 27 16 21 17 21 18 14 19 14 20 11 21 24 22 15 23 11 24 30 25 20 26 14 27 12 28 14 29 29 30 12 31 17 32 13 33 30 34 29 35 28 36 19 37 26 38 30 39 26 40 25 41 19 42 29 43 20 44 15 45 24 46 11 47 25 48 13 49 25 50 25 51 24 52 13 53 20 54 28 55 20 16 8 11 9 17 10 17 11 13 12 30 13 29 14 18 15 19 28 28 29 12 30 16 31 17 48 12 49 10 50 28 51 16 4 56 28 57 27 58 20 59 19
5 4 0 20 1 28 2 12 3 30 24 12 28 13 17 14 17 15 17 28 30 29 13 30 25 31 30 32 30 33 21 34 22 35 17 36 14 37 16 38 13 39 26 40 10 41 10 42 30 43 18 48 21 49 22 50 11 51 12 4 36 21 37 29 38 19 39 28 44 4 20 5 12 6 24 7 28 8 12 9 17 10 13 11 22 12 18 13 16 14 13 15 18 20 26 21 21 22 10 23 24 24 11 25 21 26 21 27 25 32 13 33 28 34 22 35 20 36 11 37 21 38 19 39 30 40 14 41 21 42 27 43 26 44 20 45 30 46 12 47 20 48 22 49 28 50 29 51 16 52 21 53 11 54 23 55 24 4 56 17 57 24 58 15 59 17
5 4 0 27 1 19 2 16 3 27 12 8 13 9 25 10 15 11 14 20 18 21 15 22 20 23 23 40 18 41 22 42 26 43 19 20 4 26 5 29 6 20 7 14 12 12 13 28 14 30 15 27 20 13 21 18 22 11 23 29 32 14 33 25 34 23 35 27 52 21 53 14 54 15 55 12 8 12 30 13 14 14 16 15 22 52 10 53 13 54 30 55 26 4 56 12 57 29 58 28 59 11
5 4 0 15 1 16 2 16 3 22 48 4 10 5 24 6 12 7 30 8 23 9 20 10 17 11 22 12 16 13 27 14 16 15 29 16 27 17 27 18 27 19 11 20 16 21 11 22 14 23 29 28 19 29 12 30 11 31 22 32 30 33 15 34 28 35 30 36 20 37 13 38 18 39 30 40 12 41 13 42 14 43 19 44 24 45 11 46 20 47 25 48 28 49 10 50 22 51 11 52 29 53 11 54 19 55 30 20 16 26 17 14 18 16 19 28 24 21 25 27 26 13 27 26 36 29 37 29 38 16 39 27 40 11 41 21 42 14 43 29 44 29 45 26 46 17 47 12 12 24 26 25 26 26 11 27 17 44 16 45 29 46 28 47 19 52 14 53 27 54 12 55 18 4 56 19 57 14 58 21 59 24
5 4 0 10 1 21 2 30 3 27 48 4 24 5 23 6 14 7 13 8 30 9 14 10 12 11 19 12 21 13 15 14 16 15 13 20 16 21 15 22 18 23 10 24 16 25 17 26 18 27 18 28 16 29 13 30 10 31 10 32 12 33 20 34 14 35 15 36 26 37 28 38 24 39 30 40 10 41 26 42 12 43 13 44 27 45 18 46 16 47 27 48 30 49 26 50 24 51 25 52 25 53 28 54 22 55 30 48 4 30 5 29 6 19 7 30 8 15 9 14 10 12 11 10 12 26 13 15 14 21 15 24 16 10 17 30 18 27 19 17 20 27 21 26 22 21 23 20 24 30 25 15 26 12 27 19 28 25 29 21 30 28 31 25 32 27 33 20 34 28 35 28 36 28 37 22 38 17 39 17 40 23 41 21 42 28 43 28 44 17 45 17 46 11 47 12 52 18 53 14 54 15 55 26 40 4 22 5 16 6 30 7 21 8 16 9 15 10 24 11 27 12 19 13 12 14 11 15 21 16 14 17 30 18 21 19 23 24 25 25 24 26 15 27 21 28 29 29 10 30 19 31 12 32 15 33 19 34 23 35 28 40 22 41 17 42 29 43 26 44 27 45 20 46 14 47 15 52 25 53 16 54 30 55 29 4 56 16 57 23 58 18 59 12
5 4 0 17 1 28 2 16 3 14 40 4 23 5 15 6 11 7 27 8 19 9 25 10 25 11 15 12 26 13 13 14 11 15 16 16 21 17 28 18 18 19 17 24 16 25 18 26 30 27 10 28 25 29 24 30 24 31 13 32 30 33 16 34 19 35 10 36 20 37 21 38 10 39 30 44 26 45 25 46 27 47 27 48 16 49 13 50 27 51 17 20 8 17 9 21 10 16 11 24 16 22 17 30 18 26 19 30 24 17 25 21 26 30 27 19 36 16 37 21 38 14 39 22 40 15 41 15 42 10 43 13 40 8 27 9 23 10 18 11 23 20 20 21 23 22 27 23 17 24 21 25 12 26 26 27 26 28 27 29 17 30 13 31 14 32 29 33 17 34 15 35 30 36 21 37 19 38 19 39 30 40 13 41 22 42 27 43 18 44 10 45 18 46 18 47 23 48 23 49 27 50 10 51 11 52 12 53 28 54 26 55 22 4 56 30 57 30 58 23 59 19
5 4 0 15 1 23 2 20 3 22 32 4 21 5 25 6 21 7 12 8 23 9 19 10 10 11 14 12 19 13 30 14 13 15 17 16 29 17 19 18 12 19 17 28 12 29 13 30 27 31 25 36 28 37 19 38 30 39 30 40 29 41 17 42 23 43 17 52 24 53 11 54 12 55 15 36 20 18 21 23 22 27 23 14 24 25 25 28 26 28 27 13 28 18 29 11 30 15 31 23 32 15 33 27 34 15 35 14 36 30 37 21 38 24 39 14 40 25 41 18 42 16 43 21 44 19 45 18 46 26 47 20 48 24 49 21 50 24 51 28 52 18 53 18 54 26 55 17 44 4 12 5 30 6 11 7 18 8 21 9 19 10 19 11 15 12 23 13 15 14 25 15 11 16 21 17 18 18 14 19 16 20 20 21 26 22 23 23 26 28 11 29 23 30 23 31 14 36 17 37 24 38 25 39 14 40 20 41 25 42 19 43 28 44 10 45 12 46 23 47 18 48 24 49 29 50 14 51 15 52 20 53 20 54 30 55 30 4 56 29 57 30 58 18 59 23
5 4 0 30 1 15 2 26 3 10 44 4 28 5 20 6 17 7 26 8 17 9 21 10 18 11 20 12 28 13 28 14 21 15 24 24 15 25 15 26 26 27 22 28 24 29 24 30 18 31 13 32 25 33 10 34 29 35 24 36 25 37 27 38 16 39 17 40 11 41 26 42 24 43 29 44 30 45 26 46 11 47 13 48 20 49 30 50 16 51 23 52 18 53 26 54 23 55 30 24 4 17 5 10 6 16 7 19 12 18 13 26 14 10 15 27 16 27 17 13 18 25 19 11 24 10 25 16 26 10 27 22 28 10 29 21 30 10 31 28 40 25 41 12 42 12 43 18 36 4 19 5 15 6 11 7 12 12 11 13 28 14 10 15 13 16 28 17 17 18 20 19 17 20 11 21 23 22 28 23 20 24 30 25 17 26 24 27 13 28 21 29 28 30 23 31 11 36 23 37 24 38 14 39 24 40 18 41 30 42 12 43 23 48 21 49 22 50 23 51 30 4 56 21 57 15 58 30 59 28
5 4 0 13 1 19 2 22 3 22 20 4 11 5 20 6 19 7 21 8 21 9 13 10 13 11 17 16 17 17 25 18 12 19 18 36 29 37 25 38 30 39 10 40 15 41 12 42 18 43 24 28 4 13 5 13 6 25 7 25 16 19 17 20 18 28 19 27 28 18 29 13 30 27 31 19 32 21 33 24 34 11 35 15 36 18 37 27 38 25 39 12 44 25 45 24 46 29 47 20 52 26 53 18 54 11 55 10 32 8 16 9 13 10 21 11 13 16 21 17 24 18 14 19 24 20 17 21 30 22 26 23 11 28 27 29 21 30 21 31 30 36 30 37 16 38 19 39 30 44 12 45 20 46 25 47 22 48 13 49 10 50 27 51 12 52 29 53 23 54 11 55 23 4 56 29 57 12 58 15 59 29
5 4 0 19 1 16 2 26 3 12 24 4 30 5 10 6 26 7 18 8 10 9 10 10 23 11 24 16 16 17 25 18 15 19 11 24 18 25 16 26 12 27 25 32 30 33 24 34 19 35 18 36 30 37 12 38 29 39 15 48 4 29 5 24 6 26 7 17 8 11 9 27 10 24 11 23 12 17 13 27 14 17 15 10 16 28 17 15 18 23 19 22 20 18 21 23 22 25 23 13 24 25 25 26 26 24 27 10 28 17 29 11 30 20 31 22 36 11 37 21 38 29 39 12 40 12 41 27 42 18 43 20 44 20 45 12 46 24 47 18 48 30 49 22 50 29 51 15 52 27 53 20 54 12 55 23 4 12 27 13 27 14 20 15 29 4 56 24 57 12 58 12 59 30
5 4 0 29 1 16 2 12 3 24 12 24 30 25 28 26 29 27 11 28 10 29 14 30 11 31 27 44 25 45 23 46 20 47 27 12 4 11 5 11 6 27 7 11 20 21 21 15 22 17 23 10 24 24 25 13 26 11 27 16 32 4 26 5 12 6 29 7 24 8 17 9 12 10 22 11 20 12 19 13 13 14 18 15 18 16 16 17 24 18 13 19 23 24 21 25 12 26 22 27 22 28 17 29 29 30 29 31 16 32 12 33 26 34 28 35 14 40 18 41 20 42 19 43 24 4 56 19 57 20 58 18 59 14
5 4 0 19 1 28 2 24 3 23 16 4 10 5 30 6 24 7 24 12 29 13 16 14 19 15 12 24 19 25 19 26 19 27 14 52 21 53 30 54 19 55 21 36 8 17 9 26 10 21 11 14 12 21 13 26 14 16 15 10 16 25 17 30 18 17 19 11 20 30 21 22 22 22 23 11 24 18 25 18 26 10 27 16 28 16 29 21 30 29 31 17 40 13 41 17 42 24 43 30 44 30 45 19 46 27 47 13 48 22 49 22 50 20 51 30 20 8 30 9 15 10 29 11 29 16 24 17 12 18 12 19 10 44 16 45 27 46 13 47 13 48 27 49 17 50 21 51 22 52 21 53 19 54 14 55 30 4 56 12 57 15 58 30 59 22
5 4 0 15 1 28 2 27 3 29 32 12 24 13 10 14 10 15 23 20 24 21 19 22 11 23 25 24 27 25 30 26 20 27 21 32 13 33 27 34 19 35 12 36 15 37 15 38 16 39 24 40 17 41 10 42 28 43 16 44 28 45 18 46 13 47 21 48 25 49 27 50 25 51 24 4 24 28 25 30 26 11 27 24 32 4 10 5 29 6 22 7 27 16 12 17 12 18 28 19 21 20 30 21 24 22 18 23 11 28 15 29 12 30 29 31 26 36 15 37 21 38 18 39 11 44 12 45 25 46 30 47 19 48 12 49 15 50 10 51 25 52 20 53 24 54 27 55 29 4 56 23 57 23 58 24 59 27
5 4 0 22 1 12 2 22 3 17 40 12 22 13 17 14 11 15 19 16 26 17 16 18 30 19 22 20 22 21 24 22 13 23 12 24 19 25 17 26 25 27 28 28 11 29 13 30 22 31 27 36 27 37 14 38 21 39 22 40 10 41 16 42 26 43 13 44 20 45 19 46 16 47 14 48 16 49 18 50 22 51 13 52 25 53 25 54 26 55 17 12 4 13 5 12 6 16 7 13 32 19 33 30 34 27 35 26 48 16 49 27 50 24 51 18 20 4 28 5 10 6 24 7 24 8 29 9 14 10 22 11 12 12 23 13 26 14 29 15 25 16 24 17 24 18 22 19 11 52 10 53 21 54 17 55 27 4 56 15 57 16 58 12 59 23
5 4 0 22 1 22 2 25 3 14 52 4 20 5 15 6 17 7 29 8 15 9 29 10 10 11 19 12 28 13 10 14 25 15 26 16 13 17 17 18 19 19 28 20 15 21 19 22 30 23 16 24 11 25 12 26 15 27 25 28 15 29 22 30 25 31 22 32 27 33 30 34 30 35 25 36 28 37 21 38 24 39 24 40 17 41 21 42 14 43 18 44 24 45 18 46 28 47 22 48 29 49 13 50 25 51 11 52 18 53 14 54 18 55 30 32 4 11 5 29 6 27 7 16 8 29 9 19 10 24 11 29 16 30 17 13 18 30 19 30 20 30 21 20 22 20 23 20 28 16 29 19 30 12 31 13 32 19 33 16 34 13 35 21 44 19 45 11 46 13 47 18 52 14 53 27 54 26 55 10 40 4 22 5 15 6 24 7 19 8 19 9 24 10 24 11 26 12 26 13 10 14 27 15 18 16 28 17 25 18 18 19 13 20 25 21 17 22 28 23 23 28 24 29 24 30 24 31 10 32 22 33 30 34 20 35 20 40 30 41 14 42 11 43 30 48 21 49 16 50 25 51 27 52 24 53 15 54 21 55 30 4 56 26 57 10 58 27 59 17
5 4 0 24 1 25 2 18 3 18 28 4 30 5 19 6 29 7 30 8 25 9 28 10 13 11 24 12 13 13 21 14 11 15 26 16 26 17 16 18 25 19 17 24 18 25 12 26 21 27 24 28 15 29 19 30 27 31 16 40 30 41 22 42 28 43 23 24 8 26 9 12 10 18 11 27 20 28 21 24 22 13 23 27 24 28 25 14 26 17 27 20 32 22 33 28 34 19 35 13 44 18 45 12 46 17 47 21 48 23 49 30 50 15 51 27 44 4 16 5 12 6 11 7 29 8 18 9 20 10 21 11 12 16 17 17 20 18 21 19 11 20 27 21 30 22 10 23 16 24 11 25 27 26 21 27 18 28 20 29 26 30 13 31 16 32 21 33 16 34 15 35 19 36 20 37 15 38 18 39 27 40 15 41 11 42 24 43 26 44 19 45 30 46 17 47 17 48 16 49 23 50 24 51 19 4 56 17 57 24 58 23 59 14
5 4 0 16 1 14 2 17 3 13 48 8 10 9 11 10 30 11 30 12 30 13 11 14 14 15 16 16 13 17 13 18 11 19 19 20 13 21 22 22 26 23 24 24 22 25 20 26 24 27 13 28 16 29 18 30 24 31 29 32 17 33 25 34 20 35 11 36 20 37 22 38 17 39 18 40 22 41 14 42 28 43 10 44 28 45 13 46 21 47 12 48 18 49 15 50 19 51 12 52 27 53 28 54 13 55 25 32 4 14 5 20 6 13 7 17 12 23 13 17 14 13 15 25 16 18 17 11 18 21 19 19 20 10 21 26 22 23 23 23 24 17 25 22 26 25 27 24 28 13 29 27 30 29 31 15 32 13 33 13 34 25 35 14 48 28 49 25 50 22 51 19 24 4 17 5 18 6 21 7 17 12 17 13 16 14 19 15 14 16 21 17 26 18 20 19 19 24 27 25 29 26 25 27 16 28 25 29 30 30 23 31 26 40 14 41 16 42 16 43 20 4 56 29 57 21 58 29 59 16
5 4 0 15 1 29 2 11 3 23 44 4 11 5 22 6 12 7 12 12 16 13 12 14 11 15 29 16 16 17 21 18 18 19 15 20 12 21 23 22 20 23 20 24 22 25 21 26 13 27 24 32 24 33 21 34 15 35 12 36 20 37 25 38 26 39 19 40 19 41 19 42 13 43 28 44 10 45 30 46 28 47 27 48 12 49 18 50 30 51 29 52 19 53 27 54 10 55 16 52 4 13 5 12 6 22 7 27 8 16 9 15 10 28 11 16 12 23 13 19 14 15 15 22 16 23 17 27 18 14 19 27 20 10 21 10 22 25 23 13 24 24 25 30 26 15 27 27 28 10 29 24 30 15 31 21 32 30 33 15 34 25 35 27 36 24 37 24 38 15 39 20 40 26 41 29 42 28 43 20 44 16 45 14 46 27 47 23 48 28 49 30 50 10 51 21 52 28 53 23 54 11 55 21 44 4 20 5 16 6 10 7 18 8 25 9 25 10 12 11 21 12 25 13 19 14 11 15 20 16 24 17 28 18 11 19 26 20 23 21 22 22 22 23 24 28 23 29 12 30 27 31 30 32 24 33 26 34 30 35 20 36 13 37 25 38 15 39 26 40 11 41 10 42 12 43 23 48 15 49 26 50 15 51 16 52 16 53 20 54 16 55 21 4 56 30 57 12 58 20 59 24
5 4 0 29 1 17 2 13 3 22 40 12 17 13 30 14 19 15 10 16 28 17 18 18 27 19 18 20 11 21 10 22 14 23 23 24 28 25 11 26 22 27 22 28 17 29 24 30 21 31 16 36 19 37 17 38 10 39 26 40 21 41 18 42 20 43 30 44 14 45 11 46 21 47 28 48 14 49 30 50 24 51 16 52 23 53 12 54 17 55 18 24 4 29 5 12 6 29 7 29 20 18 21 17 22 15 23 12 24 25 25 20 26 22 27 13 32 25 33 13 34 29 35 15 44 19 45 23 46 17 47 30 48 29 49 23 50 17 51 21 24 4 15 5 22 6 16 7 27 8 18 9 14 10 11 11 16 28 11 29 19 30 28 31 22 36 20 37 22 38 17 39 24 44 30 45 26 46 12 47 18 48 26 49 18 50 21 51 23 4 56 18 57 14 58 21 59 19
5 4 0 19 1 21 2 17 3 30 24 8 12 9 21 10 17 11 18 12 14 13 15 14 20 15 26 20 22 21 12 22 29 23 10 24 21 25 12 26 26 27 10 40 10 41 25 42 10 43 17 44 12 45 13 46 17 47 18 44 4 18 5 24 6 16 7 13 8 23 9 15 10 22 11 15 16 26 17 16 18 20 19 10 20 30 21 19 22 11 23 14 24 20 25 16 26 22 27 29 28 20 29 29 30 29 31 14 32 19 33 14 34 19 35 16 36 12 37 29 38 11 39 10 40 14 41 22 42 10 43 19 44 25 45 18 46 26 47 21 52 30 53 19 54 13 55 25 52 4 17 5 20 6 12 7 18 8 25 9 21 10 26 11 18 12 22 13 25 14 27 15 14 16 13 17 16 18 22 19 24 20 19 21 15 22 20 23 11 24 26 25 13 26 24 27 29 28 30 29 18 30 26 31 12 32 23 33 24 34 22 35 13 36 18 37 26 38 12 39 11 40 28 41 21 42 27 43 18 44 30 45 30 46 26 47 23 48 20 49 24 50 20 51 21 52 28 53 23 54 26 55 16 4 56 19 57 24 58 22 59 20
5 4 0 27 1 27 2 28 3 26 20 8 17 9 29 10 23 11 23 20 28 21 19 22 12 23 19 24 11 25 20 26 18 27 16 44 18 45 26 46 22 47 29 48 20 49 13 50 13 51 18 20 16 22 17 18 18 20 19 13 24 18 25 27 26 19 27 21 32 29 33 19 34 17 35 28 36 26 37 23 38 10 39 17 44 13 45 22 46 19 47 27 52 4 16 5 13 6 23 7 13 8 13 9 30 10 22 11 23 12 19 13 25 14 10 15 24 16 25 17 16 18 21 19 26 20 15 21 18 22 17 23 20 24 21 25 23 26 23 27 23 28 30 29 19 30 14 31 17 32 14 33 28 34 24 35 25 36 26 37 24 38 25 39 14 40 14 41 27 42 25 43 20 44 28 45 12 46 21 47 28 48 20 49 21 50 16 51 13 52 25 53 20 54 16 55 18 4 56 24 57 17 58 17 59 28
5 4 0 24 1 27 2 26 3 13 52 4 13 5 21 6 11 7 11 8 12 9 10 10 24 11 18 12 15 13 28 14 15 15 14 16 27 17 29 18 24 19 10 20 12 21 21 22 12 23 19 24 10 25 25 26 25 27 29 28 20 29 17 30 27 31 27 32 11 33 15 34 20 35 30 36 15 37 11 38 22 39 29 40 15 41 22 42 30 43 16 44 13 45 28 46 21 47 23 48 30 49 11 50 29 51 20 52 26 53 15 54 26 55 29 4 32 16 33 24 34 12 35 12 36 4 27 5 16 6 22 7 20 8 25 9 15 10 28 11 18 12 26 13 17 14 29 15 14 16 29 17 21 18 11 19 14 24 30 25 20 26 23 27 11 28 22 29 16 30 24 31 30 32 13 33 30 34 30 35 22 44 19 45 21 46 16 47 24 52 23 53 28 54 10 55 27 4 56 19 57 22 58 27 59 26
5 4 0 30 1 14 2 17 3 19 52 4 29 5 15 6 11 7 22 8 11 9 16 10 15 11 21 12 24 13 12 14 13 15 16 16 15 17 16 18 20 19 13 20 10 21 22 22 21 23 11 24 22 25 22 26 15 27 18 28 30 29 23 30 22 31 15 32 15 33 29 34 22 35 29 36 23 37 15 38 10 39 22 40 16 41 26 42 30 43 30 44 13 45 23 46 26 47 30 48 14 49 13 50 16 51 14 52 15 53 21 54 16 55 20 8 36 14 37 23 38 11 39 13 52 14 53 20 54 11 55 18 32 4 23 5 18 6 22 7 10 16 29 17 24 18 29 19 24 24 18 25 17 26 22 27 26 28 28 29 30 30 12 31 18 32 16 33 15 34 30 35 17 40 22 41 12 42 25 43 13 48 26 49 27 50 22 51 23 52 21 53 13 54 27 55 24 4 56 25 57 14 58 28 59 26
5 4 0 28 1 15 2 29 3 19 52 4 24 5 27 6 22 7 13 8 10 9 22 10 17 11 11 12 20 13 29 14 21 15 19 16 30 17 19 18 12 19 16 20 25 21 30 22 18 23 15 24 27 25 20 26 17 27 21 28 17 29 23 30 24 31 16 32 22 33 20 34 20 35 26 36 11 37 27 38 18 39 24 40 26 41 15 42 28 43 13 44 28 45 29 46 25 47 28 48 12 49 19 50 14 51 14 52 23 53 11 54 27 55 30 20 12 26 13 20 14 19 15 29 16 17 17 27 18 20 19 10 20 24 21 18 22 20 23 12 36 12 37 24 38 20 39 29 48 20 49 30 50 11 51 28 52 4 22 5 23 6 29 7 17 8 19 9 16 10 26 11 23 12 14 13 15 14 18 15 23 16 17 17 25 18 19 19 14 20 10 21 13 22 12 23 16 24 13 25 22 26 23 27 25 28 24 29 17 30 19 31 14 32 15 33 12 34 29 35 29 36 10 37 30 38 10 39 26 40 28 41 15 42 28 43 14 44 16 45 24 46 10 47 27 48 13 49 16 50 14 51 28 52 14 53 13 54 25 55 12 4 56 20 57 25 58 23 59 26
5 4 0 11 1 29 2 28 3 16 44 4 22 5 16 6 12 7 18 8 19 9 13 10 14 11 10 12 18 13 18 14 20 15 23 16 10 17 15 18 15 19 25 20 24 21 24 22 14 23 22 24 14 25 28 26 30 27 10 28 27 29 21 30 12 31 11 32 18 33 19 34 13 35 14 36 19 37 30 38 29 39 30 44 17 45 20 46 25 47 26 48 26 49 10 50 26 51 23 40 4 18 5 14 6 18 7 20 12 30 13 28 14 22 15 27 16 16 17 30 18 26 19 18 24 30 25 21 26 26 27 26 28 16 29 13 30 19 31 22 32 28 33 14 34 29 35 13 36 23 37 27 38 19 39 20 40 14 41 22 42 30 43 22 44 25 45 19 46 12 47 15 52 30 53 18 54 25 55 18 52 4 23 5 14 6 12 7 14 8 26 9 24 10 19 11 22 12 28 13 10 14 23 15 18 16 22 17 20 18 12 19 11 20 27 21 21 22 18 23 21 24 23 25 20 26 20 27 26 28 17 29 22 30 25 31 28 32 20 33 20 34 27 35 23 36 19 37 27 38 30 39 21 40 30 41 28 42 25 43 16 44 10 45 29 46 28 47 10 48 15 49 17 50 15 51 25 52 24 53 30 54 21 55 19 4 56 26 57 16 58 11 59 19
5 4 0 24 1 14 2 29 3 24 44 4 30 5 22 6 27 7 15 8 12 9 26 10 11 11 29 16 25 17 11 18 11 19 24 20 29 21 17 22 11 23 21 24 14 25 14 26 27 27 24 32 15 33 12 34 28 35 12 36 11 37 13 38 24 39 19 40 10 41 18 42 17 43 11 44 18 45 11 46 17 47 17 48 20 49 21 50 21 51 24 52 28 53 25 54 18 55 14 36 8 29 9 25 10 29 11 21 16 21 17 29 18 11 19 30 24 16 25 18 26 14 27 13 28 17 29 13 30 23 31 20 32 16 33 19 34 15 35 14 36 22 37 14 38 24 39 29 40 17 41 17 42 13 43 14 48 21 49 14 50 15 51 10 52 16 53 13 54 16 55 22 32 4 20 5 28 6 26 7 26 8 13 9 12 10 30 11 12 12 13 13 10 14 21 15 16 28 21 29 17 30 10 31 21 36 29 37 29 38 22 39 16 44 20 45 13 46 10 47 23 48 12 49 16 50 21 51 29 52 17 53 18 54 26 55 28 4 56 30 57 24 58 16 59 10
5 4 0 15 1 21 2 10 3 27 24 4 25 5 14 6 22 7 27 16 30 17 15 18 30 19 27 20 30 21 14 22 28 23 13 24 12 25 19 26 12 27 30 32 21 33 18 34 13 35 27 40 10 41 21 42 13 43 15 28 16 15 17 28 18 14 19 16 20 13 21 17 22 21 23 23 32 16 33 12 34 17 35 19 36 21 37 24 38 14 39 25 40 17 41 19 42 19 43 22 44 11 45 13 46 18 47 14 52 28 53 12 54 26 55 21 40 4 27 5 20 6 11 7 16 8 14 9 10 10 19 11 16 12 16 13 11 14 20 15 21 24 13 25 13 26 26 27 18 28 11 29 22 30 19 31 10 32 27 33 30 34 16 35 16 40 18 41 23 42 24 43 29 44 23 45 28 46 30 47 24 48 26 49 25 50 30 51 19 52 13 53 25 54 16 55 16 4 56 15 57 17 58 25 59 20
5 4 0 19 1 10 2 10 3 27 8 8 12 9 20 10 17 11 12 24 22 25 16 26 28 27 17 36 4 29 5 27 6 24 7 11 8 17 9 21 10 26 11 13 12 22 13 12 14 21 15 11 20 18 21 19 22 14 23 26 28 25 29 21 30 13 31 26 36 25 37 10 38 24 39 10 44 20 45 18 46 11 47 22 48 14 49 28 50 29 51 12 52 27 53 24 54 12 55 23 48 4 30 5 30 6 18 7 12 8 26 9 22 10 21 11 27 12 25 13 14 14 11 15 24 16 12 17 23 18 26 19 22 20 10 21 27 22 13 23 12 24 29 25 27 26 21 27 11 28 24 29 19 30 20 31 17 32 24 33 12 34 12 35 15 40 26 41 19 42 23 43 21 44 29 45 13 46 20 47 20 48 18 49 22 50 21 51 15 52 23 53 24 54 20 55 15 4 56 10 57 30 58 18 59 21
5 4 0 18 1 27 2 21 3 27 20 8 10 9 20 10 26 11 11 16 29 17 25 18 23 19 29 32 20 33 14 34 23 35 26 40 18 41 18 42 24 43 27 44 10 45 12 46 30 47 18 52 4 25 5 10 6 18 7 21 8 24 9 22 10 22 11 24 12 11 13 15 14 29 15 19 16 21 17 30 18 13 19 19 20 17 21 20 22 27 23 26 24 16 25 10 26 25 27 10 28 21 29 10 30 16 31 18 32 11 33 28 34 11 35 30 36 11 37 27 38 20 39 27 40 11 41 29 42 24 43 20 44 16 45 17 46 20 47 20 48 28 49 21 50 24 51 27 52 24 53 18 54 26 55 13 8 28 15 29 14 30 30 31 10 52 11 53 20 54 17 55 21 4 56 14 57 30 58 11 59 16
5 4 0 20 1 15 2 16 3 23 20 12 10 13 23 14 25 15 20 20 22 21 21 22 27 23 15 24 28 25 22 26 20 27 24 32 24 33 11 34 27 35 23 44 13 45 22 46 15 47 30 4 32 16 33 25 34 12 35 11 16 12 30 13 14 14 12 15 27 36 16 37 12 38 29 39 12 48 24 49 15 50 25 51 14 52 26 53 12 54 11 55 24 4 56 28 57 12 58 22 59 30
5 4 0 20 1 12 2 29 3 22 24 4 12 5 15 6 20 7 24 8 16 9 28 10 23 11 28 16 27 17 26 18 15 19 26 24 10 25 27 26 19 27 15 36 22 37 11 38 23 39 29 44 17 45 11 46 26 47 12 52 4 26 5 15 6 14 7 10 8 25 9 27 10 14 11 19 12 11 13 11 14 30 15 11 16 21 17 11 18 18 19 20 20 13 21 22 22 24 23 10 24 22 25 15 26 27 27 30 28 29 29 25 30 21 31 30 32 17 33 10 34 29 35 15 36 23 37 23 38 22 39 18 40 27 41 26 42 26 43 27 44 11 45 29 46 28 47 16 48 10 49 22 50 25 51 20 52 13 53 18 54 21 55 15 32 4 28 5 24 6 21 7 25 8 28 9 24 10 19 11 12 16 15 17 26 18 13 19 26 20 18 21 18 22 16 23 25 28 10 29 22 30 30 31 17 36 16 37 13 38 13 39 11 48 24 49 24 50 24 51 17 52 19 53 15 54 24 55 19 4 56 14 57 10 58 18 59 14
5 4 0 10 1 18 2 19 3 23 44 8 17 9 26 10 10 11 28 12 23 13 25 14 11 15 27 16 23 17 22 18 12 19 17 20 18 21 26 22 10 23 28 24 13 25 30 26 16 27 29 28 26 29 29 30 24 31 23 32 16 33 13 34 26 35 20 36 23 37 17 38 14 39 20 40 26 41 29 42 18 43 14 44 16 45 23 46 23 47 26 52 11 53 15 54 30 55 10 28 8 19 9 14 10 18 11 26 20 12 21 25 22 16 23 21 36 14 37 28 38 27 39 18 40 12 41 13 42 14 43 25 44 26 45 12 46 20 47 22 48 24 49 11 50 10 51 12 52 17 53 16 54 16 55 22 24 16 15 17 15 18 15 19 14 20 24 21 24 22 10 23 13 24 19 25 20 26 20 27 11 44 16 45 16 46 27 47 30 48 11 49 13 50 27 51 16 52 30 53 14 54 27 55 20 4 56 15 57 14 58 27 59 16
5 4 0 17 1 21 2 13 3 15 44 4 10 5 23 6 26 7 23 8 15 9 22 10 24 11 19 12 28 13 29 14 30 15 22 16 14 17 25 18 25 19 19 20 12 21 19 22 15 23 10 24 21 25 19 26 13 27 16 32 27 33 16 34 14 35 16 40 15 41 30 42 12 43 20 44 17 45 26 46 12 47 28 48 21 49 19 50 23 51 10 52 22 53 11 54 15 55 15 24 4 23 5 28 6 15 7 25 12 17 13 18 14 11 15 18 16 21 17 24 18 17 19 30 44 30 45 26 46 21 47 20 48 15 49 16 50 30 51 17 52 24 53 17 54 21 55 14 16 4 20 5 30 6 17 7 30 32 12 33 10 34 14 35 18 36 13 37 22 38 13 39 22 52 19 53 12 54 10 55 27 4 56 12 57 19 58 18 59 27
5 4 0 15 1 29 2 24 3 27 32 4 22 5 15 6 14 7 22 20 11 21 16 22 12 23 13 24 15 25 23 26 12 27 30 28 20 29 28 30 19 31 26 32 12 33 12 34 29 35 20 40 13 41 28 42 27 43 12 44 20 45 12 46 22 47 22 48 14 49 11 50 14 51 30 52 4 22 5 29 6 21 7 19 8 10 9 16 10 28 11 24 12 13 13 11 14 23 15 26 16 19 17 19 18 28 19 12 20 16 21 22 22 14 23 20 24 24 25 15 26 29 27 24 28 28 29 19 30 19 31 27 32 15 33 28 34 20 35 11 36 10 37 20 38 29 39 24 40 30 41 20 42 25 43 19 44 10 45 22 46 28 47 26 48 26 49 20 50 29 51 20 52 25 53 15 54 15 55 13 4 36 22 37 13 38 14 39 29 4 56 15 57 12 58 10 59 14
5 4 0 22 1 18 2 13 3 29 44 4 25 5 22 6 17 7 24 8 29 9 15 10 10 11 13 12 22 13 25 14 10 15 26 20 17 21 10 22 27 23 30 24 16 25 22 26 22 27 23 28 17 29 30 30 15 31 22 32 29 33 17 34 14 35 23 36 21 37 11 38 17 39 27 44 16 45 27 46 12 47 18 48 26 49 23 50 21 51 12 52 22 53 14 54 11 55 10 12 20 24 21 23 22 16 23 23 24 24 25 22 26 16 27 18 44 19 45 25 46 28 47 10 12 20 17 21 14 22 30 23 25 36 13 37 25 38 27 39 22 52 19 53 18 54 25 55 13 4 56 23 57 28 58 16 59 16
5 4 0 28 1 14 2 29 3 17 16 20 17 21 15 22 12 23 27 28 15 29 30 30 14 31 11 36 13 37 21 38 29 39 16 40 20 41 25 42 12 43 26 48 4 16 5 22 6 16 7 25 8 14 9 10 10 10 11 10 16 21 17 30 18 12 19 22 20 12 21 15 22 21 23 10 24 11 25 29 26 27 27 26 28 23 29 18 30 15 31 20 32 23 33 29 34 13 35 19 36 22 37 15 38 17 39 27 40 15 41 15 42 28 43 14 44 29 45 12 46 27 47 15 48 27 49 14 50 23 51 23 52 21 53 25 54 13 55 10 24 8 23 9 24 10 19 11 10 12 29 13 21 14 26 15 17 20 19 21 18 22 26 23 11 36 30 37 21 38 21 39 26 40 16 41 18 42 20 43 23 48 13 49 30 50 14 51 12 4 56 19 57 27 58 30 59 23
5 4 0 19 1 20 2 23 3 15 52 4 12 5 21 6 12 7 24 8 27 9 25 10 26 11 19 12 23 13 11 14 25 15 29 16 23 17 22 18 25 19 19 20 17 21 19 22 26 23 30 24 27 25 16 26 27 27 16 28 12 29 25 30 10 31 20 32 24 33 11 34 23 35 25 36 12 37 17 38 25 39 20 40 10 41 26 42 25 43 10 44 29 45 27 46 24 47 17 48 12 49 29 50 16 51 22 52 18 53 12 54 15 55 10 16 16 16 17 25 18 16 19 14 28 15 29 14 30 22 31 23 32 11 33 13 34 30 35 19 44 25 45 22 46 24 47 19 36 4 26 5 18 6 27 7 28 8 28 9 18 10 18 11 18 12 10 13 19 14 25 15 27 16 21 17 18 18 10 19 18 24 13 25 25 26 25 27 24 28 12 29 11 30 18 31 25 32 30 33 10 34 22 35 20 36 30 37 14 38 12 39 19 52 30 53 18 54 18 55 20 4 56 27 57 24 58 25 59 11
5 4 0 10 1 12 2 12 3 26 44 4 22 5 26 6 12 7 19 8 21 9 29 10 27 11 11 12 24 13 16 14 14 15 12 16 20 17 13 18 24 19 21 20 16 21 17 22 29 23 19 24 21 25 22 26 21 27 24 28 30 29 25 30 19 31 23 32 12 33 28 34 12 35 29 36 14 37 11 38 16 39 13 40 12 41 29 42 29 43 26 48 22 49 25 50 18 51 14 8 36 14 37 10 38 28 39 14 44 22 45 28 46 21 47 27 24 4 21 5 16 6 16 7 25 12 13 13 11 14 11 15 11 24 29 25 23 26 13 27 11 36 21 37 17 38 29 39 22 40 25 41 16 42 26 43 29 52 15 53 17 54 25 55 28 4 56 10 57 23 58 10 59 11
5 4 0 23 1 26 2 28 3 18 4 28 11 29 12 30 14 31 23 52 4 16 5 17 6 12 7 21 8 27 9 16 10 13 11 13 12 28 13 13 14 26 15 12 16 16 17 12 18 28 19 15 20 27 21 17 22 11 23 19 24 14 25 26 26 21 27 28 28 20 29 27 30 22 31 22 32 16 33 19 34 24 35 11 36 29 37 14 38 14 39 26 40 29 41 23 42 22 43 30 44 29 45 22 46 26 47 16 48 13 49 21 50 10 51 14 52 13 53 27 54 12 55 29 36 4 10 5 27 6 12 7 13 16 23 17 29 18 19 19 29 20 27 21 16 22 17 23 28 32 15 33 16 34 24 35 15 36 18 37 28 38 28 39 24 40 30 41 10 42 16 43 19 44 24 45 27 46 11 47 20 48 21 49 22 50 22 51 18 52 10 53 29 54 29 55 29 4 56 14 57 30 58 18 59 14
5 4 0 27 1 13 2 30 3 17 44 4 10 5 14 6 22 7 20 8 29 9 16 10 27 11 15 12 27 13 23 14 12 15 24 16 22 17 29 18 12 19 29 20 28 21 25 22 28 23 17 24 15 25 14 26 14 27 20 28 24 29 24 30 28 31 22 32 19 33 30 34 29 35 20 40 21 41 27 42 19 43 11 48 30 49 17 50 18 51 25 52 28 53 19 54 19 55 12 20 8 19 9 19 10 25 11 24 20 24 21 19 22 17 23 23 24 14 25 18 26 14 27 20 36 21 37 10 38 26 39 26 48 22 49 20 50 13 51 24 20 4 20 5 14 6 14 7 27 16 22 17 20 18 26 19 14 20 26 21 18 22 27 23 22 24 23 25 29 26 17 27 18 32 18 33 12 34 23 35 12 4 56 14 57 17 58 10 59 21
5 4 0 18 1 19 2 10 3 15 28 8 25 9 24 10 26 11 26 12 22 13 12 14 24 15 12 20 14 21 29 22 11 23 15 40 24 41 19 42 10 43 11 44 15 45 23 46 24 47 17 48 12 49 29 50 19 51 23 52 19 53 20 54 19 55 28 20 16 19 17 10 18 16 19 22 32 28 33 16 34 14 35 27 36 27 37 10 38 23 39 25 44 21 45 20 46 17 47 27 52 11 53 23 54 13 55 17 36 8 23 9 11 10 12 11 15 16 16 17 28 18 25 19 24 28 13 29 13 30 11 31 25 32 16 33 24 34 12 35 13 36 20 37 28 38 12 39 20 40 16 41 22 42 28 43 26 44 18 45 10 46 10 47 21 48 23 49 29 50 19 51 10 52 17 53 24 54 11 55 26 4 56 27 57 23 58 15 59 28
5 4 0 30 1 16 2 23 3 29 48 8 28 9 24 10 23 11 26 12 15 13 29 14 12 15 11 16 29 17 18 18 10 19 18 20 29 21 26 22 10 23 13 24 27 25 23 26 25 27 30 28 26 29 21 30 26 31 28 32 16 33 13 34 30 35 19 36 11 37 19 38 11 39 13 40 13 41 19 42 19 43 13 44 22 45 20 46 11 47 25 48 20 49 22 50 21 51 30 52 21 53 17 54 22 55 27 16 8 15 9 16 10 30 11 29 20 24 21 27 22 23 23 13 32 27 33 30 34 29 35 14 48 23 49 17 50 21 51 20 16 16 29 17 26 18 21 19 13 24 12 25 13 26 15 27 25 40 16 41 22 42 27 43 17 48 25 49 14 50 28 51 17 4 56 29 57 12 58 28 59 22
5 4 0 19 1 20 2 15 3 29 20 4 30 5 14 6 15 7 17 8 17 9 23 10 28 11 16 24 13 25 12 26 14 27 21 44 17 45 16 46 25 47 27 52 14 53 14 54 29 55 26 16 20 30 21 30 22 19 23 14 24 23 25 16 26 30 27 19 40 15 41 11 42 11 43 23 52 19 53 17 54 16 55 28 28 4 10 5 24 6 27 7 12 8 22 9 23 10 12 11 14 12 28 13 14 14 19 15 18 24 13 25 18 26 13 27 25 28 10 29 29 30 25 31 23 32 13 33 25 34 27 35 20 44 19 45 14 46 18 47 21 4 56 10 57 25 58 10 59 15
5 4 0 21 1 28 2 16 3 28 32 4 19 5 11 6 28 7 28 8 29 9 21 10 20 11 16 16 11 17 12 18 25 19 22 20 14 21 14 22 21 23 22 28 22 29 13 30 13 31 12 32 15 33 17 34 27 35 11 36 29 37 12 38 23 39 12 44 30 45 11 46 25 47 29 40 4 29 5 29 6 21 7 14 8 30 9 18 10 21 11 16 12 28 13 17 14 15 15 10 16 21 17 24 18 27 19 29 28 13 29 13 30 18 31 20 36 15 37 23 38 13 39 30 40 23 41 17 42 27 43 30 44 26 45 11 46 27 47 15 48 18 49 25 50 27 51 22 52 23 53 12 54 21 55 30 36 8 18 9 10 10 11 11 24 12 24 13 23 14 14 15 25 16 20 17 17 18 28 19 19 20 18 21 20 22 14 23 23 24 22 25 23 26 23 27 10 28 13 29 27 30 27 31 25 32 22 33 10 34 30 35 11 48 27 49 21 50 24 51 18 52 15 53 21 54 23 55 16 4 56 27 57 26 58 25 59 29
5 4 0 28 1 11 2 29 3 20 40 4 13 5 12 6 15 7 26 8 21 9 16 10 27 11 24 12 16 13 21 14 13 15 10 16 13 17 23 18 11 19 10 20 20 21 24 22 20 23 29 24 21 25 13 26 22 27 13 28 12 29 26 30 26 31 27 32 16 33 19 34 25 35 25 44 26 45 30 46 26 47 17 48 26 49 13 50 26 51 26 32 8 13 9 27 10 17 11 23 12 27 13 24 14 25 15 10 16 18 17 10 18 12 19 10 20 26 21 17 22 19 23 24 28 12 29 18 30 23 31 21 32 16 33 18 34 25 35 11 44 19 45 30 46 17 47 22 52 22 53 25 54 18 55 18 32 12 26 13 16 14 10 15 16 16 24 17 15 18 21 19 28 20 17 21 17 22 13 23 23 24 20 25 16 26 28 27 18 28 29 29 19 30 25 31 26 32 10 33 21 34 15 35 21 44 22 45 10 46 29 47 29 52 29 53 15 54 24 55 17 4 56 23 57 19 58 17 59 13
5 4 0 27 1 29 2 17 3 27 20 4 11 5 20 6 30 7 21 12 13 13 23 14 24 15 18 28 17 29 13 30 24 31 13 32 14 33 21 34 16 35 11 52 29 53 24 54 19 55 11 48 4 19 5 24 6 22 7 15 8 12 9 20 10 20 11 17 12 12 13 15 14 25 15 15 20 20 21 19 22 23 23 18 24 26 25 23 26 22 27 26 28 23 29 30 30 24 31 23 32 27 33 15 34 11 35 22 36 23 37 16 38 18 39 14 40 25 41 10 42 30 43 15 44 26 45 23 46 22 47 23 48 25 49 29 50 17 51 19 52 12 53 23 54 16 55 10 40 4 14 5 23 6 30 7 16 12 23 13 10 14 19 15 15 20 18 21 22 22 29 23 13 24 29 25 17 26 15 27 10 28 26 29 29 30 26 31 20 36 24 37 25 38 21 39 19 40 20 41 27 42 16 43 15 44 20 45 21 46 30 47 26 48 21 49 13 50 15 51 11 52 24 53 22 54 27 55 12 4 56 12 57 26 58 24 59 21
