100 60
5 4 0 28 1 28 2 27 3 14 16 8 12 9 24 10 29 11 25 20 26 21 17 22 19 23 18 28 17 29 10 30 22 31 28 32 25 33 26 34 11 35 13 24 4 25 5 30 6 23 7 23 12 26 13 19 14 14 15 28 20 15 21 24 22 24 23 11 24 26 25 30 26 23 27 16 32 20 33 23 34 15 35 20 36 15 37 14 38 24 39 16 52 4 23 5 20 6 13 7 20 8 21 9 21 10 15 11 12 12 10 13 30 14 17 15 23 16 27 17 24 18 29 19 11 20 19 21 11 22 27 23 29 24 17 25 24 26 30 27 18 28 14 29 21 30 12 31 10 32 30 33 20 34 29 35 13 36 15 37 19 38 16 39 20 40 13 41 25 42 29 43 13 44 14 45 24 46 13 47 30 48 15 49 10 50 18 51 22 52 12 53 30 54 27 55 12 4 56 25 57 13 58 10 59 30
5 4 0 28 1 13 2 23 3 12 52 4 14 5 23 6 26 7 23 8 25 9 14 10 28 11 10 12 23 13 10 14 23 15 11 16 26 17 28 18 18 19 12 20 25 21 24 22 10 23 12 24 25 25 15 26 16 27 29 28 27 29 25 30 21 31 11 32 27 33 29 34 27 35 10 36 19 37 29 38 22 39 27 40 14 41 25 42 17 43 21 44 10 45 11 46 10 47 23 48 18 49 14 50 12 51 12 52 17 53 16 54 18 55 10 8 28 19 29 23 30 20 31 12 48 20 49 21 50 23 51 14 24 4 13 5 17 6 23 7 20 16 15 17 25 18 28 19 26 36 28 37 26 38 15 39 20 40 16 41 10 42 18 43 11 44 19 45 12 46 30 47 12 52 11 53 27 54 16 55 10 4 56 24 57 21 58 16 59 15
5 4 0 20 1 28 2 25 3 25 16 8 29 9 14 10 17 11 12 24 17 25 20 26 10 27 30 32 20 33 25 34 23 35 24 48 18 49 17 50 15 51 29 48 4 24 5 18 6 29 7 12 8 22 9 23 10 18 11 14 12 18 13 13 14 22 15 11 16 20 17 22 18 15 19 29 20 24 21 15 22 16 23 20 24 19 25 23 26 14 27 24 28 22 29 30 30 21 31 19 32 12 33 10 34 22 35 25 36 27 37 18 38 21 39 12 40 11 41 28 42 17 43 11 44 10 45 14 46 18 47 11 52 19 53 26 54 13 55 22 36 8 14 9 18 10 22 11 27 12 28 13 21 14 23 15 10 16 27 17 19 18 25 19 27 20 16 21 11 22 27 23 20 24 30 25 12 26 10 27 25 32 22 33 13 34 14 35 10 36 24 37 10 38 14 39 21 40 18 41 23 42 29 43 30 52 19 53 13 54 13 55 11 4 56 25 57 11 58 10 59 27
5 4 0 21 1 29 2 26 3 24 12 16 30 17 22 18 28 19 26 44 12 45 11 46 30 47 30 52 16 53 24 54 26 55 11 40 4 26 5 13 6 23 7 20 12 17 13 28 14 24 15 20 16 30 17 26 18 25 19 27 20 13 21 15 22 16 23 21 24 13 25 19 26 20 27 23 28 18 29 13 30 18 31 20 36 25 37 20 38 17 39 22 44 24 45 28 46 16 47 17 48 25 49 26 50 12 51 28 52 25 53 17 54 25 55 12 4 28 12 29 18 30 26 31 21 4 56 28 57 17 58 28 59 26
5 4 0 26 1 13 2 30 3 29 32 12 20 13 15 14 30 15 12 16 24 17 19 18 10 19 18 20 15 21 25 22 12 23 11 28 18 29 17 30 16 31 22 36 25 37 17 38 27 39 12 44 14 45 10 46 16 47 27 48 15 49 24 50 13 51 27 52 10 53 18 54 23 55 14 24 8 26 9 19 10 16 11 16 12 13 13 19 14 17 15 23 20 29 21 21 22 26 23 12 40 29 41 30 42 27 43 22 48 10 49 22 50 28 51 19 52 15 53 15 54 23 55 21 16 4 20 5 20 6 15 7 15 28 25 29 18 30 29 31 13 32 25 33 27 34 19 35 25 36 30 37 18 38 27 39 11 4 56 26 57 16 58 23 59 17
5 4 0 22 1 27 2 24 3 14 20 4 21 5 11 6 16 7 18 20 19 21 28 22 12 23 10 24 20 25 11 26 16 27 12 44 29 45 25 46 10 47 15 48 20 49 23 50 19 51 24 52 4 18 5 17 6 21 7 20 8 11 9 20 10 22 11 29 12 28 13 22 14 15 15 22 16 18 17 13 18 20 19 14 20 17 21 23 22 22 23 12 24 23 25 20 26 13 27 16 28 19 29 22 30 13 31 28 32 12 33 17 34 14 35 24 36 16 37 14 38 22 39 10 40 15 41 13 42 24 43 14 44 10 45 18 46 25 47 14 48 21 49 26 50 27 51 10 52 28 53 26 54 15 55 29 40 8 26 9 15 10 17 11 21 12 28 13 28 14 20 15 22 16 28 17 30 18 11 19 27 24 24 25 11 26 22 27 10 32 11 33 17 34 27 35 13 36 14 37 26 38 25 39 23 40 15 41 20 42 16 43 14 44 23 45 23 46 22 47 28 48 21 49 22 50 13 51 16 52 30 53 25 54 23 55 16 4 56 19 57 15 58 29 59 22
5 4 0 13 1 15 2 14 3 25 28 8 22 9 23 10 18 11 29 12 23 13 21 14 25 15 29 16 22 17 30 18 19 19 24 20 13 21 19 22 26 23 22 24 22 25 15 26 20 27 19 36 17 37 14 38 16 39 20 44 23 45 26 46 14 47 29 44 4 26 5 21 6 22 7 28 8 28 9 16 10 28 11 12 20 14 21 22 22 23 23 16 24 16 25 30 26 25 27 17 28 24 29 22 30 12 31 13 32 12 33 13 34 12 35 18 36 22 37 19 38 17 39 24 40 24 41 28 42 24 43 15 44 21 45 13 46 21 47 30 48 26 49 16 50 12 51 10 52 17 53 18 54 15 55 30 4 12 11 13 10 14 12 15 11 4 56 10 57 17 58 13 59 27
5 4 0 19 1 28 2 25 3 27 36 8 10 9 17 10 29 11 19 12 23 13 27 14 26 15 14 16 22 17 16 18 27 19 12 24 23 25 18 26 30 27 21 32 13 33 20 34 15 35 19 36 29 37 30 38 15 39 13 40 24 41 30 42 30 43 19 44 10 45 24 46 14 47 25 52 24 53 19 54 19 55 22 8 4 20 5 15 6 16 7 27 48 26 49 11 50 14 51 20 12 24 18 25 11 26 13 27 13 32 25 33 17 34 22 35 13 40 27 41 23 42 18 43 16 4 56 18 57 13 58 28 59 14
5 4 0 26 1 22 2 10 3 29 16 8 22 9 14 10 20 11 17 12 11 13 30 14 11 15 22 44 14 45 16 46 26 47 11 52 28 53 23 54 10 55 11 40 4 21 5 14 6 18 7 15 16 16 17 12 18 19 19 16 20 25 21 24 22 23 23 24 24 24 25 10 26 28 27 28 28 19 29 30 30 29 31 29 36 27 37 29 38 12 39 21 40 19 41 14 42 23 43 17 44 21 45 17 46 24 47 26 48 30 49 15 50 10 51 12 52 21 53 21 54 19 55 13 28 12 19 13 29 14 21 15 24 16 10 17 27 18 28 19 18 20 12 21 19 22 15 23 26 32 28 33 14 34 20 35 12 36 24 37 27 38 21 39 19 44 16 45 26 46 30 47 30 52 19 53 17 54 13 55 21 4 56 19 57 28 58 18 59 24
5 4 0 22 1 13 2 17 3 29 44 4 23 5 15 6 21 7 21 8 27 9 12 10 23 11 11 12 19 13 12 14 12 15 12 16 14 17 21 18 28 19 30 24 27 25 17 26 15 27 21 28 13 29 30 30 28 31 14 32 18 33 16 34 30 35 10 36 16 37 23 38 16 39 21 40 22 41 26 42 25 43 22 48 22 49 17 50 15 51 17 52 22 53 29 54 20 55 16 24 4 25 5 11 6 30 7 22 20 10 21 25 22 29 23 21 24 21 25 21 26 21 27 27 28 13 29 30 30 11 31 14 48 28 49 20 50 24 51 30 52 22 53 11 54 19 55 10 16 4 26 5 10 6 14 7 16 20 17 21 26 22 29 23 25 44 15 45 19 46 28 47 15 48 27 49 29 50 25 51 15 4 56 11 57 30 58 18 59 24
5 4 0 15 1 14 2 15 3 21 32 4 28 5 14 6 30 7 30 8 18 9 25 10 13 11 30 16 18 17 19 18 27 19 22 20 11 21 18 22 23 23 19 24 20 25 28 26 16 27 23 28 17 29 30 30 18 31 19 36 15 37 10 38 14 39 21 48 30 49 19 50 12 51 14 12 36 29 37 26 38 15 39 25 40 12 41 29 42 18 43 11 44 12 45 11 46 21 47 15 48 4 17 5 11 6 24 7 16 8 27 9 10 10 18 11 14 12 27 13 11 14 24 15 16 16 28 17 29 18 14 19 29 20 27 21 23 22 18 23 19 24 26 25 21 26 23 27 26 28 24 29 14 30 13 31 12 32 12 33 30 34 29 35 13 36 16 37 30 38 23 39 16 40 11 41 13 42 18 43 26 44 17 45 19 46 26 47 20 52 12 53 23 54 10 55 27 4 56 19 57 19 58 17 59 14
5 4 0 25 1 23 2 21 3 10 48 4 14 5 20 6 10 7 16 8 10 9 24 10 30 11 10 12 21 13 16 14 25 15 18 16 22 17 27 18 13 19 10 20 26 21 10 22 19 23 23 24 25 25 28 26 28 27 21 28 10 29 24 30 11 31 27 32 11 33 30 34 21 35 23 36 28 37 13 38 17 39 16 40 13 41 13 42 19 43 24 44 11 45 21 46 25 47 10 52 10 53 18 54 30 55 14 48 4 21 5 26 6 21 7 19 8 10 9 30 10 25 11 16 12 27 13 19 14 14 15 27 16 28 17 23 18 23 19 17 24 20 25 16 26 28 27 28 28 16 29 18 30 15 31 26 32 13 33 15 34 30 35 19 36 21 37 12 38 10 39 12 40 29 41 24 42 19 43 27 44 25 45 15 46 23 47 23 48 11 49 16 50 24 51 28 52 13 53 25 54 30 55 13 44 4 30 5 21 6 26 7 28 8 24 9 21 10 28 11 12 12 23 13 20 14 12 15 15 16 27 17 18 18 14 19 10 20 26 21 30 22 25 23 12 24 20 25 27 26 22 27 19 28 12 29 11 30 10 31 19 32 14 33 20 34 18 35 11 36 23 37 30 38 10 39 15 44 26 45 30 46 15 47 20 52 19 53 10 54 13 55 22 4 56 21 57 20 58 22 59 12
5 4 0 14 1 25 2 30 3 13 44 4 22 5 14 6 29 7 23 8 17 9 27 10 22 11 10 12 29 13 24 14 16 15 14 20 25 21 14 22 16 23 25 24 18 25 11 26 30 27 28 28 18 29 23 30 22 31 13 32 30 33 10 34 28 35 30 36 11 37 19 38 26 39 11 40 20 41 13 42 28 43 15 44 29 45 10 46 11 47 18 52 23 53 22 54 14 55 18 44 4 15 5 22 6 30 7 28 8 11 9 19 10 22 11 21 12 22 13 21 14 16 15 22 20 20 21 30 22 21 23 13 24 26 25 23 26 10 27 10 28 10 29 21 30 19 31 24 32 11 33 27 34 27 35 11 36 14 37 15 38 17 39 18 40 30 41 27 42 13 43 20 44 15 45 13 46 16 47 22 48 11 49 16 50 30 51 27 44 4 14 5 12 6 14 7 28 12 22 13 20 14 10 15 17 20 22 21 16 22 28 23 14 24 25 25 22 26 24 27 22 28 10 29 20 30 17 31 16 32 24 33 11 34 24 35 30 36 22 37 16 38 24 39 16 40 13 41 21 42 14 43 19 44 24 45 20 46 23 47 11 48 24 49 27 50 25 51 23 52 23 53 18 54 10 55 28 4 56 10 57 14 58 30 59 14
5 4 0 24 1 25 2 13 3 18 24 4 17 5 30 6 23 7 20 8 29 9 15 10 16 11 15 20 18 21 18 22 25 23 13 24 16 25 28 26 26 27 17 28 27 29 21 30 19 31 28 36 19 37 18 38 30 39 10 20 24 25 25 17 26 18 27 16 28 11 29 29 30 20 31 28 32 19 33 12 34 26 35 17 36 16 37 21 38 26 39 10 52 18 53 29 54 12 55 10 36 4 24 5 30 6 29 7 24 8 18 9 10 10 10 11 23 12 19 13 30 14 14 15 20 20 17 21 12 22 13 23 10 24 12 25 10 26 30 27 19 28 11 29 25 30 11 31 13 40 30 41 15 42 26 43 18 48 14 49 21 50 24 51 14 52 18 53 10 54 26 55 12 4 56 23 57 15 58 25 59 27
5 4 0 13 1 15 2 12 3 14 44 4 22 5 19 6 14 7 24 8 18 9 18 10 16 11 18 12 27 13 10 14 12 15 28 20 16 21 28 22 28 23 17 24 15 25 11 26 15 27 20 28 25 29 19 30 16 31 19 32 12 33 19 34 15 35 12 36 23 37 13 38 29 39 23 40 16 41 10 42 14 43 14 44 25 45 29 46 16 47 29 52 23 53 27 54 23 55 28 8 8 20 9 10 10 18 11 14 36 14 37 28 38 20 39 18 36 8 21 9 14 10 23 11 11 12 22 13 16 14 27 15 17 16 25 17 10 18 18 19 18 28 10 29 16 30 27 31 28 36 27 37 29 38 30 39 29 40 30 41 28 42 24 43 20 44 30 45 21 46 14 47 13 48 17 49 29 50 22 51 21 52 10 53 27 54 28 55 11 4 56 14 57 11 58 17 59 30
5 4 0 26 1 10 2 21 3 30 8 28 18 29 13 30 11 31 17 44 15 45 19 46 27 47 24 52 4 16 5 15 6 27 7 28 8 27 9 14 10 15 11 16 12 10 13 10 14 16 15 17 16 28 17 25 18 30 19 25 20 12 21 12 22 15 23 20 24 10 25 30 26 23 27 10 28 29 29 22 30 12 31 28 32 26 33 19 34 16 35 14 36 16 37 25 38 12 39 12 40 24 41 17 42 21 43 20 44 18 45 12 46 13 47 22 48 25 49 14 50 18 51 30 52 11 53 23 54 24 55 14 24 4 17 5 11 6 14 7 11 16 28 17 27 18 18 19 18 24 23 25 16 26 19 27 22 28 15 29 23 30 18 31 15 36 13 37 10 38 18 39 13 52 15 53 11 54 12 55 15 4 56 30 57 21 58 24 59 23
5 4 0 29 1 12 2 14 3 16 48 4 26 5 17 6 16 7 10 8 30 9 13 10 18 11 27 12 25 13 16 14 28 15 28 16 27 17 16 18 18 19 13 20 12 21 16 22 19 23 20 24 17 25 20 26 13 27 15 28 19 29 28 30 17 31 14 32 22 33 20 34 20 35 26 36 20 37 12 38 13 39 24 40 10 41 23 42 15 43 17 44 24 45 29 46 27 47 29 52 22 53 10 54 20 55 15 12 8 20 9 30 10 23 11 10 32 14 33 28 34 20 35 15 40 22 41 23 42 19 43 25 20 4 14 5 23 6 29 7 12 20 10 21 22 22 18 23 19 28 12 29 16 30 16 31 26 32 19 33 30 34 13 35 11 52 18 53 21 54 27 55 23 4 56 20 57 25 58 20 59 17
5 4 0 10 1 14 2 28 3 11 40 8 18 9 14 10 22 11 30 16 26 17 29 18 22 19 19 20 13 21 14 22 27 23 17 24 23 25 12 26 17 27 21 28 16 29 18 30 23 31 17 32 29 33 19 34 24 35 21 36 17 37 14 38 24 39 13 40 21 41 26 42 25 43 28 48 19 49 20 50 10 51 21 52 26 53 20 54 12 55 30 24 16 12 17 13 18 26 19 16 24 25 25 25 26 14 27 26 28 21 29 25 30 18 31 18 32 10 33 26 34 21 35 22 36 19 37 29 38 12 39 16 44 16 45 25 46 22 47 20 24 4 11 5 20 6 25 7 28 8 17 9 24 10 16 11 25 12 25 13 17 14 20 15 19 16 19 17 13 18 17 19 30 20 27 21 20 22 26 23 15 24 16 25 11 26 26 27 10 4 56 26 57 24 58 16 59 21
5 4 0 27 1 17 2 26 3 29 32 4 16 5 24 6 24 7 30 8 28 9 30 10 18 11 21 16 27 17 25 18 18 19 13 20 24 21 27 22 11 23 12 28 17 29 19 30 24 31 29 44 22 45 21 46 13 47 21 48 10 49 15 50 29 51 25 52 22 53 17 54 29 55 16 36 4 17 5 16 6 10 7 20 12 30 13 17 14 24 15 28 20 29 21 29 22 16 23 23 24 22 25 25 26 19 27 14 28 23 29 10 30 25 31 14 40 20 41 28 42 28 43 30 44 26 45 10 46 21 47 25 48 10 49 12 50 16 51 27 52 22 53 11 54 10 55 18 20 4 22 5 14 6 10 7 15 8 18 9 11 10 27 11 30 12 13 13 20 14 27 15 19 20 16 21 29 22 17 23 23 24 15 25 22 26 25 27 21 4 56 10 57 12 58 21 59 27
5 4 0 11 1 20 2 16 3 27 4 40 18 41 14 42 27 43 30 52 4 25 5 20 6 27 7 25 8 21 9 26 10 23 11 29 12 12 13 11 14 14 15 20 16 18 17 13 18 21 19 10 20 16 21 21 22 25 23 14 24 15 25 13 26 14 27 17 28 26 29 26 30 16 31 29 32 18 33 14 34 17 35 25 36 10 37 11 38 14 39 28 40 22 41 14 42 21 43 22 44 22 45 27 46 26 47 19 48 20 49 28 50 27 51 19 52 13 53 12 54 25 55 27 20 8 30 9 13 10 23 11 22 20 12 21 21 22 29 23 29 36 17 37 17 38 24 39 24 44 21 45 20 46 28 47 19 52 29 53 30 54 23 55 17 4 56 10 57 25 58 23 59 30
5 4 0 24 1 19 2 11 3 13 52 4 24 5 10 6 10 7 18 8 19 9 20 10 17 11 22 12 21 13 27 14 29 15 15 16 30 17 11 18 29 19 18 20 24 21 12 22 17 23 23 24 25 25 16 26 13 27 23 28 19 29 20 30 28 31 25 32 14 33 27 34 12 35 20 36 29 37 30 38 16 39 23 40 22 41 16 42 25 43 13 44 27 45 12 46 28 47 13 48 11 49 10 50 28 51 22 52 19 53 16 54 26 55 30 40 4 19 5 22 6 24 7 30 8 29 9 11 10 21 11 24 12 28 13 16 14 29 15 17 20 15 21 16 22 19 23 15 24 24 25 18 26 13 27 16 32 16 33 14 34 19 35 15 40 15 41 23 42 28 43 16 44 24 45 16 46 25 47 12 48 24 49 25 50 27 51 12 52 29 53 25 54 17 55 20 48 4 15 5 25 6 18 7 23 8 12 9 29 10 26 11 13 12 13 13 16 14 29 15 27 16 12 17 12 18 12 19 24 20 25 21 18 22 12 23 23 24 21 25 11 26 12 27 26 28 29 29 27 30 24 31 13 32 30 33 30 34 11 35 12 36 15 37 19 38 18 39 24 44 18 45 11 46 29 47 14 48 27 49 30 50 30 51 16 52 20 53 23 54 14 55 13 4 56 13 57 20 58 17 59 24
5 4 0 16 1 13 2 19 3 23 12 4 22 5 27 6 15 7 29 28 25 29 28 30 11 31 21 36 10 37 23 38 22 39 15 40 8 20 9 26 10 21 11 21 12 10 13 11 14 24 15 22 16 10 17 27 18 27 19 17 20 22 21 12 22 16 23 15 24 10 25 18 26 23 27 18 28 22 29 18 30 23 31 10 32 25 33 12 34 13 35 22 40 13 41 28 42 28 43 16 44 14 45 20 46 28 47 29 48 27 49 28 50 16 51 18 44 8 27 9 19 10 28 11 18 12 24 13 30 14 12 15 22 16 28 17 13 18 18 19 20 20 25 21 18 22 24 23 14 24 10 25 20 26 17 27 26 28 29 29 15 30 11 31 15 36 17 37 16 38 19 39 28 40 13 41 23 42 17 43 21 44 14 45 24 46 18 47 27 48 11 49 13 50 26 51 12 52 21 53 30 54 10 55 29 4 56 24 57 29 58 23 59 25
5 4 0 26 1 13 2 13 3 15 16 8 19 9 15 10 20 11 12 44 27 45 18 46 16 47 28 48 29 49 15 50 24 51 18 52 28 53 22 54 29 55 20 36 4 11 5 23 6 26 7 11 8 27 9 12 10 11 11 24 24 15 25 20 26 28 27 20 32 17 33 13 34 29 35 15 36 23 37 19 38 29 39 13 40 30 41 14 42 13 43 20 44 14 45 27 46 30 47 26 48 28 49 29 50 15 51 12 52 23 53 14 54 22 55 11 40 8 23 9 18 10 13 11 20 12 11 13 11 14 25 15 23 16 26 17 14 18 17 19 23 20 13 21 11 22 25 23 27 32 29 33 18 34 14 35 29 36 21 37 10 38 12 39 15 40 22 41 15 42 16 43 25 44 21 45 23 46 14 47 25 48 30 49 16 50 11 51 21 52 28 53 17 54 27 55 20 4 56 30 57 12 58 29 59 30
5 4 0 14 1 20 2 17 3 29 32 4 21 5 23 6 24 7 21 8 16 9 24 10 13 11 21 12 12 13 23 14 27 15 26 16 12 17 13 18 28 19 15 36 12 37 11 38 24 39 20 40 10 41 16 42 12 43 22 44 14 45 18 46 16 47 13 48 22 49 27 50 12 51 15 20 16 11 17 18 18 29 19 17 20 22 21 21 22 30 23 14 40 21 41 13 42 10 43 29 44 27 45 18 46 25 47 14 48 21 49 17 50 15 51 29 32 8 16 9 15 10 25 11 25 12 25 13 17 14 29 15 23 24 17 25 19 26 24 27 13 32 25 33 14 34 19 35 17 40 28 41 23 42 21 43 11 44 23 45 21 46 14 47 25 48 23 49 24 50 24 51 27 52 20 53 10 54 20 55 22 4 56 24 57 27 58 21 59 11
5 4 0 22 1 21 2 28 3 24 40 8 29 9 16 10 14 11 17 12 22 13 20 14 25 15 12 16 10 17 24 18 13 19 13 20 16 21 29 22 20 23 20 24 26 25 25 26 24 27 18 32 22 33 19 34 12 35 14 36 19 37 25 38 18 39 22 40 22 41 25 42 28 43 20 48 17 49 21 50 19 51 22 52 30 53 18 54 19 55 10 40 4 11 5 25 6 25 7 11 8 12 9 14 10 26 11 11 12 29 13 15 14 28 15 18 16 30 17 27 18 19 19 21 24 15 25 17 26 22 27 24 32 13 33 22 34 25 35 17 36 21 37 22 38 23 39 22 40 18 41 22 42 26 43 18 48 27 49 13 50 18 51 21 52 11 53 11 54 27 55 23 48 4 17 5 20 6 16 7 23 8 20 9 24 10 19 11 20 12 21 13 14 14 12 15 30 16 15 17 19 18 28 19 12 20 17 21 29 22 18 23 22 24 17 25 27 26 27 27 26 32 30 33 25 34 14 35 29 36 26 37 29 38 13 39 28 40 26 41 16 42 28 43 11 44 23 45 30 46 12 47 23 48 29 49 16 50 14 51 23 52 26 53 14 54 15 55 20 4 56 30 57 30 58 19 59 21
5 4 0 29 1 27 2 20 3 28 16 8 25 9 28 10 27 11 25 24 14 25 19 26 11 27 26 28 27 29 13 30 29 31 29 48 19 49 15 50 17 51 16 48 4 17 5 15 6 24 7 30 12 24 13 12 14 17 15 26 16 30 17 15 18 28 19 24 20 22 21 16 22 25 23 22 24 18 25 29 26 25 27 11 28 10 29 29 30 21 31 18 32 28 33 25 34 17 35 11 36 24 37 10 38 14 39 10 40 13 41 14 42 22 43 28 44 10 45 14 46 26 47 20 48 29 49 26 50 27 51 23 52 26 53 10 54 10 55 23 28 8 28 9 29 10 25 11 17 12 15 13 23 14 28 15 24 16 16 17 12 18 18 19 15 20 23 21 22 22 25 23 18 32 19 33 19 34 11 35 17 44 24 45 25 46 14 47 12 48 21 49 21 50 16 51 22 4 56 15 57 17 58 11 59 17
5 4 0 18 1 18 2 27 3 19 24 28 24 29 11 30 22 31 28 32 17 33 19 34 10 35 19 36 10 37 12 38 11 39 20 40 21 41 14 42 24 43 10 44 28 45 22 46 30 47 18 52 17 53 10 54 16 55 23 36 12 11 13 25 14 13 15 18 16 12 17 18 18 25 19 13 20 26 21 14 22 30 23 21 24 21 25 28 26 10 27 16 32 24 33 30 34 18 35 13 36 20 37 10 38 12 39 27 40 30 41 20 42 15 43 29 44 16 45 14 46 12 47 25 52 21 53 27 54 26 55 19 40 4 30 5 17 6 20 7 17 12 18 13 11 14 19 15 13 16 15 17 30 18 30 19 24 20 26 21 21 22 19 23 16 24 19 25 27 26 19 27 17 28 23 29 12 30 25 31 20 40 29 41 13 42 15 43 19 44 14 45 24 46 14 47 19 48 27 49 24 50 27 51 15 52 20 53 20 54 29 55 17 4 56 25 57 21 58 13 59 27
5 4 0 19 1 10 2 12 3 30 28 4 14 5 29 6 15 7 25 16 15 17 25 18 22 19 30 24 16 25 23 26 14 27 27 28 10 29 19 30 28 31 17 32 30 33 18 34 29 35 24 40 19 41 26 42 10 43 14 52 11 53 27 54 23 55 11 32 4 11 5 20 6 19 7 13 12 10 13 21 14 25 15 13 20 28 21 11 22 24 23 23 24 20 25 26 26 16 27 12 32 30 33 21 34 11 35 11 36 15 37 27 38 12 39 22 44 21 45 20 46 20 47 19 52 13 53 19 54 15 55 16 12 20 25 21 20 22 20 23 13 32 29 33 16 34 20 35 16 36 14 37 16 38 19 39 15 4 56 13 57 28 58 30 59 24
5 4 0 10 1 19 2 19 3 25 36 4 14 5 27 6 10 7 10 8 22 9 29 10 19 11 22 12 18 13 27 14 13 15 20 20 27 21 22 22 10 23 11 24 12 25 17 26 16 27 23 28 25 29 18 30 19 31 23 40 20 41 17 42 14 43 30 44 21 45 20 46 11 47 19 52 22 53 29 54 25 55 22 28 4 18 5 30 6 13 7 19 12 21 13 26 14 14 15 29 16 23 17 25 18 15 19 23 24 17 25 19 26 15 27 27 28 27 29 18 30 16 31 16 32 10 33 27 34 28 35 25 52 25 53 18 54 20 55 19 48 4 26 5 20 6 27 7 23 8 19 9 11 10 20 11 24 12 24 13 15 14 11 15 21 16 29 17 11 18 24 19 13 20 22 21 23 22 27 23 26 24 13 25 28 26 20 27 27 28 10 29 19 30 23 31 11 32 10 33 14 34 16 35 14 40 10 41 11 42 19 43 19 44 26 45 28 46 30 47 29 48 12 49 17 50 13 51 21 52 19 53 16 54 17 55 23 4 56 18 57 13 58 15 59 17
5 4 0 20 1 29 2 18 3 30 20 24 29 25 26 26 29 27 19 28 21 29 26 30 19 31 20 32 23 33 29 34 30 35 14 36 17 37 19 38 10 39 11 44 26 45 30 46 23 47 17 48 4 17 5 24 6 26 7 25 8 14 9 13 10 30 11 10 12 18 13 18 14 26 15 28 16 18 17 21 18 18 19 18 20 15 21 29 22 30 23 26 24 15 25 15 26 14 27 26 28 19 29 24 30 18 31 21 32 21 33 26 34 25 35 15 36 19 37 26 38 24 39 28 40 27 41 17 42 25 43 13 44 30 45 25 46 28 47 24 48 26 49 10 50 18 51 19 4 28 22 29 20 30 22 31 29 4 56 26 57 26 58 24 59 29
5 4 0 15 1 25 2 12 3 19 8 8 11 9 19 10 23 11 26 36 19 37 23 38 25 39 16 16 4 16 5 24 6 27 7 20 12 13 13 20 14 20 15 15 36 23 37 14 38 13 39 15 52 19 53 26 54 19 55 20 8 4 28 5 28 6 25 7 16 32 27 33 25 34 26 35 10 4 56 13 57 18 58 16 59 18
5 4 0 14 1 21 2 10 3 21 4 36 29 37 24 38 13 39 22 16 8 15 9 17 10 16 11 21 16 30 17 26 18 14 19 11 40 12 41 27 42 19 43 13 44 22 45 14 46 19 47 15 4 32 16 33 27 34 11 35 29 4 56 18 57 10 58 29 59 13
5 4 0 24 1 26 2 22 3 29 12 8 17 9 15 10 25 11 24 28 27 29 29 30 11 31 19 44 11 45 11 46 27 47 21 44 4 20 5 18 6 20 7 19 8 14 9 21 10 30 11 23 12 25 13 18 14 18 15 25 16 29 17 12 18 24 19 26 20 21 21 23 22 20 23 11 24 13 25 25 26 26 27 26 28 11 29 28 30 29 31 29 32 23 33 14 34 11 35 14 40 18 41 30 42 16 43 20 48 21 49 26 50 11 51 26 52 28 53 20 54 12 55 19 32 4 21 5 20 6 19 7 15 12 14 13 18 14 16 15 17 16 13 17 14 18 24 19 24 24 11 25 12 26 10 27 19 32 10 33 17 34 15 35 28 36 30 37 19 38 25 39 30 40 13 41 25 42 30 43 18 48 25 49 24 50 15 51 14 4 56 22 57 29 58 24 59 20
5 4 0 24 1 20 2 25 3 11 4 40 16 41 19 42 12 43 18 36 8 16 9 16 10 17 11 20 12 19 13 29 14 21 15 27 16 30 17 28 18 15 19 20 24 13 25 30 26 14 27 15 32 27 33 17 34 20 35 20 36 11 37 13 38 29 39 27 40 30 41 23 42 18 43 14 48 18 49 22 50 12 51 25 52 12 53 28 54 28 55 17 8 24 29 25 23 26 19 27 17 28 29 29 11 30 10 31 30 4 56 21 57 20 58 26 59 30
5 4 0 10 1 20 2 14 3 16 12 12 27 13 29 14 13 15 11 16 27 17 23 18 19 19 15 32 10 33 23 34 17 35 24 28 12 22 13 22 14 24 15 13 20 19 21 27 22 11 23 16 24 17 25 30 26 29 27 30 32 14 33 11 34 16 35 13 40 21 41 29 42 21 43 25 44 29 45 26 46 19 47 30 48 21 49 17 50 12 51 16 24 4 21 5 22 6 19 7 28 12 14 13 24 14 20 15 24 16 10 17 14 18 24 19 14 20 19 21 11 22 16 23 24 32 22 33 16 34 12 35 13 52 30 53 16 54 10 55 30 4 56 25 57 18 58 11 59 26
5 4 0 11 1 13 2 28 3 20 32 4 17 5 10 6 24 7 14 20 28 21 17 22 12 23 29 28 29 29 11 30 21 31 24 36 13 37 30 38 20 39 22 40 27 41 27 42 23 43 16 44 13 45 11 46 26 47 25 48 29 49 13 50 15 51 13 52 25 53 25 54 11 55 23 40 4 26 5 26 6 23 7 17 8 17 9 16 10 28 11 26 12 11 13 28 14 17 15 10 16 12 17 20 18 24 19 12 20 17 21 10 22 20 23 21 28 13 29 18 30 10 31 12 32 17 33 26 34 23 35 19 36 28 37 18 38 10 39 21 44 26 45 14 46 14 47 18 48 22 49 14 50 15 51 13 32 8 26 9 22 10 24 11 27 16 23 17 29 18 19 19 17 20 17 21 19 22 21 23 12 24 12 25 30 26 12 27 22 28 19 29 17 30 29 31 14 32 16 33 15 34 24 35 23 44 17 45 15 46 16 47 29 52 29 53 29 54 19 55 17 4 56 11 57 18 58 19 59 23
5 4 0 10 1 15 2 28 3 21 12 4 22 5 24 6 28 7 30 8 21 9 17 10 25 11 13 32 13 33 24 34 21 35 12 48 4 10 5 24 6 17 7 19 8 14 9 19 10 22 11 23 12 27 13 16 14 24 15 27 16 20 17 23 18 11 19 30 24 19 25 24 26 17 27 27 28 12 29 25 30 16 31 13 32 26 33 15 34 22 35 12 36 13 37 17 38 29 39 30 40 24 41 16 42 28 43 24 44 10 45 25 46 27 47 10 48 30 49 27 50 11 51 28 52 30 53 13 54 13 55 22 12 8 20 9 14 10 23 11 20 24 24 25 10 26 19 27 25 52 19 53 30 54 13 55 17 4 56 25 57 20 58 24 59 21
5 4 0 14 1 14 2 19 3 11 24 8 27 9 17 10 14 11 19 12 25 13 20 14 15 15 30 24 22 25 11 26 19 27 26 32 14 33 12 34 19 35 19 48 30 49 20 50 22 51 16 52 16 53 22 54 10 55 13 48 4 29 5 28 6 13 7 24 8 29 9 18 10 29 11 30 12 21 13 30 14 26 15 22 16 22 17 14 18 16 19 22 20 13 21 30 22 24 23 17 24 16 25 21 26 22 27 25 28 13 29 22 30 15 31 24 32 17 33 12 34 10 35 16 36 27 37 26 38 15 39 12 40 10 41 16 42 20 43 30 48 25 49 26 50 30 51 27 52 26 53 12 54 13 55 16 28 4 20 5 25 6 14 7 26 16 21 17 16 18 26 19 19 24 27 25 27 26 14 27 15 28 22 29 15 30 24 31 18 40 25 41 25 42 11 43 21 44 26 45 24 46 18 47 13 52 24 53 17 54 19 55 13 4 56 11 57 22 58 15 59 26
5 4 0 12 1 13 2 22 3 13 48 4 12 5 12 6 19 7 29 8 21 9 20 10 19 11 19 12 30 13 29 14 16 15 28 20 20 21 11 22 21 23 30 24 25 25 22 26 14 27 11 28 23 29 22 30 13 31 21 32 20 33 28 34 15 35 26 36 29 37 16 38 24 39 22 40 30 41 26 42 18 43 25 44 13 45 26 46 16 47 28 48 27 49 19 50 30 51 24 52 17 53 30 54 29 55 28 52 4 19 5 21 6 29 7 13 8 26 9 10 10 17 11 21 12 15 13 24 14 24 15 19 16 15 17 22 18 15 19 21 20 25 21 28 22 14 23 17 24 17 25 12 26 29 27 20 28 27 29 14 30 17 31 23 32 20 33 11 34 10 35 20 36 24 37 13 38 14 39 11 40 20 41 16 42 19 43 10 44 22 45 28 46 28 47 20 48 12 49 20 50 19 51 23 52 11 53 18 54 11 55 26 12 16 29 17 25 18 19 19 22 24 15 25 11 26 30 27 30 48 16 49 29 50 12 51 16 4 56 25 57 11 58 18 59 25
5 4 0 27 1 11 2 21 3 11 44 4 12 5 16 6 22 7 12 8 17 9 25 10 10 11 30 12 29 13 24 14 12 15 21 24 24 25 26 26 17 27 11 28 23 29 12 30 18 31 20 32 21 33 20 34 20 35 28 36 10 37 30 38 19 39 27 40 27 41 30 42 13 43 26 44 22 45 21 46 25 47 28 48 17 49 30 50 24 51 11 52 28 53 10 54 24 55 20 16 4 11 5 11 6 14 7 25 32 26 33 12 34 27 35 30 36 22 37 16 38 19 39 14 40 30 41 17 42 10 43 28 28 8 11 9 23 10 20 11 25 20 25 21 30 22 26 23 15 24 19 25 17 26 25 27 11 28 18 29 18 30 23 31 12 36 24 37 12 38 21 39 22 40 13 41 27 42 26 43 23 44 20 45 26 46 18 47 29 4 56 22 57 10 58 14 59 12
5 4 0 22 1 20 2 26 3 10 8 40 19 41 28 42 11 43 16 48 30 49 30 50 11 51 25 36 4 19 5 17 6 20 7 13 8 12 9 22 10 10 11 13 12 13 13 24 14 18 15 16 16 20 17 11 18 25 19 16 20 23 21 16 22 28 23 21 40 25 41 19 42 19 43 11 44 17 45 18 46 20 47 21 48 19 49 14 50 27 51 13 52 30 53 19 54 12 55 21 8 28 18 29 16 30 29 31 23 44 19 45 18 46 10 47 21 4 56 19 57 17 58 19 59 19
5 4 0 11 1 11 2 29 3 19 36 12 27 13 15 14 20 15 15 20 21 21 30 22 21 23 10 28 21 29 12 30 18 31 17 32 10 33 11 34 24 35 21 36 12 37 17 38 21 39 15 40 10 41 12 42 27 43 23 44 30 45 21 46 14 47 24 48 19 49 27 50 17 51 20 52 11 53 10 54 23 55 16 4 40 11 41 25 42 13 43 26 52 4 16 5 19 6 14 7 24 8 19 9 21 10 30 11 27 12 19 13 15 14 28 15 13 16 23 17 19 18 28 19 15 20 17 21 10 22 19 23 15 24 16 25 11 26 23 27 21 28 29 29 14 30 21 31 16 32 14 33 23 34 24 35 25 36 29 37 13 38 13 39 10 40 16 41 30 42 16 43 23 44 20 45 24 46 14 47 17 48 17 49 17 50 21 51 20 52 23 53 26 54 20 55 10 4 56 11 57 16 58 19 59 17
5 4 0 14 1 19 2 24 3 26 4 44 29 45 17 46 19 47 20 8 16 27 17 25 18 23 19 21 20 28 21 12 22 30 23 14 52 4 11 5 10 6 26 7 19 8 22 9 24 10 26 11 16 12 10 13 30 14 13 15 14 16 24 17 28 18 17 19 26 20 25 21 14 22 12 23 15 24 11 25 14 26 13 27 28 28 29 29 14 30 17 31 28 32 14 33 29 34 27 35 25 36 15 37 14 38 25 39 29 40 18 41 24 42 21 43 28 44 17 45 14 46 11 47 10 48 12 49 21 50 21 51 25 52 19 53 14 54 12 55 30 4 56 19 57 12 58 11 59 23
5 4 0 10 1 10 2 28 3 28 36 8 10 9 16 10 18 11 24 16 10 17 14 18 10 19 11 24 28 25 17 26 26 27 16 28 24 29 29 30 23 31 19 36 13 37 14 38 14 39 16 40 19 41 23 42 28 43 30 44 14 45 24 46 29 47 27 48 30 49 25 50 10 51 26 52 12 53 18 54 12 55 26 48 4 24 5 25 6 18 7 23 8 17 9 27 10 16 11 10 12 16 13 14 14 10 15 26 16 27 17 12 18 14 19 26 20 27 21 23 22 16 23 24 28 25 29 18 30 14 31 29 32 22 33 17 34 13 35 13 36 13 37 11 38 15 39 25 40 22 41 23 42 11 43 25 44 12 45 16 46 29 47 15 48 29 49 22 50 27 51 12 52 30 53 23 54 19 55 13 8 4 24 5 11 6 14 7 20 16 24 17 28 18 13 19 15 4 56 24 57 26 58 15 59 24
5 4 0 11 1 12 2 11 3 19 4 8 12 9 21 10 10 11 15 32 4 20 5 19 6 15 7 18 16 12 17 11 18 22 19 19 24 20 25 27 26 26 27 18 28 22 29 29 30 18 31 11 40 14 41 27 42 30 43 12 44 22 45 16 46 17 47 10 48 15 49 29 50 29 51 21 52 20 53 12 54 22 55 26 20 20 27 21 26 22 10 23 14 24 15 25 28 26 27 27 23 32 18 33 15 34 15 35 28 44 21 45 25 46 17 47 11 48 23 49 12 50 28 51 12 4 56 27 57 19 58 23 59 10
5 4 0 10 1 27 2 27 3 26 4 4 16 5 22 6 27 7 23 24 8 20 9 26 10 16 11 10 12 24 13 17 14 23 15 15 16 14 17 22 18 21 19 27 24 25 25 25 26 11 27 17 28 30 29 29 30 18 31 18 44 23 45 16 46 12 47 20 48 4 10 5 23 6 18 7 14 12 18 13 20 14 14 15 27 16 19 17 19 18 21 19 22 20 24 21 10 22 11 23 16 24 29 25 29 26 16 27 21 28 19 29 24 30 22 31 30 32 22 33 21 34 18 35 11 36 17 37 14 38 19 39 29 40 18 41 22 42 28 43 14 44 15 45 26 46 24 47 12 48 23 49 13 50 27 51 25 52 16 53 14 54 16 55 17 4 56 14 57 28 58 29 59 27
5 4 0 20 1 19 2 12 3 14 24 4 10 5 22 6 20 7 28 8 12 9 14 10 30 11 18 16 30 17 16 18 18 19 17 28 14 29 28 30 22 31 27 40 22 41 27 42 29 43 28 44 12 45 10 46 19 47 22 40 4 18 5 24 6 24 7 25 8 30 9 21 10 18 11 30 12 23 13 14 14 26 15 25 16 11 17 23 18 25 19 24 20 16 21 19 22 27 23 13 28 26 29 30 30 23 31 20 36 21 37 11 38 12 39 22 44 15 45 15 46 21 47 22 48 27 49 30 50 24 51 22 52 19 53 18 54 21 55 11 40 8 22 9 19 10 21 11 29 12 30 13 23 14 26 15 15 16 20 17 29 18 20 19 22 20 23 21 12 22 25 23 16 28 20 29 17 30 27 31 18 36 20 37 15 38 14 39 13 40 28 41 30 42 10 43 16 44 22 45 29 46 11 47 26 48 14 49 25 50 26 51 17 52 28 53 26 54 16 55 21 4 56 18 57 15 58 20 59 26
5 4 0 16 1 18 2 23 3 19 40 4 14 5 16 6 25 7 11 12 10 13 16 14 14 15 15 20 30 21 26 22 18 23 17 24 13 25 12 26 14 27 28 32 15 33 10 34 20 35 21 36 13 37 28 38 30 39 10 40 14 41 29 42 17 43 18 44 15 45 20 46 19 47 23 48 20 49 18 50 10 51 29 52 16 53 10 54 18 55 22 12 32 25 33 28 34 30 35 30 48 13 49 17 50 30 51 20 52 28 53 18 54 16 55 14 16 12 19 13 24 14 30 15 11 20 28 21 29 22 12 23 30 24 17 25 25 26 23 27 29 48 21 49 21 50 16 51 25 4 56 27 57 10 58 18 59 27
5 4 0 16 1 13 2 14 3 18 24 8 13 9 29 10 22 11 21 12 12 13 16 14 27 15 29 16 13 17 24 18 20 19 25 32 26 33 13 34 11 35 14 48 17 49 24 50 25 51 19 52 16 53 25 54 10 55 18 36 4 22 5 18 6 11 7 24 12 20 13 20 14 13 15 27 20 26 21 27 22 10 23 10 24 15 25 25 26 12 27 19 28 29 29 18 30 25 31 30 32 30 33 15 34 19 35 15 36 15 37 19 38 22 39 26 40 20 41 24 42 11 43 24 48 12 49 26 50 22 51 20 40 4 25 5 28 6 15 7 29 8 22 9 26 10 16 11 27 20 26 21 13 22 15 23 20 24 21 25 30 26 24 27 28 28 27 29 16 30 26 31 10 32 21 33 30 34 30 35 16 36 22 37 29 38 18 39 25 44 28 45 13 46 12 47 30 48 11 49 22 50 12 51 18 52 27 53 14 54 16 55 16 4 56 18 57 13 58 12 59 11
5 4 0 18 1 17 2 19 3 12 24 16 26 17 21 18 19 19 20 20 23 21 20 22 12 23 25 24 17 25 23 26 10 27 21 28 12 29 13 30 30 31 29 36 20 37 29 38 19 39 25 52 18 53 12 54 11 55 29 40 4 11 5 17 6 16 7 28 8 18 9 11 10 28 11 13 16 25 17 17 18 29 19 30 20 24 21 11 22 26 23 29 28 30 29 12 30 26 31 13 32 10 33 15 34 16 35 30 36 12 37 24 38 21 39 11 40 10 41 21 42 15 43 15 44 15 45 26 46 21 47 11 52 24 53 24 54 17 55 18 20 16 19 17 18 18 27 19 16 28 29 29 24 30 27 31 28 40 15 41 28 42 18 43 15 48 20 49 11 50 17 51 16 52 11 53 22 54 25 55 29 4 56 26 57 24 58 12 59 26
5 4 0 17 1 13 2 18 3 28 24 4 25 5 17 6 23 7 25 16 12 17 29 18 26 19 28 24 30 25 11 26 23 27 26 36 22 37 19 38 12 39 24 40 17 41 26 42 28 43 10 52 11 53 18 54 23 55 23 4 20 22 21 25 22 16 23 21 24 4 18 5 10 6 27 7 17 12 15 13 17 14 19 15 27 16 29 17 16 18 30 19 21 28 29 29 26 30 14 31 25 32 26 33 16 34 21 35 18 40 23 41 13 42 14 43 15 4 56 17 57 11 58 15 59 27
5 4 0 23 1 16 2 13 3 25 16 4 28 5 15 6 11 7 17 16 28 17 16 18 14 19 11 28 15 29 25 30 18 31 23 40 20 41 12 42 25 43 11 12 20 12 21 16 22 13 23 26 28 16 29 16 30 22 31 12 52 11 53 25 54 19 55 23 48 4 16 5 28 6 29 7 13 12 22 13 26 14 25 15 11 16 16 17 21 18 22 19 22 20 13 21 28 22 12 23 28 24 14 25 20 26 28 27 23 28 24 29 10 30 13 31 28 32 12 33 17 34 29 35 30 36 16 37 12 38 18 39 15 40 11 41 24 42 24 43 27 44 19 45 10 46 13 47 28 48 15 49 29 50 20 51 23 52 15 53 25 54 21 55 30 4 56 17 57 12 58 17 59 30
5 4 0 21 1 20 2 16 3 11 4 44 22 45 24 46 11 47 27 16 24 12 25 19 26 19 27 13 40 17 41 13 42 16 43 25 44 26 45 30 46 29 47 12 52 15 53 30 54 22 55 13 8 4 13 5 13 6 30 7 16 16 28 17 17 18 14 19 16 4 56 17 57 16 58 23 59 13
5 4 0 14 1 25 2 15 3 26 44 4 21 5 29 6 29 7 16 8 25 9 16 10 21 11 24 12 23 13 23 14 16 15 12 16 30 17 29 18 24 19 16 24 13 25 23 26 30 27 18 28 28 29 18 30 22 31 17 32 11 33 14 34 13 35 10 40 29 41 11 42 16 43 12 44 28 45 29 46 25 47 11 48 16 49 18 50 19 51 11 52 28 53 17 54 20 55 30 16 4 16 5 15 6 24 7 25 20 20 21 12 22 11 23 10 32 16 33 13 34 14 35 21 48 17 49 17 50 17 51 23 8 4 30 5 16 6 14 7 26 12 15 13 22 14 14 15 18 4 56 25 57 15 58 20 59 16
5 4 0 22 1 11 2 30 3 18 40 4 14 5 18 6 11 7 27 8 20 9 16 10 30 11 11 16 22 17 18 18 22 19 23 24 30 25 23 26 18 27 18 28 26 29 18 30 17 31 27 32 26 33 11 34 14 35 17 36 19 37 16 38 14 39 20 40 25 41 27 42 14 43 20 48 11 49 26 50 25 51 14 52 12 53 29 54 30 55 11 4 8 29 9 23 10 10 11 15 32 4 16 5 14 6 22 7 22 8 23 9 24 10 14 11 11 12 30 13 29 14 18 15 21 16 10 17 25 18 19 19 11 20 17 21 11 22 10 23 18 40 19 41 16 42 10 43 23 44 28 45 16 46 17 47 25 48 12 49 25 50 27 51 29 4 56 30 57 18 58 16 59 17
5 4 0 15 1 25 2 28 3 11 52 4 25 5 21 6 22 7 18 8 16 9 14 10 26 11 25 12 17 13 13 14 18 15 16 16 19 17 20 18 30 19 13 20 30 21 11 22 17 23 12 24 28 25 17 26 24 27 28 28 25 29 27 30 23 31 21 32 24 33 15 34 10 35 23 36 17 37 19 38 13 39 16 40 24 41 21 42 13 43 29 44 28 45 15 46 30 47 21 48 26 49 15 50 15 51 16 52 15 53 18 54 21 55 27 16 16 17 17 30 18 16 19 25 20 27 21 10 22 17 23 17 28 22 29 24 30 27 31 11 40 19 41 10 42 21 43 17 24 12 27 13 24 14 29 15 29 20 29 21 10 22 24 23 13 24 17 25 20 26 26 27 25 32 12 33 29 34 28 35 14 48 12 49 27 50 12 51 11 52 27 53 12 54 15 55 11 4 56 16 57 13 58 22 59 21
5 4 0 12 1 27 2 14 3 20 16 4 18 5 25 6 19 7 19 16 29 17 26 18 17 19 26 36 25 37 13 38 16 39 13 40 12 41 19 42 14 43 12 16 4 20 5 28 6 16 7 13 12 30 13 30 14 29 15 27 32 23 33 11 34 20 35 25 52 14 53 18 54 14 55 17 48 4 22 5 16 6 18 7 25 8 18 9 21 10 22 11 15 12 17 13 19 14 28 15 22 16 30 17 12 18 26 19 19 20 16 21 14 22 12 23 25 24 29 25 18 26 21 27 17 28 26 29 22 30 22 31 18 32 25 33 11 34 24 35 16 36 28 37 11 38 11 39 22 44 14 45 10 46 25 47 16 48 18 49 29 50 26 51 10 52 15 53 18 54 30 55 20 4 56 19 57 24 58 30 59 12
5 4 0 15 1 25 2 21 3 16 32 4 20 5 12 6 22 7 15 8 23 9 26 10 30 11 26 16 25 17 10 18 28 19 16 20 22 21 26 22 10 23 10 24 16 25 19 26 27 27 19 32 21 33 22 34 18 35 14 40 12 41 26 42 14 43 10 48 15 49 26 50 12 51 23 28 4 15 5 23 6 13 7 26 8 22 9 30 10 27 11 20 12 17 13 10 14 14 15 30 28 23 29 21 30 10 31 15 32 14 33 24 34 21 35 17 36 13 37 25 38 24 39 11 52 12 53 26 54 17 55 30 52 4 13 5 25 6 24 7 20 8 15 9 11 10 30 11 12 12 17 13 12 14 27 15 23 16 28 17 22 18 20 19 18 20 30 21 17 22 23 23 13 24 14 25 21 26 30 27 30 28 14 29 14 30 14 31 29 32 17 33 17 34 10 35 26 36 16 37 24 38 25 39 23 40 26 41 28 42 25 43 21 44 28 45 23 46 17 47 24 48 13 49 22 50 26 51 22 52 29 53 12 54 14 55 23 4 56 29 57 12 58 23 59 22
5 4 0 14 1 16 2 18 3 23 52 4 15 5 29 6 30 7 12 8 11 9 21 10 20 11 11 12 22 13 27 14 27 15 19 16 18 17 11 18 24 19 25 20 28 21 16 22 18 23 21 24 29 25 23 26 13 27 30 28 20 29 28 30 13 31 23 32 29 33 10 34 25 35 10 36 15 37 11 38 12 39 15 40 16 41 13 42 20 43 21 44 26 45 14 46 12 47 23 48 29 49 10 50 16 51 20 52 27 53 17 54 29 55 18 40 4 29 5 16 6 21 7 14 8 17 9 25 10 27 11 15 16 20 17 14 18 10 19 15 20 22 21 16 22 27 23 28 24 20 25 14 26 20 27 30 28 21 29 25 30 30 31 16 32 19 33 26 34 11 35 24 36 11 37 16 38 21 39 14 40 20 41 25 42 12 43 11 48 13 49 28 50 10 51 10 40 8 12 9 22 10 20 11 16 12 21 13 22 14 23 15 23 16 18 17 19 18 17 19 17 20 23 21 27 22 15 23 23 28 15 29 16 30 11 31 27 32 20 33 11 34 10 35 30 36 30 37 15 38 18 39 28 44 18 45 24 46 22 47 10 48 12 49 19 50 21 51 22 52 18 53 18 54 19 55 24 4 56 14 57 19 58 26 59 10
5 4 0 12 1 24 2 14 3 16 28 4 16 5 21 6 17 7 28 8 11 9 25 10 13 11 30 12 28 13 21 14 28 15 18 16 25 17 19 18 20 19 16 44 23 45 29 46 17 47 25 48 20 49 14 50 10 51 13 52 14 53 28 54 30 55 15 32 12 11 13 25 14 25 15 14 16 18 17 13 18 12 19 15 20 30 21 10 22 25 23 18 24 21 25 23 26 20 27 13 32 21 33 15 34 22 35 29 36 27 37 30 38 14 39 28 40 12 41 18 42 27 43 18 44 27 45 21 46 18 47 19 40 4 17 5 23 6 13 7 21 8 16 9 10 10 21 11 14 16 25 17 18 18 12 19 11 20 28 21 11 22 11 23 25 24 24 25 19 26 21 27 13 32 27 33 20 34 23 35 25 36 18 37 22 38 27 39 12 40 23 41 18 42 26 43 27 48 16 49 20 50 25 51 23 52 23 53 30 54 13 55 13 4 56 12 57 20 58 11 59 10
5 4 0 15 1 23 2 26 3 15 12 4 11 5 25 6 15 7 19 32 19 33 22 34 28 35 19 52 14 53 23 54 12 55 10 20 4 10 5 16 6 15 7 11 28 12 29 29 30 13 31 14 32 13 33 24 34 23 35 11 44 17 45 24 46 23 47 29 52 10 53 25 54 23 55 29 4 4 24 5 20 6 13 7 22 4 56 19 57 13 58 15 59 22
5 4 0 25 1 24 2 20 3 26 48 4 14 5 29 6 10 7 30 8 30 9 28 10 14 11 11 12 25 13 11 14 23 15 30 20 30 21 25 22 25 23 24 24 15 25 23 26 11 27 12 28 29 29 30 30 23 31 14 32 15 33 30 34 19 35 10 36 21 37 24 38 13 39 11 40 12 41 28 42 12 43 26 44 25 45 25 46 30 47 23 48 13 49 19 50 28 51 24 52 23 53 30 54 10 55 22 28 4 16 5 15 6 18 7 16 16 14 17 18 18 21 19 22 20 15 21 24 22 12 23 28 24 15 25 19 26 29 27 28 28 26 29 23 30 19 31 13 36 21 37 18 38 27 39 12 40 24 41 22 42 10 43 26 52 4 16 5 19 6 28 7 13 8 10 9 23 10 29 11 27 12 25 13 15 14 27 15 26 16 13 17 13 18 12 19 22 20 14 21 10 22 28 23 22 24 10 25 15 26 17 27 24 28 10 29 12 30 19 31 12 32 10 33 15 34 13 35 23 36 14 37 26 38 18 39 25 40 14 41 19 42 17 43 27 44 25 45 23 46 30 47 10 48 18 49 16 50 15 51 19 52 14 53 23 54 19 55 27 4 56 24 57 13 58 29 59 24
5 4 0 16 1 18 2 23 3 26 28 8 19 9 24 10 11 11 12 12 29 13 28 14 18 15 12 16 29 17 18 18 10 19 28 20 30 21 19 22 21 23 28 36 21 37 27 38 28 39 12 40 21 41 13 42 29 43 12 48 23 49 27 50 27 51 13 40 4 15 5 25 6 23 7 25 8 22 9 19 10 21 11 24 12 30 13 16 14 13 15 25 16 22 17 11 18 26 19 24 20 13 21 13 22 11 23 11 24 21 25 16 26 18 27 22 28 21 29 25 30 28 31 10 36 24 37 19 38 26 39 19 44 25 45 25 46 10 47 30 48 14 49 17 50 16 51 30 4 36 23 37 28 38 16 39 28 4 56 26 57 28 58 27 59 22
5 4 0 21 1 21 2 22 3 13 4 36 26 37 20 38 19 39 11 28 8 20 9 25 10 17 11 15 12 12 13 16 14 15 15 28 16 16 17 12 18 21 19 20 20 15 21 14 22 17 23 10 28 20 29 14 30 29 31 13 32 21 33 21 34 17 35 12 48 20 49 26 50 19 51 29 8 4 18 5 24 6 18 7 20 48 17 49 12 50 11 51 11 4 56 12 57 25 58 19 59 16
5 4 0 12 1 22 2 21 3 15 24 8 20 9 23 10 15 11 24 16 29 17 16 18 23 19 19 20 18 21 20 22 22 23 26 32 18 33 26 34 13 35 25 40 25 41 18 42 12 43 13 44 17 45 21 46 20 47 19 4 16 12 17 25 18 12 19 13 24 8 12 9 10 10 14 11 28 12 21 13 30 14 23 15 26 40 12 41 18 42 21 43 30 44 11 45 18 46 20 47 29 48 20 49 28 50 19 51 17 52 26 53 10 54 10 55 30 4 56 20 57 15 58 21 59 27
5 4 0 30 1 19 2 20 3 20 36 4 28 5 29 6 26 7 16 8 26 9 16 10 29 11 30 12 20 13 10 14 27 15 18 16 25 17 14 18 20 19 22 20 20 21 18 22 10 23 20 24 16 25 25 26 25 27 28 28 13 29 19 30 24 31 22 40 30 41 30 42 29 43 16 52 11 53 29 54 20 55 23 12 4 24 5 28 6 26 7 30 12 14 13 24 14 27 15 25 24 11 25 26 26 23 27 17 20 12 28 13 11 14 24 15 27 24 19 25 29 26 13 27 15 28 26 29 10 30 20 31 13 32 17 33 13 34 30 35 16 48 11 49 28 50 23 51 20 4 56 20 57 10 58 10 59 21
5 4 0 19 1 20 2 11 3 27 24 4 21 5 24 6 25 7 18 8 10 9 12 10 23 11 16 12 18 13 27 14 23 15 13 28 20 29 25 30 16 31 18 32 28 33 19 34 24 35 24 36 17 37 11 38 20 39 28 36 4 29 5 12 6 14 7 14 8 26 9 18 10 16 11 17 12 22 13 14 14 14 15 24 20 28 21 10 22 15 23 23 24 24 25 24 26 26 27 23 32 12 33 11 34 26 35 10 36 18 37 19 38 27 39 19 40 16 41 10 42 12 43 13 44 23 45 21 46 13 47 25 12 24 28 25 28 26 12 27 17 44 18 45 28 46 23 47 14 52 24 53 23 54 10 55 16 4 56 25 57 20 58 11 59 20
5 4 0 11 1 21 2 13 3 28 36 8 18 9 29 10 24 11 16 12 19 13 30 14 14 15 24 16 28 17 12 18 27 19 19 20 30 21 10 22 12 23 15 28 29 29 29 30 10 31 16 32 23 33 21 34 27 35 23 40 23 41 16 42 30 43 25 44 27 45 11 46 11 47 30 52 10 53 11 54 25 55 13 48 4 17 5 25 6 10 7 23 8 10 9 24 10 14 11 27 12 22 13 22 14 13 15 22 16 22 17 27 18 16 19 11 24 13 25 26 26 27 27 29 28 14 29 20 30 10 31 28 32 27 33 24 34 27 35 11 36 16 37 11 38 12 39 25 40 13 41 29 42 29 43 23 44 19 45 18 46 25 47 28 48 19 49 22 50 21 51 18 52 29 53 23 54 17 55 15 32 4 19 5 10 6 28 7 24 12 24 13 12 14 23 15 23 16 13 17 15 18 29 19 11 28 28 29 15 30 17 31 19 32 19 33 18 34 26 35 24 40 20 41 28 42 10 43 22 48 13 49 17 50 23 51 17 52 10 53 22 54 27 55 11 4 56 19 57 24 58 20 59 21
5 4 0 13 1 12 2 18 3 26 40 4 18 5 23 6 10 7 27 8 11 9 24 10 27 11 29 12 21 13 22 14 23 15 10 16 14 17 29 18 26 19 20 20 29 21 22 22 12 23 17 24 25 25 23 26 23 27 23 28 19 29 30 30 13 31 21 32 24 33 30 34 19 35 15 40 23 41 28 42 18 43 17 48 30 49 22 50 29 51 23 36 4 24 5 15 6 23 7 17 8 10 9 19 10 27 11 23 12 26 13 12 14 12 15 15 16 26 17 17 18 25 19 19 20 27 21 10 22 15 23 16 24 13 25 30 26 23 27 21 28 19 29 24 30 30 31 11 36 19 37 14 38 12 39 28 44 22 45 26 46 17 47 17 52 4 21 5 20 6 13 7 30 8 12 9 13 10 30 11 26 12 19 13 13 14 18 15 25 16 22 17 27 18 25 19 14 20 13 21 18 22 25 23 27 24 23 25 28 26 24 27 13 28 27 29 28 30 24 31 24 32 27 33 22 34 29 35 14 36 23 37 11 38 11 39 22 40 24 41 18 42 23 43 25 44 10 45 14 46 25 47 30 48 18 49 10 50 19 51 22 52 14 53 14 54 12 55 13 4 56 16 57 16 58 22 59 27
5 4 0 18 1 23 2 22 3 17 24 4 25 5 18 6 10 7 19 8 18 9 22 10 16 11 19 12 23 13 20 14 26 15 17 20 12 21 17 22 28 23 22 36 26 37 30 38 14 39 15 40 27 41 25 42 27 43 12 44 4 29 5 17 6 22 7 29 8 27 9 25 10 25 11 30 12 18 13 25 14 10 15 13 16 20 17 16 18 11 19 26 20 17 21 25 22 12 23 13 24 10 25 22 26 20 27 28 32 24 33 18 34 30 35 30 36 30 37 12 38 26 39 12 40 21 41 28 42 30 43 17 44 20 45 20 46 12 47 12 48 15 49 18 50 10 51 22 32 4 21 5 17 6 13 7 26 8 11 9 13 10 13 11 29 12 28 13 25 14 15 15 13 16 19 17 21 18 13 19 13 20 23 21 30 22 25 23 28 40 16 41 22 42 28 43 18 44 18 45 17 46 10 47 10 52 29 53 26 54 29 55 28 4 56 11 57 12 58 18 59 12
5 4 0 25 1 13 2 12 3 17 44 4 17 5 19 6 19 7 25 8 25 9 17 10 21 11 24 16 24 17 11 18 11 19 23 20 28 21 15 22 24 23 23 24 15 25 25 26 26 27 12 28 30 29 18 30 14 31 18 36 23 37 22 38 19 39 23 40 17 41 13 42 20 43 11 44 15 45 29 46 14 47 18 48 10 49 16 50 27 51 25 52 15 53 10 54 23 55 15 52 4 27 5 14 6 14 7 23 8 16 9 11 10 30 11 16 12 29 13 28 14 10 15 15 16 27 17 30 18 26 19 21 20 16 21 15 22 30 23 29 24 30 25 13 26 23 27 24 28 24 29 29 30 23 31 30 32 20 33 28 34 12 35 29 36 23 37 24 38 27 39 12 40 23 41 29 42 17 43 28 44 25 45 25 46 19 47 24 48 12 49 30 50 11 51 21 52 25 53 24 54 30 55 14 52 4 21 5 17 6 12 7 12 8 16 9 19 10 30 11 17 12 18 13 16 14 30 15 22 16 25 17 25 18 22 19 19 20 18 21 20 22 12 23 22 24 17 25 18 26 29 27 18 28 19 29 19 30 22 31 20 32 11 33 12 34 11 35 11 36 29 37 29 38 13 39 22 40 12 41 16 42 15 43 29 44 23 45 10 46 20 47 16 48 23 49 14 50 25 51 19 52 24 53 20 54 26 55 23 4 56 19 57 20 58 23 59 20
5 4 0 22 1 11 2 12 3 12 44 4 29 5 23 6 15 7 30 8 10 9 26 10 19 11 19 12 23 13 18 14 11 15 10 24 30 25 26 26 15 27 13 28 22 29 19 30 28 31 22 32 21 33 19 34 10 35 18 36 27 37 17 38 25 39 21 40 10 41 13 42 18 43 25 44 18 45 22 46 15 47 16 48 20 49 21 50 11 51 13 52 14 53 21 54 25 55 27 32 4 11 5 13 6 16 7 19 8 23 9 14 10 19 11 13 12 23 13 24 14 27 15 23 20 25 21 18 22 26 23 28 24 25 25 19 26 11 27 15 28 29 29 23 30 29 31 15 32 21 33 24 34 24 35 17 40 23 41 29 42 11 43 23 52 4 24 5 17 6 14 7 10 8 19 9 23 10 28 11 22 12 19 13 13 14 12 15 29 16 22 17 26 18 15 19 21 20 18 21 25 22 30 23 18 24 23 25 28 26 29 27 19 28 30 29 20 30 17 31 14 32 10 33 11 34 24 35 18 36 20 37 17 38 17 39 22 40 25 41 18 42 17 43 23 44 22 45 21 46 16 47 30 48 29 49 24 50 12 51 22 52 29 53 30 54 21 55 21 4 56 13 57 30 58 25 59 23
5 4 0 24 1 11 2 25 3 25 24 8 28 9 26 10 24 11 21 12 29 13 23 14 27 15 23 20 21 21 22 22 18 23 24 24 30 25 23 26 12 27 22 36 20 37 11 38 16 39 13 40 12 41 17 42 23 43 14 44 4 18 5 12 6 27 7 21 8 28 9 26 10 24 11 26 12 27 13 30 14 19 15 29 16 23 17 10 18 10 19 18 20 13 21 28 22 16 23 29 24 24 25 26 26 14 27 18 28 30 29 18 30 13 31 12 36 15 37 14 38 25 39 20 40 18 41 17 42 23 43 10 44 23 45 14 46 24 47 18 48 23 49 11 50 23 51 15 12 8 17 9 26 10 17 11 26 32 19 33 22 34 16 35 28 40 29 41 17 42 29 43 23 4 56 24 57 25 58 10 59 20
5 4 0 30 1 14 2 17 3 15 20 8 23 9 26 10 21 11 13 12 15 13 30 14 13 15 29 20 14 21 12 22 13 23 28 28 14 29 17 30 23 31 13 32 11 33 14 34 15 35 12 16 4 13 5 20 6 20 7 15 12 10 13 18 14 15 15 21 28 30 29 18 30 30 31 30 52 18 53 25 54 21 55 23 48 4 13 5 18 6 26 7 27 8 13 9 13 10 11 11 14 12 11 13 21 14 10 15 20 16 22 17 30 18 25 19 19 24 25 25 23 26 10 27 13 28 17 29 18 30 28 31 14 32 25 33 22 34 16 35 11 36 28 37 26 38 22 39 14 40 17 41 20 42 11 43 10 44 28 45 19 46 10 47 18 48 11 49 20 50 30 51 22 52 27 53 24 54 10 55 12 4 56 22 57 15 58 30 59 15
5 4 0 11 1 13 2 25 3 16 4 32 27 33 12 34 12 35 26 8 36 29 37 17 38 18 39 17 40 13 41 22 42 28 43 12 16 16 28 17 21 18 11 19 13 28 21 29 15 30 16 31 27 36 20 37 17 38 29 39 15 48 19 49 12 50 20 51 20 4 56 30 57 11 58 18 59 23
5 4 0 26 1 16 2 24 3 15 20 12 27 13 13 14 29 15 11 16 20 17 23 18 26 19 18 20 27 21 27 22 17 23 16 24 20 25 14 26 19 27 23 52 23 53 19 54 11 55 15 4 12 18 13 10 14 26 15 10 20 12 25 13 22 14 25 15 21 16 21 17 23 18 11 19 24 28 26 29 22 30 24 31 14 48 19 49 23 50 28 51 30 52 22 53 19 54 25 55 18 4 56 23 57 20 58 14 59 26
5 4 0 23 1 13 2 27 3 20 44 4 29 5 28 6 28 7 15 12 22 13 25 14 27 15 30 16 27 17 30 18 11 19 16 20 13 21 23 22 21 23 30 24 19 25 11 26 10 27 10 28 27 29 22 30 25 31 16 32 29 33 22 34 25 35 13 36 13 37 20 38 25 39 22 40 30 41 23 42 24 43 24 44 16 45 25 46 17 47 30 48 12 49 16 50 23 51 10 32 8 11 9 19 10 19 11 23 20 21 21 20 22 21 23 16 32 11 33 20 34 24 35 14 36 24 37 29 38 18 39 25 40 16 41 21 42 23 43 19 44 15 45 11 46 25 47 26 48 27 49 20 50 12 51 27 52 11 53 22 54 11 55 29 4 32 29 33 11 34 26 35 15 4 56 22 57 26 58 23 59 21
5 4 0 19 1 13 2 25 3 13 4 24 19 25 11 26 19 27 29 24 4 14 5 30 6 10 7 11 8 27 9 21 10 23 11 28 12 29 13 10 14 14 15 13 32 13 33 17 34 21 35 25 40 15 41 11 42 14 43 17 44 25 45 26 46 27 47 15 40 4 20 5 23 6 21 7 20 8 26 9 22 10 21 11 11 16 12 17 21 18 28 19 22 28 22 29 25 30 27 31 21 32 14 33 23 34 29 35 11 36 26 37 12 38 30 39 23 40 21 41 30 42 18 43 30 44 17 45 18 46 22 47 28 48 15 49 22 50 25 51 27 52 12 53 27 54 10 55 15 4 56 16 57 18 58 14 59 29
5 4 0 20 1 30 2 22 3 20 36 8 10 9 16 10 28 11 22 12 16 13 19 14 22 15 10 16 17 17 12 18 27 19 15 32 19 33 20 34 16 35 19 36 24 37 13 38 23 39 18 40 21 41 26 42 29 43 26 44 14 45 10 46 21 47 20 48 15 49 24 50 11 51 24 52 15 53 23 54 28 55 26 52 4 13 5 27 6 24 7 22 8 18 9 13 10 10 11 27 12 30 13 28 14 16 15 21 16 12 17 14 18 27 19 17 20 18 21 11 22 20 23 11 24 24 25 12 26 14 27 25 28 19 29 20 30 24 31 15 32 14 33 20 34 30 35 25 36 24 37 17 38 21 39 14 40 27 41 12 42 16 43 17 44 13 45 30 46 29 47 23 48 27 49 25 50 14 51 19 52 25 53 12 54 10 55 16 52 4 16 5 18 6 21 7 24 8 21 9 30 10 28 11 16 12 11 13 24 14 14 15 13 16 16 17 21 18 11 19 20 20 30 21 16 22 16 23 30 24 26 25 22 26 24 27 19 28 22 29 14 30 15 31 12 32 30 33 11 34 17 35 24 36 28 37 24 38 22 39 26 40 23 41 10 42 20 43 26 44 16 45 27 46 26 47 13 48 17 49 26 50 27 51 20 52 18 53 27 54 16 55 15 4 56 14 57 28 58 19 59 19
5 4 0 26 1 10 2 17 3 18 36 8 12 9 26 10 26 11 20 12 14 13 15 14 28 15 19 20 26 21 25 22 18 23 19 24 19 25 10 26 10 27 18 28 22 29 14 30 16 31 30 36 30 37 23 38 23 39 19 40 10 41 18 42 22 43 20 44 28 45 21 46 30 47 13 48 15 49 20 50 18 51 21 16 4 29 5 15 6 10 7 20 20 11 21 29 22 24 23 13 24 25 25 18 26 10 27 13 48 13 49 17 50 26 51 18 52 4 10 5 19 6 29 7 21 8 17 9 16 10 21 11 24 12 17 13 12 14 26 15 12 16 19 17 20 18 19 19 19 20 14 21 17 22 18 23 29 24 11 25 14 26 30 27 21 28 15 29 23 30 23 31 15 32 24 33 12 34 16 35 22 36 28 37 14 38 13 39 22 40 27 41 20 42 18 43 14 44 11 45 25 46 16 47 16 48 15 49 14 50 26 51 30 52 25 53 30 54 24 55 17 4 56 15 57 19 58 26 59 24
5 4 0 27 1 28 2 19 3 18 48 4 24 5 24 6 17 7 24 8 28 9 26 10 12 11 21 12 27 13 12 14 13 15 24 16 27 17 27 18 22 19 15 20 13 21 25 22 24 23 16 24 18 25 13 26 21 27 27 28 29 29 11 30 16 31 27 32 17 33 25 34 13 35 26 36 22 37 17 38 11 39 25 40 24 41 24 42 29 43 27 48 27 49 24 50 18 51 24 52 14 53 28 54 26 55 25 20 8 27 9 11 10 20 11 29 16 27 17 28 18 22 19 11 20 19 21 16 22 29 23 26 36 26 37 18 38 29 39 21 44 20 45 12 46 24 47 29 8 48 15 49 12 50 24 51 14 52 12 53 22 54 20 55 19 4 56 28 57 11 58 30 59 29
5 4 0 19 1 24 2 19 3 23 40 4 17 5 30 6 20 7 19 8 26 9 14 10 28 11 21 12 17 13 18 14 12 15 14 16 24 17 30 18 27 19 28 20 10 21 29 22 29 23 21 24 27 25 15 26 18 27 20 28 23 29 18 30 16 31 28 40 27 41 18 42 11 43 26 44 18 45 24 46 25 47 18 48 25 49 24 50 14 51 13 12 24 28 25 21 26 16 27 15 28 25 29 25 30 24 31 21 32 25 33 20 34 29 35 17 52 4 15 5 18 6 29 7 24 8 10 9 14 10 18 11 28 12 30 13 27 14 19 15 30 16 18 17 15 18 21 19 18 20 29 21 29 22 18 23 28 24 29 25 14 26 15 27 23 28 21 29 19 30 11 31 16 32 20 33 23 34 26 35 26 36 22 37 30 38 29 39 11 40 23 41 27 42 26 43 21 44 29 45 17 46 12 47 26 48 29 49 26 50 12 51 18 52 12 53 18 54 15 55 30 4 56 11 57 24 58 19 59 29
5 4 0 11 1 26 2 12 3 23 44 8 30 9 16 10 20 11 14 16 18 17 29 18 13 19 22 20 29 21 29 22 25 23 17 24 16 25 24 26 18 27 18 28 25 29 26 30 19 31 26 32 22 33 30 34 16 35 22 36 13 37 18 38 17 39 18 40 23 41 26 42 24 43 25 44 11 45 14 46 12 47 16 48 30 49 18 50 26 51 17 52 12 53 15 54 15 55 23 52 4 19 5 19 6 14 7 18 8 19 9 17 10 23 11 30 12 13 13 20 14 21 15 15 16 26 17 13 18 20 19 27 20 12 21 18 22 30 23 10 24 20 25 19 26 14 27 27 28 21 29 30 30 18 31 10 32 24 33 18 34 30 35 29 36 22 37 10 38 20 39 19 40 11 41 10 42 30 43 21 44 23 45 11 46 13 47 21 48 23 49 29 50 27 51 10 52 14 53 22 54 18 55 30 32 8 22 9 10 10 10 11 24 12 19 13 29 14 30 15 27 16 15 17 12 18 15 19 22 28 21 29 28 30 24 31 19 40 17 41 23 42 25 43 16 44 21 45 27 46 13 47 12 48 20 49 21 50 15 51 11 52 29 53 11 54 16 55 17 4 56 28 57 14 58 22 59 20
5 4 0 10 1 28 2 12 3 18 12 12 14 13 16 14 22 15 18 24 28 25 13 26 29 27 20 52 14 53 18 54 19 55 14 4 4 25 5 21 6 12 7 23 8 20 14 21 20 22 27 23 14 24 10 25 25 26 11 27 20 4 56 15 57 17 58 19 59 12
5 4 0 12 1 17 2 20 3 12 12 20 14 21 16 22 20 23 22 48 24 49 26 50 27 51 26 52 29 53 25 54 22 55 21 16 4 20 5 18 6 17 7 27 12 13 13 25 14 15 15 20 24 12 25 14 26 16 27 14 40 23 41 12 42 17 43 11 4 32 30 33 17 34 11 35 10 4 56 10 57 29 58 11 59 14
5 4 0 13 1 12 2 20 3 23 48 4 21 5 14 6 10 7 18 8 25 9 13 10 26 11 19 12 26 13 27 14 21 15 12 16 15 17 13 18 23 19 11 24 14 25 26 26 13 27 13 28 12 29 16 30 11 31 16 32 23 33 28 34 17 35 28 36 12 37 30 38 19 39 16 40 18 41 13 42 29 43 27 44 18 45 27 46 17 47 22 48 21 49 15 50 15 51 18 52 28 53 11 54 13 55 19 4 24 13 25 26 26 25 27 18 48 4 20 5 11 6 30 7 13 8 27 9 29 10 27 11 11 12 12 13 26 14 22 15 13 16 20 17 14 18 26 19 22 20 24 21 11 22 20 23 13 24 21 25 26 26 26 27 30 28 18 29 15 30 24 31 30 32 26 33 25 34 13 35 24 36 14 37 19 38 19 39 10 40 24 41 29 42 18 43 12 48 28 49 15 50 17 51 27 52 19 53 24 54 24 55 16 4 56 25 57 21 58 13 59 15
5 4 0 20 1 27 2 29 3 20 20 12 11 13 17 14 24 15 30 24 15 25 28 26 19 27 21 36 20 37 11 38 21 39 21 44 10 45 17 46 18 47 11 48 25 49 10 50 13 51 28 28 4 27 5 25 6 23 7 24 12 24 13 28 14 26 15 12 16 10 17 29 18 24 19 25 32 11 33 20 34 27 35 10 40 18 41 13 42 30 43 14 48 10 49 11 50 21 51 25 52 28 53 12 54 16 55 22 20 4 20 5 22 6 18 7 25 16 13 17 27 18 13 19 21 20 27 21 15 22 22 23 27 32 11 33 12 34 26 35 21 36 26 37 13 38 16 39 30 4 56 17 57 11 58 23 59 27
5 4 0 15 1 26 2 15 3 21 36 4 28 5 24 6 11 7 29 16 27 17 25 18 29 19 29 20 23 21 15 22 21 23 25 24 18 25 26 26 11 27 21 28 17 29 30 30 12 31 12 36 11 37 19 38 11 39 16 40 18 41 16 42 13 43 16 44 18 45 23 46 25 47 13 48 24 49 17 50 17 51 28 20 16 21 17 29 18 13 19 21 20 12 21 19 22 12 23 14 24 20 25 18 26 14 27 14 48 10 49 21 50 26 51 24 52 16 53 29 54 14 55 28 40 4 11 5 21 6 10 7 11 8 26 9 10 10 10 11 15 12 11 13 18 14 11 15 22 16 30 17 11 18 19 19 25 24 14 25 26 26 13 27 15 32 12 33 13 34 20 35 21 36 23 37 14 38 19 39 17 40 26 41 10 42 21 43 24 48 23 49 24 50 16 51 22 52 27 53 24 54 16 55 17 4 56 28 57 20 58 30 59 10
5 4 0 10 1 12 2 15 3 26 24 4 21 5 23 6 21 7 29 8 18 9 11 10 21 11 17 16 25 17 25 18 18 19 13 32 23 33 13 34 15 35 25 40 10 41 28 42 25 43 19 48 30 49 17 50 10 51 14 28 4 17 5 24 6 30 7 11 8 11 9 26 10 26 11 13 16 25 17 26 18 10 19 12 20 15 21 15 22 14 23 16 28 20 29 29 30 26 31 18 44 15 45 22 46 22 47 17 52 28 53 19 54 16 55 29 4 40 19 41 20 42 25 43 19 4 56 15 57 22 58 24 59 28
5 4 0 27 1 29 2 25 3 21 48 4 16 5 25 6 30 7 26 8 14 9 24 10 10 11 10 12 23 13 11 14 23 15 22 16 18 17 14 18 23 19 24 20 28 21 27 22 10 23 20 24 30 25 18 26 14 27 27 28 20 29 10 30 12 31 28 32 15 33 11 34 14 35 19 36 24 37 22 38 30 39 24 44 19 45 10 46 13 47 21 48 15 49 23 50 26 51 28 52 23 53 25 54 15 55 17 16 24 19 25 25 26 12 27 23 32 26 33 16 34 15 35 12 36 13 37 10 38 27 39 23 48 14 49 19 50 11 51 16 8 4 10 5 17 6 16 7 19 16 19 17 17 18 15 19 16 4 56 30 57 21 58 10 59 23
5 4 0 24 1 21 2 25 3 20 4 20 26 21 28 22 18 23 16 36 4 25 5 17 6 27 7 16 8 20 9 23 10 22 11 20 12 27 13 15 14 10 15 14 20 19 21 14 22 22 23 24 24 10 25 10 26 20 27 20 32 10 33 13 34 30 35 26 36 20 37 26 38 19 39 10 40 21 41 18 42 28 43 20 44 21 45 29 46 28 47 25 44 4 23 5 18 6 20 7 30 8 25 9 29 10 26 11 10 16 18 17 21 18 10 19 24 24 21 25 28 26 19 27 30 28 24 29 24 30 29 31 14 32 30 33 25 34 13 35 20 36 20 37 13 38 14 39 29 40 24 41 12 42 18 43 29 44 13 45 16 46 15 47 11 48 15 49 26 50 30 51 11 52 11 53 26 54 15 55 30 4 56 28 57 23 58 15 59 15
5 4 0 14 1 17 2 14 3 26 48 4 26 5 15 6 18 7 14 8 22 9 20 10 22 11 12 12 19 13 30 14 25 15 18 20 22 21 27 22 29 23 17 24 20 25 20 26 14 27 14 28 16 29 18 30 12 31 11 32 23 33 28 34 23 35 13 36 27 37 12 38 25 39 21 40 12 41 15 42 11 43 17 44 25 45 16 46 22 47 30 48 14 49 23 50 24 51 30 52 21 53 18 54 19 55 27 20 20 11 21 27 22 20 23 27 24 25 25 22 26 23 27 29 32 13 33 19 34 25 35 24 40 12 41 11 42 21 43 18 48 10 49 19 50 20 51 23 16 8 19 9 14 10 30 11 29 16 14 17 24 18 20 19 10 28 18 29 14 30 13 31 29 32 11 33 29 34 21 35 24 4 56 25 57 23 58 27 59 19
5 4 0 21 1 11 2 23 3 23 8 36 12 37 28 38 10 39 16 48 29 49 29 50 16 51 16 48 4 20 5 11 6 18 7 27 8 26 9 29 10 23 11 21 12 12 13 19 14 27 15 30 16 29 17 19 18 15 19 28 20 16 21 14 22 18 23 27 24 15 25 27 26 12 27 17 28 14 29 28 30 20 31 15 32 22 33 18 34 20 35 10 36 13 37 17 38 13 39 12 40 18 41 22 42 10 43 12 48 14 49 25 50 24 51 20 52 21 53 22 54 11 55 10 36 8 14 9 14 10 28 11 20 12 29 13 12 14 22 15 22 20 11 21 10 22 18 23 27 24 29 25 18 26 22 27 23 28 12 29 14 30 25 31 19 36 13 37 21 38 29 39 26 40 21 41 20 42 21 43 12 44 21 45 16 46 27 47 17 48 12 49 28 50 15 51 19 4 56 26 57 28 58 20 59 23
5 4 0 13 1 11 2 15 3 17 28 12 28 13 16 14 26 15 24 16 29 17 18 18 20 19 14 20 30 21 14 22 17 23 24 24 18 25 28 26 19 27 19 28 13 29 18 30 25 31 14 36 11 37 17 38 14 39 30 48 28 49 14 50 21 51 30 48 4 13 5 29 6 29 7 22 8 28 9 25 10 16 11 10 12 14 13 18 14 11 15 14 16 15 17 16 18 13 19 16 24 26 25 18 26 20 27 29 28 23 29 23 30 30 31 26 32 28 33 29 34 30 35 11 36 20 37 19 38 11 39 17 40 12 41 17 42 19 43 17 44 22 45 26 46 11 47 11 48 15 49 18 50 21 51 15 52 19 53 27 54 12 55 21 32 4 26 5 27 6 21 7 25 8 12 9 15 10 13 11 29 16 12 17 28 18 10 19 28 24 12 25 10 26 11 27 18 28 27 29 28 30 29 31 26 32 10 33 11 34 13 35 22 36 18 37 29 38 14 39 17 52 26 53 12 54 18 55 16 4 56 14 57 25 58 26 59 16
5 4 0 11 1 23 2 12 3 11 12 12 14 13 29 14 10 15 23 20 11 21 28 22 19 23 17 40 28 41 30 42 10 43 22 44 4 12 5 23 6 26 7 18 8 27 9 26 10 23 11 23 12 23 13 20 14 28 15 26 16 13 17 10 18 26 19 18 20 13 21 23 22 30 23 15 24 24 25 11 26 25 27 17 36 22 37 30 38 23 39 15 40 28 41 29 42 13 43 13 44 27 45 10 46 22 47 18 48 13 49 23 50 20 51 28 52 22 53 18 54 17 55 16 12 16 11 17 28 18 20 19 26 24 15 25 25 26 18 27 29 52 21 53 28 54 22 55 15 4 56 29 57 10 58 25 59 16
5 4 0 11 1 13 2 20 3 12 36 12 22 13 21 14 11 15 17 16 16 17 30 18 19 19 20 20 30 21 13 22 24 23 13 24 29 25 24 26 11 27 30 28 30 29 12 30 27 31 20 32 22 33 28 34 24 35 20 36 13 37 28 38 14 39 28 48 12 49 23 50 24 51 10 52 19 53 15 54 24 55 29 24 12 12 13 11 14 29 15 27 28 28 29 30 30 14 31 16 36 20 37 19 38 12 39 11 40 16 41 26 42 10 43 26 44 25 45 11 46 20 47 19 52 20 53 23 54 17 55 16 32 4 14 5 13 6 30 7 11 16 10 17 13 18 25 19 22 28 12 29 19 30 15 31 14 32 13 33 30 34 19 35 11 40 14 41 27 42 14 43 10 44 26 45 27 46 12 47 20 48 16 49 16 50 26 51 24 52 21 53 11 54 30 55 22 4 56 21 57 26 58 15 59 11
5 4 0 17 1 29 2 28 3 28 44 8 14 9 22 10 29 11 18 12 29 13 27 14 24 15 15 16 10 17 12 18 30 19 30 20 27 21 18 22 25 23 21 24 13 25 13 26 26 27 14 28 26 29 26 30 24 31 19 32 15 33 22 34 13 35 26 36 27 37 29 38 23 39 22 44 20 45 26 46 25 47 19 48 24 49 10 50 29 51 15 52 21 53 30 54 22 55 11 52 4 23 5 10 6 30 7 21 8 14 9 22 10 14 11 27 12 17 13 21 14 22 15 18 16 23 17 22 18 18 19 30 20 14 21 25 22 30 23 23 24 23 25 21 26 29 27 19 28 18 29 14 30 12 31 18 32 26 33 20 34 10 35 14 36 26 37 27 38 23 39 15 40 26 41 16 42 16 43 17 44 12 45 12 46 13 47 27 48 12 49 24 50 15 51 24 52 27 53 30 54 10 55 20 36 4 29 5 22 6 18 7 30 8 22 9 19 10 15 11 30 16 27 17 10 18 17 19 26 24 13 25 22 26 19 27 24 28 21 29 17 30 20 31 10 40 12 41 19 42 28 43 28 44 27 45 21 46 26 47 16 48 30 49 10 50 13 51 15 52 18 53 22 54 14 55 15 4 56 23 57 27 58 24 59 23
5 4 0 14 1 12 2 17 3 17 52 4 29 5 18 6 25 7 26 8 30 9 23 10 21 11 21 12 14 13 27 14 14 15 23 16 22 17 12 18 20 19 24 20 20 21 28 22 29 23 16 24 17 25 30 26 25 27 28 28 13 29 28 30 19 31 27 32 13 33 15 34 30 35 11 36 25 37 11 38 18 39 20 40 11 41 26 42 26 43 26 44 14 45 20 46 27 47 20 48 29 49 30 50 26 51 21 52 10 53 17 54 11 55 28 24 20 12 21 25 22 24 23 22 24 26 25 13 26 15 27 19 28 13 29 21 30 24 31 18 36 20 37 11 38 11 39 28 48 27 49 10 50 14 51 15 52 28 53 16 54 26 55 12 32 8 19 9 16 10 29 11 14 12 19 13 16 14 12 15 11 20 17 21 22 22 30 23 10 28 15 29 21 30 25 31 21 32 28 33 19 34 19 35 22 36 29 37 11 38 27 39 23 48 21 49 18 50 16 51 18 52 24 53 13 54 28 55 30 4 56 11 57 11 58 21 59 29
5 4 0 14 1 25 2 24 3 12 28 4 10 5 13 6 29 7 26 12 11 13 18 14 11 15 24 16 21 17 18 18 21 19 22 20 21 21 16 22 28 23 13 28 26 29 11 30 28 31 16 40 21 41 19 42 17 43 20 52 14 53 29 54 27 55 22 44 12 22 13 13 14 23 15 15 16 30 17 17 18 12 19 19 20 16 21 13 22 19 23 18 24 24 25 25 26 22 27 17 28 28 29 20 30 25 31 15 32 29 33 14 34 10 35 10 36 22 37 13 38 13 39 17 40 26 41 12 42 22 43 12 44 22 45 28 46 16 47 26 48 17 49 16 50 21 51 30 52 30 53 17 54 26 55 21 40 4 22 5 29 6 29 7 22 8 14 9 12 10 30 11 17 12 19 13 28 14 12 15 18 16 18 17 11 18 12 19 19 20 18 21 23 22 12 23 26 28 24 29 13 30 28 31 24 32 13 33 29 34 26 35 20 44 18 45 18 46 21 47 19 48 22 49 10 50 28 51 22 52 20 53 18 54 17 55 10 4 56 13 57 12 58 17 59 27
5 4 0 16 1 18 2 19 3 11 12 8 23 9 12 10 29 11 25 16 27 17 16 18 15 19 10 24 12 25 16 26 15 27 27 52 4 20 5 26 6 15 7 22 8 12 9 28 10 17 11 12 12 27 13 25 14 26 15 26 16 26 17 12 18 12 19 20 20 10 21 13 22 12 23 21 24 12 25 30 26 14 27 23 28 10 29 15 30 16 31 14 32 22 33 16 34 16 35 20 36 21 37 27 38 20 39 11 40 30 41 18 42 22 43 11 44 10 45 28 46 23 47 19 48 28 49 26 50 26 51 13 52 16 53 18 54 26 55 15 44 4 18 5 17 6 27 7 13 8 29 9 21 10 14 11 12 16 23 17 13 18 20 19 18 20 28 21 20 22 15 23 21 24 26 25 17 26 27 27 25 28 10 29 27 30 14 31 14 36 26 37 16 38 21 39 13 40 28 41 13 42 26 43 30 44 14 45 12 46 14 47 18 48 15 49 20 50 29 51 23 52 16 53 15 54 13 55 29 4 56 27 57 19 58 27 59 26
