50 60
5 4 0 17 1 12 2 19 3 18 4 8 15 9 30 10 27 11 11 48 4 22 5 23 6 10 7 24 8 30 9 23 10 26 11 20 12 17 13 13 14 21 15 17 20 26 21 20 22 23 23 23 24 20 25 15 26 10 27 12 28 28 29 26 30 10 31 25 32 17 33 11 34 15 35 12 36 12 37 29 38 22 39 23 40 15 41 22 42 12 43 14 44 22 45 17 46 22 47 28 48 23 49 22 50 16 51 27 52 25 53 16 54 13 55 13 40 4 10 5 10 6 26 7 23 12 18 13 25 14 26 15 23 20 18 21 21 22 30 23 16 24 30 25 13 26 24 27 10 28 18 29 26 30 26 31 26 32 24 33 15 34 15 35 14 40 13 41 23 42 28 43 19 44 26 45 28 46 17 47 28 48 24 49 28 50 21 51 28 52 22 53 24 54 30 55 21 4 56 25 57 14 58 19 59 24
5 4 0 29 1 19 2 23 3 28 16 4 10 5 30 6 11 7 20 20 15 21 30 22 15 23 26 44 18 45 30 46 27 47 11 52 25 53 28 54 24 55 10 20 4 12 5 23 6 26 7 22 12 26 13 15 14 27 15 24 28 28 29 24 30 26 31 21 36 10 37 27 38 19 39 23 48 21 49 20 50 13 51 12 48 4 12 5 30 6 26 7 15 12 23 13 15 14 17 15 18 16 21 17 27 18 25 19 28 20 16 21 11 22 22 23 22 24 11 25 17 26 30 27 25 28 18 29 19 30 21 31 21 32 17 33 14 34 23 35 23 36 28 37 19 38 15 39 23 40 10 41 15 42 16 43 11 44 25 45 17 46 30 47 25 48 24 49 21 50 26 51 26 52 18 53 26 54 23 55 13 4 56 30 57 21 58 15 59 11
5 4 0 10 1 18 2 29 3 26 40 4 11 5 23 6 16 7 24 8 19 9 14 10 26 11 13 16 25 17 14 18 18 19 15 20 30 21 10 22 11 23 23 24 23 25 13 26 24 27 19 28 11 29 13 30 17 31 30 32 18 33 30 34 20 35 19 40 27 41 13 42 14 43 19 44 22 45 17 46 27 47 17 52 22 53 18 54 14 55 22 52 4 17 5 24 6 21 7 25 8 17 9 14 10 28 11 26 12 30 13 30 14 22 15 18 16 11 17 28 18 20 19 30 20 17 21 19 22 28 23 30 24 23 25 14 26 14 27 20 28 27 29 13 30 22 31 19 32 18 33 26 34 25 35 17 36 23 37 17 38 28 39 21 40 19 41 14 42 22 43 26 44 29 45 17 46 11 47 18 48 28 49 27 50 17 51 11 52 26 53 27 54 15 55 25 36 8 12 9 27 10 20 11 28 12 14 13 19 14 28 15 22 20 20 21 23 22 15 23 10 24 12 25 16 26 11 27 21 28 15 29 16 30 22 31 14 32 27 33 28 34 22 35 18 36 17 37 17 38 16 39 18 44 21 45 23 46 28 47 18 52 20 53 27 54 30 55 27 4 56 20 57 15 58 26 59 20
5 4 0 17 1 18 2 26 3 20 32 4 21 5 13 6 28 7 21 20 12 21 23 22 23 23 20 24 25 25 21 26 28 27 14 32 14 33 26 34 12 35 17 40 13 41 13 42 24 43 14 44 10 45 27 46 26 47 17 48 28 49 20 50 16 51 22 52 30 53 17 54 26 55 16 12 4 22 5 16 6 22 7 16 16 18 17 18 18 13 19 21 40 13 41 15 42 24 43 28 36 4 21 5 23 6 22 7 24 8 15 9 18 10 28 11 16 16 15 17 21 18 30 19 22 20 18 21 26 22 17 23 12 24 15 25 27 26 24 27 16 28 26 29 15 30 27 31 29 32 30 33 20 34 28 35 20 40 10 41 30 42 29 43 13 48 19 49 12 50 24 51 28 4 56 18 57 25 58 28 59 15
5 4 0 27 1 26 2 21 3 10 8 28 13 29 23 30 16 31 22 48 17 49 14 50 16 51 18 40 4 13 5 10 6 27 7 26 12 28 13 28 14 19 15 27 16 22 17 24 18 24 19 19 20 13 21 30 22 11 23 10 24 28 25 25 26 15 27 26 32 14 33 30 34 21 35 28 36 20 37 30 38 27 39 14 44 28 45 29 46 17 47 30 48 23 49 11 50 10 51 13 52 12 53 15 54 30 55 30 32 8 16 9 19 10 10 11 10 12 18 13 26 14 21 15 18 24 19 25 21 26 30 27 16 28 16 29 27 30 30 31 10 32 29 33 20 34 21 35 23 44 25 45 19 46 14 47 27 48 20 49 23 50 20 51 30 52 16 53 21 54 24 55 11 4 56 28 57 19 58 29 59 22
5 4 0 22 1 10 2 24 3 27 20 8 28 9 16 10 28 11 29 12 26 13 25 14 14 15 11 20 29 21 18 22 23 23 16 24 13 25 20 26 20 27 25 36 23 37 15 38 17 39 21 44 4 10 5 29 6 24 7 12 8 30 9 16 10 20 11 16 12 10 13 24 14 10 15 25 16 25 17 20 18 16 19 21 20 19 21 19 22 30 23 27 24 26 25 14 26 22 27 14 28 25 29 14 30 10 31 28 36 13 37 23 38 29 39 29 40 25 41 25 42 19 43 29 44 11 45 15 46 30 47 24 48 14 49 21 50 11 51 12 20 20 22 21 27 22 24 23 11 28 12 29 11 30 29 31 22 44 28 45 19 46 26 47 10 48 19 49 14 50 11 51 25 52 26 53 16 54 11 55 29 4 56 23 57 14 58 13 59 30
5 4 0 24 1 19 2 11 3 26 24 4 16 5 26 6 20 7 15 20 19 21 22 22 25 23 29 28 10 29 20 30 12 31 21 32 18 33 26 34 16 35 16 40 10 41 25 42 25 43 24 48 25 49 22 50 19 51 10 4 20 14 21 26 22 28 23 14 32 8 15 9 16 10 27 11 22 12 10 13 28 14 24 15 15 20 10 21 11 22 28 23 30 28 18 29 18 30 20 31 14 32 22 33 11 34 23 35 12 36 28 37 28 38 25 39 26 44 24 45 29 46 20 47 30 48 17 49 13 50 15 51 28 4 56 21 57 28 58 10 59 29
5 4 0 17 1 17 2 29 3 21 44 4 24 5 26 6 26 7 20 8 22 9 13 10 23 11 26 12 26 13 11 14 26 15 18 16 16 17 25 18 18 19 11 20 30 21 27 22 24 23 17 24 13 25 13 26 24 27 10 32 14 33 18 34 23 35 27 36 12 37 21 38 14 39 21 44 24 45 10 46 20 47 11 48 17 49 24 50 20 51 13 52 23 53 21 54 26 55 24 16 4 25 5 23 6 13 7 24 12 13 13 10 14 15 15 27 16 14 17 14 18 29 19 20 52 25 53 24 54 24 55 12 20 12 23 13 22 14 28 15 14 24 17 25 25 26 29 27 28 32 13 33 20 34 20 35 15 44 26 45 19 46 17 47 22 48 12 49 19 50 26 51 17 4 56 20 57 18 58 10 59 23
5 4 0 11 1 14 2 23 3 15 52 4 19 5 20 6 30 7 27 8 15 9 18 10 10 11 15 12 30 13 13 14 18 15 21 16 13 17 28 18 29 19 18 20 26 21 27 22 30 23 10 24 12 25 29 26 24 27 30 28 21 29 12 30 11 31 19 32 19 33 11 34 24 35 23 36 22 37 29 38 17 39 13 40 23 41 17 42 17 43 12 44 12 45 17 46 11 47 23 48 27 49 22 50 27 51 29 52 27 53 24 54 26 55 29 44 4 14 5 28 6 23 7 29 8 25 9 24 10 14 11 11 12 19 13 30 14 21 15 15 16 21 17 29 18 10 19 20 20 19 21 23 22 15 23 23 24 23 25 22 26 11 27 17 28 18 29 22 30 28 31 14 36 18 37 26 38 25 39 16 40 15 41 16 42 15 43 30 44 16 45 11 46 29 47 24 52 29 53 15 54 23 55 10 16 16 15 17 26 18 18 19 30 20 25 21 13 22 18 23 15 24 14 25 26 26 13 27 28 32 13 33 17 34 18 35 13 4 56 13 57 14 58 29 59 26
5 4 0 21 1 11 2 15 3 17 28 8 20 9 14 10 27 11 29 16 14 17 17 18 26 19 13 20 26 21 30 22 25 23 23 32 23 33 28 34 14 35 30 36 27 37 10 38 22 39 21 40 14 41 12 42 26 43 24 48 25 49 21 50 26 51 16 52 4 25 5 22 6 11 7 16 8 21 9 22 10 11 11 26 12 28 13 30 14 24 15 16 16 23 17 29 18 17 19 13 20 22 21 25 22 27 23 12 24 17 25 10 26 22 27 13 28 15 29 20 30 23 31 20 32 15 33 17 34 28 35 25 36 30 37 19 38 27 39 16 40 16 41 19 42 13 43 22 44 16 45 25 46 15 47 14 48 26 49 10 50 19 51 24 52 26 53 19 54 15 55 22 44 4 27 5 26 6 30 7 29 8 11 9 14 10 22 11 28 16 29 17 24 18 26 19 12 20 12 21 19 22 22 23 15 24 13 25 13 26 16 27 15 28 27 29 25 30 14 31 30 32 17 33 12 34 15 35 16 36 11 37 27 38 16 39 20 40 21 41 27 42 22 43 18 48 11 49 25 50 20 51 23 52 22 53 18 54 12 55 12 4 56 21 57 11 58 14 59 23
5 4 0 15 1 19 2 29 3 24 52 4 16 5 16 6 21 7 16 8 10 9 28 10 19 11 16 12 14 13 26 14 16 15 10 16 17 17 29 18 22 19 19 20 18 21 19 22 20 23 27 24 10 25 22 26 24 27 28 28 14 29 30 30 10 31 30 32 23 33 25 34 15 35 18 36 16 37 15 38 25 39 15 40 30 41 27 42 13 43 17 44 13 45 18 46 30 47 22 48 28 49 29 50 23 51 28 52 28 53 14 54 24 55 10 36 4 10 5 21 6 26 7 30 12 18 13 24 14 18 15 28 16 14 17 17 18 18 19 20 20 11 21 24 22 14 23 12 24 22 25 25 26 13 27 25 32 21 33 23 34 23 35 16 36 11 37 19 38 27 39 22 48 12 49 14 50 13 51 15 52 30 53 28 54 21 55 25 32 8 17 9 17 10 28 11 15 12 14 13 17 14 18 15 17 16 13 17 25 18 25 19 11 24 21 25 28 26 28 27 22 28 13 29 28 30 30 31 22 32 25 33 24 34 16 35 25 36 16 37 23 38 23 39 18 44 12 45 16 46 16 47 13 4 56 11 57 30 58 12 59 20
5 4 0 28 1 10 2 24 3 22 40 4 11 5 21 6 30 7 13 8 15 9 18 10 25 11 22 12 29 13 17 14 24 15 29 16 21 17 11 18 16 19 11 20 13 21 15 22 24 23 15 24 15 25 24 26 28 27 25 28 16 29 22 30 16 31 13 32 21 33 17 34 29 35 20 48 19 49 23 50 22 51 30 52 13 53 10 54 29 55 28 40 4 15 5 27 6 11 7 11 8 15 9 29 10 27 11 10 12 24 13 19 14 14 15 20 16 11 17 18 18 10 19 11 20 23 21 20 22 23 23 24 32 29 33 26 34 17 35 26 36 24 37 28 38 17 39 22 40 26 41 22 42 13 43 15 44 26 45 15 46 13 47 16 52 25 53 18 54 21 55 15 4 20 18 21 10 22 20 23 12 4 56 17 57 23 58 22 59 19
5 4 0 18 1 12 2 26 3 27 32 12 11 13 16 14 15 15 11 16 15 17 20 18 19 19 22 24 10 25 12 26 27 27 21 32 30 33 12 34 17 35 22 36 30 37 19 38 27 39 13 44 30 45 10 46 17 47 26 48 23 49 28 50 25 51 15 52 10 53 28 54 26 55 20 36 4 21 5 15 6 10 7 11 8 18 9 17 10 18 11 19 12 14 13 28 14 24 15 24 16 29 17 16 18 18 19 12 20 10 21 12 22 15 23 22 24 23 25 18 26 29 27 25 36 27 37 28 38 11 39 22 48 11 49 12 50 19 51 10 52 21 53 11 54 23 55 18 12 4 18 5 22 6 20 7 14 28 30 29 16 30 14 31 21 32 22 33 28 34 17 35 30 4 56 16 57 20 58 15 59 26
5 4 0 13 1 24 2 26 3 17 48 4 13 5 16 6 25 7 17 8 14 9 24 10 24 11 12 12 27 13 21 14 24 15 29 16 26 17 24 18 28 19 16 20 13 21 22 22 19 23 30 24 10 25 14 26 14 27 28 28 27 29 20 30 16 31 11 32 30 33 13 34 13 35 13 36 17 37 14 38 23 39 29 40 13 41 21 42 10 43 16 44 15 45 19 46 30 47 27 48 24 49 11 50 29 51 13 16 8 19 9 21 10 26 11 20 16 24 17 13 18 21 19 25 44 20 45 21 46 15 47 17 48 15 49 10 50 14 51 13 44 4 23 5 14 6 30 7 20 8 22 9 21 10 30 11 14 12 11 13 27 14 15 15 10 20 19 21 11 22 24 23 25 24 23 25 26 26 10 27 22 32 14 33 22 34 14 35 15 36 14 37 17 38 30 39 15 40 25 41 29 42 18 43 11 44 23 45 11 46 23 47 27 48 18 49 18 50 13 51 10 52 25 53 18 54 14 55 25 4 56 27 57 19 58 20 59 21
5 4 0 24 1 10 2 28 3 22 12 12 15 13 16 14 22 15 30 44 21 45 21 46 29 47 19 48 13 49 25 50 30 51 14 4 52 24 53 17 54 28 55 30 8 4 24 5 22 6 30 7 21 8 10 9 14 10 17 11 29 4 56 11 57 16 58 26 59 19
5 4 0 25 1 19 2 27 3 12 28 4 24 5 25 6 10 7 24 8 12 9 15 10 27 11 29 12 17 13 29 14 17 15 26 24 24 25 22 26 16 27 24 40 20 41 26 42 21 43 16 44 30 45 20 46 10 47 15 52 15 53 29 54 20 55 30 28 12 11 13 14 14 12 15 11 24 10 25 14 26 26 27 21 28 13 29 12 30 11 31 14 36 10 37 20 38 23 39 16 40 27 41 30 42 29 43 23 48 17 49 23 50 20 51 23 52 23 53 30 54 21 55 12 24 16 29 17 11 18 22 19 22 20 22 21 10 22 25 23 30 24 13 25 17 26 14 27 29 36 29 37 10 38 28 39 17 40 24 41 12 42 17 43 21 44 11 45 16 46 19 47 27 4 56 15 57 18 58 11 59 25
5 4 0 11 1 28 2 22 3 30 24 12 10 13 13 14 26 15 12 20 18 21 10 22 26 23 10 28 16 29 30 30 20 31 21 32 13 33 21 34 17 35 15 36 17 37 28 38 18 39 11 44 16 45 19 46 30 47 16 16 4 27 5 10 6 13 7 25 8 13 9 25 10 25 11 22 20 13 21 22 22 17 23 27 48 15 49 21 50 28 51 15 28 16 25 17 12 18 12 19 25 20 17 21 11 22 19 23 26 24 25 25 28 26 30 27 14 36 24 37 15 38 27 39 22 40 30 41 14 42 10 43 12 48 13 49 22 50 10 51 22 52 30 53 23 54 25 55 19 4 56 22 57 26 58 14 59 27
5 4 0 17 1 24 2 30 3 15 24 20 15 21 20 22 20 23 14 24 14 25 10 26 10 27 23 28 14 29 19 30 29 31 10 36 22 37 23 38 17 39 17 40 27 41 27 42 12 43 10 48 13 49 29 50 18 51 24 24 4 26 5 14 6 26 7 17 8 18 9 20 10 25 11 17 12 12 13 14 14 16 15 10 32 24 33 22 34 10 35 13 36 24 37 22 38 20 39 10 52 23 53 17 54 15 55 18 36 12 23 13 12 14 25 15 19 20 22 21 22 22 24 23 28 24 23 25 21 26 20 27 22 28 22 29 29 30 17 31 19 32 29 33 25 34 13 35 12 36 11 37 20 38 21 39 13 44 30 45 25 46 17 47 26 48 21 49 20 50 13 51 18 52 22 53 11 54 15 55 17 4 56 20 57 10 58 23 59 28
5 4 0 25 1 19 2 24 3 14 16 4 29 5 22 6 18 7 20 24 27 25 19 26 30 27 16 44 30 45 25 46 30 47 26 48 11 49 13 50 10 51 25 32 4 15 5 27 6 16 7 24 8 26 9 25 10 17 11 17 20 14 21 13 22 13 23 12 28 20 29 10 30 13 31 11 40 28 41 13 42 11 43 18 44 20 45 11 46 21 47 28 48 26 49 16 50 16 51 26 52 13 53 24 54 11 55 17 48 4 21 5 20 6 15 7 30 8 15 9 18 10 11 11 26 12 27 13 21 14 28 15 21 16 21 17 21 18 14 19 12 20 23 21 26 22 27 23 16 24 22 25 29 26 17 27 25 28 21 29 12 30 11 31 15 36 25 37 27 38 26 39 19 40 12 41 20 42 25 43 10 44 30 45 15 46 17 47 14 48 30 49 10 50 19 51 22 52 24 53 11 54 15 55 28 4 56 26 57 24 58 23 59 13
5 4 0 13 1 13 2 12 3 17 44 4 20 5 16 6 24 7 28 8 26 9 13 10 19 11 10 12 17 13 17 14 17 15 12 16 14 17 25 18 26 19 22 20 25 21 10 22 12 23 26 24 21 25 20 26 12 27 24 28 13 29 13 30 21 31 26 32 20 33 23 34 25 35 21 36 20 37 27 38 10 39 20 40 29 41 19 42 21 43 24 52 10 53 14 54 12 55 23 44 8 25 9 29 10 25 11 13 12 30 13 21 14 14 15 12 16 10 17 11 18 26 19 12 20 20 21 10 22 17 23 24 24 26 25 29 26 16 27 29 28 14 29 20 30 21 31 29 32 17 33 28 34 25 35 11 36 24 37 23 38 20 39 26 40 13 41 25 42 15 43 10 44 22 45 28 46 26 47 12 48 28 49 21 50 14 51 16 12 12 27 13 11 14 18 15 15 24 19 25 16 26 22 27 17 28 18 29 28 30 26 31 19 4 56 15 57 14 58 12 59 27
5 4 0 19 1 10 2 22 3 11 24 4 23 5 29 6 22 7 18 8 12 9 24 10 14 11 20 16 24 17 22 18 17 19 13 28 10 29 30 30 22 31 26 36 26 37 25 38 27 39 18 40 13 41 28 42 24 43 23 52 4 15 5 12 6 26 7 26 8 27 9 19 10 26 11 29 12 10 13 20 14 30 15 27 16 11 17 27 18 26 19 10 20 27 21 25 22 17 23 11 24 17 25 22 26 11 27 30 28 19 29 12 30 25 31 20 32 14 33 22 34 17 35 14 36 27 37 28 38 18 39 17 40 12 41 11 42 27 43 18 44 28 45 24 46 21 47 25 48 11 49 16 50 10 51 16 52 14 53 18 54 22 55 21 48 4 24 5 24 6 18 7 30 8 24 9 25 10 25 11 19 12 26 13 29 14 29 15 29 16 26 17 21 18 19 19 15 20 24 21 16 22 22 23 21 28 27 29 28 30 25 31 12 32 15 33 29 34 10 35 22 36 14 37 23 38 14 39 15 40 23 41 13 42 20 43 26 44 23 45 15 46 22 47 16 48 16 49 15 50 29 51 23 52 20 53 17 54 22 55 27 4 56 16 57 28 58 23 59 15
5 4 0 24 1 19 2 26 3 29 28 4 17 5 16 6 23 7 17 20 16 21 24 22 10 23 12 24 25 25 26 26 18 27 27 36 15 37 22 38 14 39 29 40 18 41 12 42 29 43 12 44 24 45 23 46 17 47 10 48 13 49 24 50 15 51 26 24 16 25 17 26 18 10 19 27 20 14 21 21 22 28 23 23 36 14 37 23 38 12 39 14 40 18 41 10 42 24 43 13 48 21 49 22 50 11 51 15 52 30 53 12 54 23 55 28 52 4 16 5 22 6 18 7 13 8 25 9 10 10 27 11 16 12 10 13 17 14 28 15 25 16 27 17 11 18 26 19 16 20 23 21 12 22 26 23 23 24 23 25 14 26 11 27 25 28 11 29 18 30 13 31 19 32 29 33 16 34 14 35 17 36 13 37 15 38 24 39 17 40 22 41 10 42 19 43 10 44 24 45 12 46 21 47 27 48 17 49 16 50 18 51 20 52 15 53 14 54 13 55 28 4 56 13 57 15 58 23 59 29
5 4 0 29 1 17 2 13 3 27 8 8 12 9 15 10 30 11 12 40 30 41 25 42 11 43 10 36 4 19 5 21 6 26 7 27 8 26 9 23 10 16 11 26 12 29 13 20 14 16 15 27 16 14 17 14 18 28 19 14 32 18 33 21 34 12 35 25 40 22 41 26 42 29 43 21 44 15 45 29 46 12 47 10 48 12 49 30 50 22 51 14 52 28 53 22 54 13 55 18 8 24 28 25 24 26 11 27 17 44 12 45 26 46 11 47 10 4 56 25 57 22 58 26 59 20
5 4 0 19 1 27 2 16 3 15 8 8 30 9 25 10 11 11 26 28 23 29 12 30 15 31 10 16 4 12 5 17 6 25 7 15 12 21 13 16 14 28 15 21 32 12 33 29 34 30 35 18 52 29 53 28 54 16 55 15 36 4 16 5 29 6 17 7 26 12 20 13 27 14 22 15 25 16 11 17 21 18 24 19 14 28 12 29 19 30 12 31 30 32 29 33 10 34 16 35 21 36 17 37 28 38 17 39 15 40 27 41 28 42 17 43 29 44 17 45 29 46 29 47 20 52 10 53 14 54 24 55 29 4 56 29 57 10 58 13 59 23
5 4 0 18 1 30 2 12 3 21 28 16 11 17 11 18 18 19 15 24 21 25 18 26 16 27 14 28 30 29 10 30 26 31 28 32 17 33 28 34 30 35 21 36 29 37 18 38 17 39 13 44 18 45 27 46 16 47 18 48 13 49 23 50 30 51 26 4 20 26 21 15 22 26 23 26 40 4 26 5 12 6 16 7 11 12 18 13 28 14 17 15 10 16 23 17 25 18 16 19 29 24 11 25 30 26 25 27 29 28 17 29 26 30 11 31 17 32 20 33 29 34 28 35 17 36 13 37 22 38 19 39 18 44 20 45 20 46 11 47 27 48 13 49 19 50 21 51 13 52 13 53 25 54 22 55 29 4 56 29 57 15 58 14 59 22
5 4 0 27 1 11 2 24 3 10 8 36 20 37 12 38 16 39 15 48 26 49 13 50 17 51 20 44 8 20 9 29 10 10 11 14 12 25 13 17 14 22 15 14 16 23 17 15 18 11 19 11 20 30 21 25 22 21 23 16 24 19 25 10 26 20 27 24 28 29 29 16 30 10 31 24 32 15 33 19 34 12 35 29 36 17 37 29 38 26 39 28 44 29 45 16 46 15 47 20 48 11 49 11 50 30 51 30 52 10 53 22 54 10 55 26 28 8 25 9 12 10 17 11 13 12 23 13 16 14 26 15 10 16 13 17 17 18 22 19 26 24 12 25 11 26 13 27 20 32 11 33 23 34 30 35 21 36 23 37 25 38 19 39 25 48 29 49 13 50 28 51 26 4 56 28 57 27 58 14 59 30
5 4 0 20 1 20 2 29 3 10 48 4 28 5 17 6 13 7 14 8 30 9 18 10 29 11 15 12 28 13 29 14 17 15 23 16 28 17 30 18 25 19 23 20 21 21 29 22 30 23 17 24 19 25 21 26 16 27 16 28 11 29 16 30 26 31 28 32 20 33 14 34 29 35 20 36 23 37 24 38 19 39 25 40 18 41 13 42 21 43 16 44 13 45 20 46 30 47 20 48 23 49 16 50 17 51 28 44 4 11 5 16 6 28 7 22 8 26 9 28 10 25 11 10 12 27 13 28 14 22 15 27 16 18 17 16 18 23 19 22 20 17 21 10 22 26 23 15 24 19 25 18 26 11 27 24 32 14 33 19 34 26 35 10 36 12 37 19 38 27 39 26 44 26 45 23 46 25 47 23 48 25 49 12 50 23 51 18 52 29 53 26 54 30 55 13 20 4 12 5 13 6 14 7 14 20 23 21 16 22 26 23 23 24 21 25 25 26 13 27 23 32 28 33 25 34 26 35 19 52 29 53 29 54 11 55 27 4 56 29 57 23 58 23 59 18
5 4 0 10 1 28 2 25 3 18 20 12 23 13 14 14 22 15 15 32 16 33 15 34 28 35 24 36 23 37 17 38 26 39 10 44 22 45 25 46 26 47 18 52 30 53 23 54 13 55 19 16 32 20 33 27 34 13 35 23 40 19 41 20 42 12 43 16 44 25 45 29 46 13 47 18 52 11 53 22 54 30 55 16 32 8 11 9 19 10 17 11 25 16 14 17 19 18 27 19 17 20 17 21 21 22 17 23 30 24 21 25 10 26 23 27 30 28 10 29 20 30 25 31 16 32 21 33 20 34 15 35 18 40 13 41 21 42 17 43 20 52 20 53 13 54 14 55 15 4 56 19 57 19 58 12 59 11
5 4 0 17 1 25 2 16 3 11 24 4 11 5 25 6 23 7 15 20 17 21 27 22 22 23 23 32 25 33 14 34 30 35 10 44 14 45 29 46 29 47 24 48 28 49 11 50 14 51 18 52 11 53 30 54 10 55 18 24 8 11 9 24 10 14 11 19 12 27 13 12 14 20 15 23 20 29 21 24 22 30 23 17 28 11 29 12 30 15 31 12 40 23 41 27 42 16 43 22 48 25 49 16 50 10 51 21 20 12 23 13 26 14 30 15 17 16 15 17 10 18 15 19 28 32 28 33 19 34 15 35 12 36 12 37 14 38 17 39 15 52 20 53 15 54 26 55 16 4 56 17 57 17 58 27 59 18
5 4 0 17 1 20 2 10 3 24 24 20 28 21 14 22 19 23 29 24 22 25 10 26 26 27 12 28 16 29 12 30 22 31 17 40 21 41 23 42 26 43 12 48 23 49 10 50 20 51 28 52 13 53 29 54 13 55 27 12 8 26 9 24 10 23 11 25 12 29 13 16 14 16 15 27 20 25 21 12 22 16 23 26 24 4 17 5 13 6 22 7 10 24 25 25 23 26 12 27 20 28 30 29 21 30 16 31 25 40 13 41 13 42 27 43 28 44 23 45 10 46 23 47 18 52 29 53 23 54 19 55 15 4 56 22 57 24 58 10 59 19
5 4 0 11 1 23 2 20 3 15 32 4 14 5 27 6 22 7 15 8 27 9 11 10 11 11 30 12 25 13 18 14 18 15 18 16 23 17 18 18 28 19 10 24 26 25 17 26 10 27 23 28 19 29 24 30 17 31 16 32 21 33 16 34 10 35 26 48 30 49 30 50 20 51 13 40 4 24 5 13 6 27 7 18 8 11 9 29 10 12 11 10 20 23 21 24 22 20 23 12 24 30 25 18 26 21 27 20 28 13 29 28 30 14 31 21 32 18 33 23 34 26 35 25 36 30 37 14 38 24 39 20 40 12 41 11 42 17 43 24 44 20 45 24 46 21 47 20 48 22 49 16 50 16 51 22 12 16 24 17 28 18 17 19 24 32 15 33 23 34 30 35 17 36 17 37 29 38 15 39 15 4 56 30 57 12 58 18 59 18
5 4 0 29 1 19 2 22 3 13 8 32 16 33 28 34 14 35 21 36 19 37 27 38 11 39 26 36 12 28 13 30 14 24 15 17 16 14 17 30 18 11 19 18 20 21 21 14 22 11 23 11 24 24 25 17 26 30 27 18 28 11 29 24 30 28 31 10 32 24 33 18 34 18 35 26 36 16 37 18 38 16 39 26 44 18 45 26 46 13 47 16 48 25 49 29 50 11 51 15 12 4 14 5 30 6 28 7 11 32 24 33 29 34 17 35 12 40 15 41 11 42 12 43 28 4 56 29 57 16 58 23 59 25
5 4 0 30 1 11 2 16 3 29 20 12 27 13 26 14 10 15 13 16 25 17 20 18 21 19 30 32 22 33 11 34 24 35 13 36 19 37 13 38 27 39 10 48 15 49 21 50 17 51 12 48 4 27 5 15 6 23 7 20 8 27 9 22 10 21 11 30 12 29 13 14 14 13 15 29 16 22 17 25 18 13 19 14 20 23 21 12 22 16 23 10 24 17 25 10 26 29 27 20 28 26 29 10 30 15 31 20 36 13 37 21 38 30 39 12 40 30 41 19 42 12 43 24 44 30 45 15 46 10 47 26 48 13 49 11 50 15 51 24 52 17 53 21 54 27 55 17 32 4 20 5 11 6 18 7 19 12 14 13 26 14 21 15 17 16 17 17 25 18 14 19 19 28 27 29 29 30 15 31 26 32 13 33 23 34 22 35 12 36 17 37 10 38 30 39 22 48 14 49 27 50 26 51 28 52 20 53 17 54 26 55 28 4 56 19 57 13 58 21 59 12
5 4 0 23 1 15 2 27 3 17 44 8 20 9 15 10 21 11 24 12 27 13 14 14 25 15 10 16 20 17 25 18 17 19 12 20 18 21 13 22 16 23 12 24 16 25 17 26 22 27 16 28 10 29 21 30 15 31 26 36 15 37 20 38 17 39 22 40 19 41 17 42 22 43 23 44 11 45 19 46 29 47 22 48 11 49 27 50 14 51 24 52 29 53 16 54 13 55 11 20 4 10 5 25 6 28 7 23 12 11 13 11 14 30 15 16 16 22 17 12 18 14 19 26 24 25 25 19 26 25 27 23 44 30 45 12 46 12 47 26 16 16 22 17 30 18 11 19 14 20 12 21 11 22 13 23 11 24 14 25 11 26 24 27 21 40 10 41 12 42 15 43 25 4 56 17 57 26 58 22 59 13
5 4 0 30 1 30 2 30 3 12 8 8 26 9 27 10 11 11 15 52 27 53 26 54 25 55 18 8 32 22 33 10 34 17 35 17 40 12 41 21 42 22 43 14 16 4 30 5 30 6 24 7 17 24 18 25 24 26 11 27 28 28 26 29 19 30 25 31 30 40 23 41 18 42 28 43 11 4 56 30 57 25 58 27 59 11
5 4 0 16 1 24 2 27 3 12 32 8 25 9 27 10 15 11 25 12 18 13 21 14 28 15 17 16 26 17 16 18 29 19 22 20 28 21 18 22 28 23 15 24 15 25 26 26 16 27 20 28 27 29 22 30 21 31 23 32 11 33 10 34 12 35 29 40 28 41 13 42 22 43 12 32 8 25 9 24 10 23 11 16 16 13 17 21 18 21 19 13 20 23 21 30 22 25 23 22 24 15 25 17 26 17 27 23 28 13 29 13 30 24 31 28 32 14 33 14 34 23 35 18 44 17 45 14 46 25 47 29 52 26 53 15 54 25 55 24 24 4 21 5 12 6 27 7 19 8 13 9 30 10 27 11 13 12 27 13 22 14 30 15 20 16 23 17 20 18 15 19 30 24 28 25 12 26 24 27 29 32 22 33 10 34 19 35 28 4 56 10 57 12 58 14 59 10
5 4 0 25 1 12 2 27 3 19 12 8 20 9 29 10 19 11 20 12 28 13 24 14 28 15 15 40 13 41 28 42 21 43 14 24 4 15 5 17 6 19 7 30 20 23 21 21 22 13 23 12 24 30 25 17 26 24 27 26 28 30 29 28 30 11 31 18 32 27 33 29 34 10 35 16 48 10 49 12 50 11 51 11 40 8 20 9 26 10 30 11 29 12 13 13 11 14 26 15 28 16 24 17 12 18 25 19 21 28 16 29 16 30 16 31 14 32 15 33 13 34 13 35 23 36 10 37 15 38 16 39 17 40 29 41 10 42 21 43 11 44 21 45 27 46 29 47 15 48 21 49 10 50 19 51 21 52 15 53 25 54 21 55 29 4 56 24 57 12 58 19 59 13
5 4 0 29 1 17 2 21 3 25 48 8 12 9 27 10 23 11 21 12 14 13 27 14 11 15 19 16 15 17 23 18 23 19 19 20 12 21 19 22 23 23 21 24 28 25 14 26 18 27 17 28 13 29 12 30 13 31 22 32 26 33 26 34 11 35 26 36 27 37 26 38 17 39 24 40 25 41 23 42 15 43 24 44 17 45 13 46 29 47 16 48 28 49 19 50 30 51 27 52 18 53 30 54 30 55 25 24 4 27 5 25 6 26 7 29 8 20 9 13 10 20 11 12 12 22 13 24 14 27 15 26 20 21 21 17 22 15 23 29 24 14 25 29 26 26 27 24 28 28 29 18 30 26 31 16 24 16 14 17 27 18 20 19 30 32 19 33 29 34 28 35 25 36 30 37 17 38 29 39 14 40 29 41 30 42 13 43 25 44 26 45 13 46 22 47 26 52 18 53 18 54 20 55 12 4 56 13 57 25 58 13 59 27
5 4 0 21 1 20 2 16 3 16 48 4 13 5 23 6 27 7 24 8 14 9 28 10 14 11 26 12 12 13 29 14 29 15 15 16 23 17 27 18 25 19 13 20 15 21 13 22 15 23 28 28 26 29 10 30 22 31 27 32 30 33 20 34 15 35 14 36 13 37 10 38 20 39 14 40 30 41 29 42 10 43 12 44 19 45 13 46 18 47 27 48 29 49 29 50 23 51 27 52 13 53 30 54 28 55 25 48 4 22 5 11 6 23 7 20 8 13 9 27 10 17 11 13 12 10 13 28 14 13 15 15 16 16 17 21 18 24 19 18 20 18 21 24 22 29 23 18 24 13 25 18 26 19 27 30 28 18 29 15 30 24 31 10 32 20 33 17 34 25 35 24 36 17 37 29 38 17 39 13 40 15 41 28 42 17 43 30 44 21 45 29 46 25 47 10 48 27 49 29 50 29 51 22 40 4 27 5 10 6 13 7 24 8 12 9 25 10 25 11 21 12 25 13 20 14 19 15 12 24 18 25 27 26 20 27 28 28 13 29 18 30 30 31 21 32 15 33 14 34 10 35 25 36 30 37 25 38 13 39 30 40 21 41 10 42 29 43 14 44 26 45 22 46 26 47 19 48 28 49 11 50 29 51 19 4 56 18 57 19 58 22 59 25
5 4 0 14 1 10 2 20 3 28 40 4 26 5 16 6 13 7 13 12 20 13 22 14 14 15 27 16 10 17 17 18 18 19 29 20 28 21 14 22 13 23 10 24 27 25 22 26 14 27 21 28 14 29 10 30 18 31 10 36 15 37 19 38 30 39 19 40 12 41 18 42 12 43 21 44 27 45 19 46 24 47 11 52 27 53 23 54 29 55 12 40 4 16 5 25 6 10 7 21 8 15 9 20 10 22 11 20 16 29 17 14 18 18 19 30 20 13 21 20 22 18 23 20 24 25 25 11 26 21 27 30 28 20 29 10 30 20 31 21 32 30 33 11 34 26 35 30 40 19 41 21 42 25 43 21 44 10 45 11 46 11 47 14 48 22 49 26 50 17 51 24 4 32 26 33 24 34 10 35 11 4 56 24 57 17 58 30 59 30
5 4 0 14 1 24 2 29 3 15 16 4 23 5 14 6 26 7 25 16 20 17 15 18 19 19 24 48 17 49 24 50 24 51 14 52 19 53 24 54 18 55 18 40 4 22 5 16 6 29 7 25 8 17 9 19 10 20 11 13 12 26 13 23 14 18 15 12 16 17 17 13 18 27 19 23 24 13 25 29 26 14 27 20 32 18 33 25 34 30 35 17 36 24 37 11 38 26 39 16 40 19 41 25 42 13 43 13 44 11 45 21 46 28 47 15 48 16 49 13 50 18 51 13 48 4 25 5 20 6 18 7 22 8 17 9 24 10 28 11 29 12 14 13 22 14 16 15 29 16 20 17 12 18 14 19 20 20 20 21 27 22 16 23 30 24 21 25 11 26 23 27 11 28 23 29 26 30 27 31 28 32 22 33 24 34 20 35 12 36 26 37 28 38 18 39 29 40 11 41 28 42 17 43 30 44 24 45 23 46 21 47 10 52 21 53 12 54 10 55 29 4 56 16 57 18 58 11 59 17
5 4 0 11 1 12 2 22 3 13 12 32 28 33 26 34 20 35 29 44 30 45 25 46 15 47 28 48 17 49 14 50 17 51 18 24 4 30 5 24 6 28 7 11 12 26 13 11 14 20 15 13 24 10 25 21 26 10 27 12 36 27 37 26 38 20 39 16 40 24 41 13 42 14 43 17 44 14 45 12 46 25 47 25 20 4 25 5 21 6 29 7 18 12 19 13 24 14 18 15 11 24 25 25 28 26 26 27 19 36 19 37 30 38 24 39 24 40 27 41 18 42 21 43 26 4 56 26 57 15 58 26 59 12
5 4 0 26 1 28 2 22 3 21 12 4 14 5 15 6 27 7 30 32 22 33 13 34 30 35 15 52 22 53 30 54 23 55 18 20 4 28 5 19 6 17 7 21 12 27 13 15 14 30 15 25 16 23 17 28 18 14 19 12 36 10 37 25 38 27 39 28 40 23 41 27 42 26 43 30 32 8 20 9 23 10 10 11 11 12 17 13 28 14 19 15 13 16 21 17 14 18 10 19 28 24 21 25 13 26 23 27 11 28 12 29 10 30 29 31 27 44 30 45 23 46 16 47 12 48 24 49 15 50 20 51 23 52 19 53 22 54 25 55 17 4 56 11 57 11 58 22 59 20
5 4 0 26 1 10 2 23 3 29 24 4 26 5 20 6 25 7 22 8 26 9 20 10 16 11 30 12 18 13 26 14 12 15 18 28 19 29 14 30 23 31 28 36 22 37 17 38 21 39 20 52 29 53 12 54 15 55 19 24 4 29 5 10 6 14 7 12 20 26 21 12 22 23 23 15 24 27 25 11 26 14 27 12 28 25 29 11 30 29 31 28 44 23 45 30 46 10 47 22 52 10 53 11 54 21 55 28 48 4 15 5 29 6 24 7 21 8 25 9 13 10 10 11 22 12 20 13 16 14 30 15 17 20 30 21 16 22 20 23 22 24 18 25 14 26 28 27 14 28 30 29 18 30 28 31 23 32 20 33 20 34 28 35 30 36 18 37 26 38 26 39 25 40 25 41 10 42 14 43 29 44 24 45 23 46 26 47 30 48 25 49 20 50 24 51 18 52 23 53 14 54 21 55 23 4 56 17 57 17 58 19 59 13
5 4 0 29 1 19 2 29 3 14 52 4 19 5 18 6 14 7 29 8 30 9 23 10 20 11 25 12 23 13 22 14 30 15 16 16 21 17 11 18 11 19 26 20 20 21 21 22 24 23 26 24 19 25 29 26 27 27 18 28 19 29 19 30 19 31 12 32 29 33 29 34 23 35 21 36 26 37 23 38 16 39 30 40 10 41 12 42 29 43 20 44 23 45 29 46 13 47 20 48 19 49 10 50 29 51 23 52 17 53 18 54 14 55 20 12 4 26 5 13 6 14 7 26 12 22 13 18 14 16 15 13 20 25 21 27 22 29 23 26 28 4 13 5 14 6 13 7 30 16 20 17 30 18 16 19 10 20 23 21 28 22 13 23 14 32 20 33 10 34 23 35 18 44 23 45 18 46 17 47 19 48 18 49 12 50 28 51 23 52 21 53 11 54 13 55 30 4 56 22 57 13 58 24 59 22
5 4 0 30 1 25 2 19 3 15 32 8 13 9 28 10 24 11 18 16 28 17 13 18 18 19 19 24 18 25 10 26 27 27 21 28 10 29 27 30 27 31 21 36 18 37 24 38 29 39 12 44 19 45 18 46 18 47 27 48 30 49 25 50 12 51 11 52 26 53 27 54 28 55 16 32 8 11 9 21 10 24 11 29 12 23 13 10 14 13 15 10 16 12 17 13 18 14 19 27 20 15 21 14 22 20 23 25 32 27 33 16 34 24 35 13 36 19 37 26 38 13 39 15 40 15 41 19 42 23 43 25 52 14 53 14 54 17 55 18 4 44 20 45 26 46 12 47 17 4 56 13 57 29 58 12 59 19
5 4 0 15 1 19 2 26 3 25 40 4 12 5 28 6 24 7 22 16 15 17 14 18 28 19 19 20 24 21 30 22 16 23 16 24 13 25 16 26 11 27 24 28 14 29 13 30 11 31 16 36 11 37 20 38 12 39 12 40 10 41 22 42 11 43 25 44 19 45 20 46 18 47 10 48 26 49 23 50 21 51 30 52 26 53 23 54 22 55 23 20 24 30 25 29 26 14 27 29 36 21 37 13 38 29 39 12 40 17 41 26 42 26 43 30 44 27 45 20 46 21 47 18 48 15 49 20 50 26 51 12 16 12 27 13 21 14 17 15 17 20 25 21 18 22 18 23 30 48 10 49 15 50 25 51 18 52 14 53 23 54 30 55 25 4 56 23 57 19 58 19 59 25
5 4 0 18 1 15 2 15 3 29 44 8 13 9 15 10 23 11 22 12 29 13 26 14 15 15 30 16 18 17 11 18 14 19 23 20 10 21 27 22 18 23 15 24 10 25 15 26 20 27 20 28 16 29 10 30 26 31 11 32 16 33 19 34 29 35 17 36 23 37 22 38 24 39 29 40 16 41 16 42 28 43 11 48 17 49 27 50 17 51 12 52 18 53 11 54 27 55 24 16 28 29 29 13 30 16 31 14 40 24 41 13 42 24 43 14 44 19 45 21 46 24 47 28 48 25 49 15 50 15 51 17 48 4 19 5 29 6 19 7 26 8 30 9 22 10 27 11 23 12 29 13 19 14 25 15 27 16 30 17 29 18 18 19 18 24 20 25 11 26 15 27 20 28 11 29 25 30 10 31 13 32 29 33 13 34 10 35 15 36 21 37 24 38 22 39 26 40 29 41 14 42 17 43 17 44 22 45 27 46 13 47 22 48 12 49 30 50 21 51 11 52 25 53 19 54 21 55 15 4 56 12 57 30 58 21 59 10
5 4 0 18 1 29 2 27 3 24 44 4 27 5 26 6 21 7 11 8 22 9 24 10 27 11 29 12 26 13 19 14 17 15 29 16 10 17 26 18 14 19 22 24 10 25 19 26 10 27 16 28 19 29 30 30 28 31 19 32 10 33 21 34 15 35 29 36 10 37 26 38 30 39 25 40 22 41 25 42 16 43 13 44 16 45 27 46 25 47 20 52 14 53 26 54 20 55 21 24 4 17 5 18 6 16 7 13 8 10 9 14 10 15 11 12 12 10 13 11 14 24 15 16 16 14 17 27 18 26 19 11 28 25 29 10 30 24 31 26 32 29 33 27 34 19 35 14 44 4 14 5 13 6 12 7 17 12 30 13 24 14 27 15 12 20 28 21 13 22 28 23 30 24 19 25 29 26 29 27 14 28 14 29 17 30 23 31 13 32 12 33 16 34 14 35 29 36 21 37 26 38 12 39 27 40 22 41 26 42 18 43 18 44 17 45 20 46 15 47 16 48 17 49 10 50 23 51 19 52 19 53 21 54 13 55 18 4 56 15 57 13 58 15 59 22
5 4 0 23 1 25 2 23 3 25 40 8 29 9 19 10 27 11 23 12 12 13 16 14 17 15 14 16 25 17 28 18 10 19 19 20 18 21 11 22 18 23 13 28 26 29 17 30 24 31 16 32 16 33 22 34 23 35 22 36 16 37 23 38 25 39 23 40 20 41 20 42 11 43 15 48 13 49 29 50 12 51 25 52 19 53 29 54 25 55 16 24 4 29 5 30 6 29 7 12 12 11 13 15 14 27 15 30 28 30 29 12 30 29 31 17 32 15 33 13 34 25 35 22 44 30 45 11 46 15 47 25 48 25 49 28 50 20 51 27 32 4 25 5 17 6 23 7 10 8 27 9 30 10 15 11 11 12 25 13 11 14 16 15 26 16 29 17 17 18 13 19 17 28 15 29 19 30 27 31 30 32 16 33 24 34 16 35 12 40 17 41 22 42 27 43 14 52 29 53 12 54 30 55 30 4 56 22 57 20 58 24 59 22
