20 60
5 4 0 10 1 24 2 20 3 16 12 20 20 21 28 22 22 23 20 24 30 25 10 26 28 27 11 52 11 53 19 54 20 55 14 28 8 22 9 20 10 11 11 29 16 25 17 14 18 12 19 30 20 11 21 28 22 27 23 21 28 16 29 20 30 13 31 13 40 14 41 21 42 16 43 21 44 24 45 19 46 18 47 23 52 14 53 10 54 13 55 24 36 12 29 13 14 14 20 15 15 16 27 17 30 18 30 19 28 20 30 21 26 22 10 23 24 28 17 29 17 30 23 31 27 32 24 33 20 34 30 35 27 40 30 41 27 42 10 43 22 44 11 45 10 46 25 47 10 48 18 49 18 50 16 51 10 52 18 53 14 54 24 55 24 4 56 21 57 26 58 10 59 18
5 4 0 17 1 24 2 25 3 11 4 44 12 45 19 46 12 47 29 52 4 24 5 30 6 25 7 11 8 15 9 30 10 29 11 24 12 27 13 29 14 10 15 10 16 15 17 22 18 23 19 12 20 16 21 28 22 12 23 20 24 30 25 28 26 17 27 12 28 17 29 27 30 16 31 25 32 21 33 29 34 13 35 28 36 24 37 23 38 14 39 28 40 29 41 28 42 16 43 10 44 25 45 24 46 12 47 29 48 17 49 16 50 27 51 10 52 11 53 15 54 20 55 28 28 4 19 5 29 6 24 7 23 8 14 9 27 10 14 11 29 12 13 13 23 14 16 15 25 16 15 17 13 18 13 19 20 20 23 21 26 22 20 23 19 40 29 41 10 42 17 43 12 44 26 45 24 46 19 47 21 4 56 29 57 22 58 28 59 13
5 4 0 27 1 17 2 29 3 11 28 4 23 5 20 6 30 7 14 20 10 21 30 22 10 23 10 32 17 33 15 34 20 35 29 36 24 37 14 38 13 39 25 40 24 41 18 42 22 43 13 44 15 45 28 46 15 47 23 48 26 49 15 50 25 51 13 52 4 13 5 14 6 21 7 28 8 18 9 13 10 24 11 23 12 13 13 25 14 29 15 20 16 19 17 25 18 22 19 19 20 26 21 25 22 27 23 17 24 16 25 12 26 11 27 27 28 23 29 16 30 22 31 27 32 10 33 10 34 30 35 11 36 16 37 19 38 14 39 15 40 30 41 28 42 24 43 26 44 13 45 15 46 26 47 22 48 30 49 29 50 18 51 30 52 29 53 28 54 13 55 23 36 4 20 5 20 6 29 7 24 8 28 9 20 10 20 11 29 16 29 17 13 18 26 19 29 20 11 21 10 22 28 23 29 24 18 25 19 26 15 27 11 28 14 29 20 30 29 31 28 36 20 37 21 38 12 39 14 48 28 49 15 50 18 51 13 52 21 53 28 54 14 55 11 4 56 23 57 23 58 10 59 16
5 4 0 30 1 25 2 22 3 29 32 4 16 5 24 6 24 7 19 8 28 9 24 10 12 11 21 28 24 29 19 30 15 31 26 32 25 33 14 34 11 35 24 36 25 37 27 38 25 39 21 40 21 41 16 42 25 43 18 44 14 45 20 46 27 47 25 48 13 49 21 50 15 51 25 24 4 19 5 12 6 12 7 13 24 28 25 28 26 13 27 24 28 17 29 18 30 10 31 28 32 13 33 10 34 23 35 17 36 23 37 10 38 17 39 10 44 12 45 23 46 25 47 24 52 4 17 5 26 6 18 7 20 8 26 9 11 10 16 11 13 12 29 13 18 14 10 15 11 16 20 17 30 18 27 19 20 20 15 21 11 22 27 23 29 24 28 25 17 26 23 27 23 28 20 29 27 30 14 31 27 32 21 33 27 34 20 35 29 36 11 37 18 38 28 39 10 40 24 41 22 42 27 43 11 44 19 45 16 46 18 47 12 48 11 49 16 50 11 51 22 52 11 53 28 54 17 55 18 4 56 19 57 26 58 12 59 18
5 4 0 25 1 16 2 23 3 23 12 4 15 5 17 6 29 7 26 32 29 33 13 34 22 35 29 52 13 53 14 54 16 55 14 36 4 22 5 25 6 11 7 22 12 12 13 26 14 16 15 12 24 12 25 19 26 19 27 23 28 25 29 24 30 22 31 19 32 12 33 13 34 23 35 19 36 17 37 20 38 14 39 22 40 22 41 25 42 15 43 30 44 26 45 20 46 26 47 21 52 22 53 14 54 27 55 15 12 4 18 5 27 6 15 7 27 40 14 41 13 42 17 43 20 48 13 49 15 50 20 51 17 4 56 14 57 23 58 15 59 19
5 4 0 29 1 28 2 18 3 22 44 8 26 9 15 10 24 11 26 12 20 13 30 14 10 15 25 16 16 17 13 18 28 19 26 20 22 21 22 22 16 23 19 24 24 25 22 26 28 27 11 28 22 29 24 30 19 31 13 32 25 33 13 34 24 35 23 36 20 37 28 38 12 39 17 40 22 41 12 42 17 43 18 48 11 49 12 50 13 51 20 52 27 53 15 54 27 55 25 16 12 13 13 16 14 17 15 25 16 14 17 18 18 10 19 14 32 24 33 18 34 20 35 17 44 18 45 30 46 13 47 14 48 4 18 5 19 6 12 7 16 8 15 9 16 10 21 11 10 12 30 13 11 14 29 15 17 16 18 17 21 18 22 19 21 20 21 21 12 22 13 23 11 24 24 25 27 26 15 27 22 28 29 29 19 30 30 31 18 32 13 33 23 34 23 35 25 36 29 37 25 38 11 39 17 40 24 41 23 42 12 43 13 44 29 45 24 46 24 47 15 52 18 53 19 54 26 55 27 4 56 23 57 20 58 29 59 20
5 4 0 21 1 10 2 29 3 27 52 4 15 5 21 6 20 7 27 8 16 9 27 10 23 11 30 12 16 13 20 14 28 15 25 16 10 17 29 18 29 19 28 20 17 21 26 22 16 23 18 24 12 25 12 26 29 27 11 28 13 29 28 30 13 31 29 32 30 33 28 34 14 35 27 36 11 37 23 38 27 39 15 40 15 41 25 42 23 43 10 44 15 45 26 46 21 47 15 48 24 49 23 50 21 51 27 52 14 53 26 54 17 55 26 28 4 24 5 24 6 15 7 14 12 12 13 20 14 13 15 25 20 22 21 16 22 20 23 14 28 30 29 14 30 17 31 23 32 12 33 29 34 23 35 18 40 29 41 11 42 26 43 13 52 27 53 20 54 26 55 12 32 12 14 13 17 14 30 15 28 16 16 17 20 18 13 19 17 20 17 21 19 22 30 23 25 24 22 25 26 26 12 27 22 36 26 37 28 38 18 39 22 40 29 41 21 42 16 43 14 48 14 49 21 50 19 51 27 52 27 53 18 54 19 55 13 4 56 24 57 30 58 12 59 10
5 4 0 21 1 23 2 17 3 20 32 4 13 5 12 6 10 7 25 8 19 9 20 10 28 11 13 16 23 17 17 18 26 19 24 24 13 25 10 26 19 27 30 32 25 33 29 34 18 35 26 36 18 37 17 38 30 39 27 44 12 45 12 46 28 47 15 48 18 49 21 50 19 51 22 24 4 12 5 22 6 10 7 16 12 11 13 19 14 30 15 18 20 14 21 30 22 27 23 23 28 28 29 29 30 10 31 11 36 12 37 22 38 11 39 26 48 14 49 25 50 24 51 16 48 4 18 5 16 6 30 7 30 8 27 9 11 10 10 11 16 12 30 13 13 14 12 15 29 16 24 17 12 18 16 19 21 20 20 21 28 22 16 23 22 24 24 25 27 26 24 27 17 28 19 29 28 30 24 31 12 32 25 33 28 34 21 35 19 36 17 37 24 38 14 39 12 40 27 41 26 42 26 43 13 44 16 45 22 46 15 47 14 52 22 53 19 54 29 55 16 4 56 21 57 13 58 20 59 13
5 4 0 27 1 18 2 11 3 16 12 12 11 13 25 14 22 15 20 24 25 25 10 26 24 27 16 32 20 33 16 34 25 35 14 52 4 26 5 12 6 18 7 25 8 23 9 24 10 11 11 12 12 23 13 13 14 19 15 29 16 21 17 26 18 17 19 27 20 13 21 28 22 27 23 27 24 17 25 21 26 24 27 27 28 20 29 21 30 11 31 19 32 26 33 22 34 29 35 23 36 29 37 19 38 27 39 28 40 18 41 23 42 10 43 21 44 13 45 11 46 20 47 30 48 18 49 29 50 17 51 14 52 26 53 25 54 28 55 15 28 12 30 13 21 14 26 15 11 16 27 17 16 18 11 19 13 24 16 25 28 26 28 27 11 28 11 29 22 30 28 31 21 36 14 37 21 38 30 39 20 40 29 41 12 42 24 43 22 44 11 45 17 46 12 47 26 4 56 30 57 26 58 23 59 20
5 4 0 20 1 14 2 11 3 19 8 32 22 33 14 34 16 35 11 44 24 45 12 46 28 47 30 40 8 13 9 24 10 26 11 30 12 30 13 14 14 29 15 29 16 10 17 20 18 22 19 18 24 26 25 24 26 15 27 15 28 22 29 26 30 10 31 14 32 22 33 14 34 11 35 28 40 23 41 30 42 27 43 14 44 17 45 15 46 17 47 13 48 10 49 17 50 30 51 25 52 21 53 21 54 21 55 11 16 4 19 5 22 6 30 7 30 8 12 9 19 10 17 11 23 20 23 21 16 22 24 23 28 28 19 29 22 30 30 31 12 4 56 27 57 19 58 25 59 19
5 4 0 15 1 10 2 13 3 27 32 4 14 5 20 6 15 7 20 16 28 17 19 18 11 19 25 24 28 25 28 26 29 27 29 28 29 29 26 30 25 31 25 36 29 37 15 38 20 39 24 40 26 41 18 42 17 43 18 44 11 45 19 46 28 47 18 48 19 49 25 50 27 51 12 36 4 26 5 12 6 26 7 29 8 14 9 28 10 28 11 10 20 24 21 14 22 21 23 11 28 16 29 15 30 12 31 28 36 24 37 16 38 11 39 14 40 26 41 28 42 18 43 21 44 18 45 19 46 26 47 28 48 12 49 17 50 24 51 25 52 20 53 26 54 30 55 22 48 8 15 9 24 10 15 11 25 12 19 13 14 14 15 15 25 16 30 17 26 18 13 19 15 20 19 21 18 22 12 23 29 24 26 25 18 26 27 27 17 28 17 29 11 30 22 31 27 32 22 33 23 34 30 35 16 36 18 37 30 38 10 39 15 40 20 41 21 42 27 43 19 44 12 45 10 46 22 47 21 48 15 49 24 50 17 51 13 52 15 53 22 54 29 55 27 4 56 17 57 16 58 14 59 15
5 4 0 23 1 19 2 19 3 13 28 16 23 17 27 18 19 19 25 24 17 25 19 26 19 27 25 28 14 29 16 30 12 31 11 36 15 37 22 38 16 39 28 40 17 41 19 42 29 43 10 48 16 49 30 50 14 51 26 52 14 53 20 54 15 55 29 48 4 12 5 29 6 10 7 16 8 13 9 21 10 14 11 27 12 18 13 20 14 23 15 11 16 16 17 22 18 24 19 24 20 13 21 20 22 28 23 24 28 17 29 29 30 22 31 25 32 25 33 30 34 12 35 20 36 25 37 24 38 25 39 29 40 17 41 28 42 12 43 13 44 16 45 17 46 23 47 28 48 12 49 25 50 12 51 20 52 22 53 18 54 22 55 14 24 4 16 5 22 6 15 7 26 8 20 9 19 10 28 11 27 20 14 21 25 22 18 23 28 32 29 33 20 34 13 35 11 44 11 45 19 46 20 47 12 48 17 49 27 50 21 51 14 4 56 12 57 26 58 10 59 18
5 4 0 21 1 24 2 28 3 24 24 20 25 21 21 22 27 23 13 24 21 25 25 26 16 27 21 28 12 29 25 30 27 31 24 36 11 37 11 38 13 39 27 44 15 45 15 46 26 47 12 48 12 49 17 50 12 51 21 48 4 28 5 18 6 27 7 23 8 29 9 18 10 23 11 11 12 23 13 17 14 11 15 11 20 22 21 17 22 22 23 30 24 14 25 18 26 27 27 18 28 28 29 11 30 14 31 18 32 24 33 17 34 16 35 22 36 17 37 16 38 25 39 19 40 17 41 30 42 16 43 22 44 11 45 20 46 20 47 27 48 14 49 12 50 29 51 11 52 10 53 16 54 19 55 22 48 4 28 5 30 6 24 7 14 8 15 9 30 10 13 11 16 12 10 13 25 14 18 15 27 16 17 17 11 18 30 19 29 20 28 21 29 22 16 23 16 28 14 29 13 30 28 31 23 32 30 33 11 34 13 35 17 36 25 37 23 38 24 39 30 40 13 41 26 42 13 43 26 44 18 45 17 46 21 47 26 48 25 49 28 50 23 51 18 52 29 53 23 54 17 55 23 4 56 23 57 15 58 11 59 17
5 4 0 26 1 27 2 25 3 24 48 4 12 5 15 6 23 7 15 12 14 13 23 14 14 15 10 16 29 17 22 18 20 19 11 20 20 21 13 22 16 23 29 24 27 25 14 26 14 27 13 28 10 29 28 30 11 31 14 32 17 33 10 34 10 35 20 36 11 37 21 38 25 39 21 40 11 41 12 42 16 43 14 44 21 45 30 46 25 47 17 48 30 49 22 50 17 51 17 52 15 53 20 54 18 55 13 24 12 13 13 18 14 25 15 24 24 16 25 24 26 10 27 27 36 23 37 13 38 14 39 14 40 10 41 19 42 10 43 27 44 12 45 14 46 19 47 18 48 19 49 14 50 30 51 10 12 8 30 9 17 10 16 11 17 32 15 33 13 34 22 35 30 44 30 45 23 46 12 47 20 4 56 25 57 17 58 22 59 22
5 4 0 20 1 13 2 12 3 23 28 4 24 5 14 6 30 7 10 28 19 29 26 30 16 31 16 32 11 33 28 34 13 35 24 36 13 37 11 38 13 39 30 40 22 41 23 42 13 43 29 44 22 45 22 46 28 47 24 48 24 49 12 50 30 51 20 28 4 19 5 13 6 30 7 24 28 23 29 12 30 28 31 27 32 23 33 11 34 16 35 21 36 25 37 27 38 17 39 17 40 15 41 25 42 12 43 29 44 19 45 14 46 18 47 18 48 20 49 21 50 26 51 19 48 4 14 5 12 6 16 7 13 8 18 9 29 10 20 11 20 12 22 13 20 14 10 15 24 16 12 17 12 18 16 19 17 20 25 21 25 22 21 23 27 24 30 25 23 26 30 27 18 28 15 29 11 30 16 31 25 32 24 33 10 34 13 35 20 36 21 37 16 38 15 39 13 40 20 41 18 42 20 43 27 44 25 45 28 46 28 47 28 48 17 49 26 50 24 51 19 4 56 25 57 26 58 16 59 12
5 4 0 26 1 22 2 24 3 23 32 4 10 5 29 6 23 7 25 8 21 9 15 10 26 11 29 12 24 13 18 14 14 15 18 32 15 33 19 34 10 35 13 40 21 41 30 42 16 43 26 44 21 45 27 46 30 47 29 48 18 49 19 50 15 51 18 52 27 53 12 54 10 55 22 36 8 22 9 29 10 14 11 22 16 29 17 26 18 20 19 19 24 29 25 17 26 10 27 17 28 30 29 24 30 21 31 17 32 16 33 29 34 20 35 30 40 12 41 16 42 18 43 13 44 29 45 16 46 22 47 16 48 18 49 13 50 24 51 22 52 10 53 20 54 14 55 30 52 4 19 5 12 6 16 7 15 8 14 9 17 10 29 11 21 12 28 13 21 14 12 15 11 16 14 17 11 18 15 19 19 20 25 21 22 22 26 23 13 24 17 25 12 26 21 27 19 28 14 29 23 30 29 31 26 32 14 33 17 34 28 35 23 36 19 37 14 38 17 39 28 40 24 41 13 42 29 43 11 44 22 45 12 46 27 47 13 48 17 49 19 50 27 51 24 52 30 53 21 54 18 55 17 4 56 23 57 28 58 12 59 14
5 4 0 21 1 28 2 26 3 26 44 4 11 5 22 6 18 7 25 8 26 9 16 10 21 11 11 12 27 13 11 14 11 15 13 16 17 17 19 18 17 19 14 20 13 21 27 22 16 23 22 24 22 25 25 26 11 27 24 32 19 33 13 34 20 35 10 36 27 37 23 38 13 39 29 44 10 45 27 46 24 47 19 48 28 49 29 50 27 51 26 52 14 53 29 54 26 55 11 32 16 18 17 25 18 10 19 29 24 19 25 30 26 13 27 28 32 30 33 20 34 30 35 25 36 18 37 21 38 10 39 19 40 13 41 28 42 12 43 27 44 15 45 29 46 17 47 18 48 26 49 13 50 27 51 27 52 30 53 11 54 17 55 11 36 4 11 5 27 6 16 7 19 12 21 13 23 14 15 15 21 16 30 17 18 18 13 19 25 20 29 21 14 22 14 23 22 24 25 25 30 26 14 27 19 32 19 33 14 34 23 35 13 40 24 41 21 42 19 43 18 48 21 49 19 50 23 51 20 52 20 53 15 54 13 55 27 4 56 14 57 20 58 24 59 28
5 4 0 22 1 19 2 13 3 12 32 4 30 5 15 6 29 7 13 8 27 9 29 10 24 11 28 12 10 13 25 14 13 15 27 20 28 21 30 22 17 23 25 36 25 37 29 38 21 39 26 40 26 41 12 42 10 43 11 48 24 49 22 50 19 51 24 52 21 53 27 54 22 55 29 12 8 11 9 21 10 21 11 16 28 24 29 23 30 29 31 17 48 10 49 17 50 22 51 28 52 4 28 5 22 6 14 7 18 8 16 9 19 10 12 11 11 12 24 13 10 14 13 15 17 16 25 17 17 18 18 19 28 20 28 21 16 22 22 23 10 24 19 25 17 26 24 27 29 28 12 29 28 30 22 31 22 32 10 33 20 34 25 35 29 36 24 37 25 38 23 39 11 40 24 41 29 42 20 43 10 44 18 45 14 46 27 47 10 48 28 49 11 50 21 51 13 52 10 53 19 54 11 55 21 4 56 28 57 30 58 18 59 16
5 4 0 24 1 27 2 20 3 21 52 4 10 5 16 6 24 7 29 8 20 9 11 10 13 11 16 12 30 13 23 14 18 15 10 16 11 17 29 18 16 19 24 20 18 21 13 22 14 23 30 24 10 25 26 26 12 27 22 28 25 29 25 30 22 31 24 32 30 33 23 34 25 35 16 36 15 37 11 38 27 39 10 40 24 41 23 42 10 43 18 44 14 45 17 46 27 47 22 48 11 49 24 50 23 51 18 52 11 53 15 54 26 55 29 20 4 21 5 24 6 25 7 26 16 28 17 25 18 23 19 12 20 10 21 16 22 30 23 10 24 23 25 25 26 12 27 24 28 10 29 12 30 25 31 26 4 28 24 29 29 30 10 31 19 4 56 17 57 10 58 18 59 15
5 4 0 20 1 18 2 25 3 25 32 4 28 5 13 6 11 7 25 16 28 17 27 18 10 19 29 20 25 21 28 22 17 23 24 24 10 25 20 26 15 27 30 28 16 29 26 30 27 31 25 36 23 37 20 38 12 39 21 40 20 41 26 42 14 43 29 48 19 49 12 50 18 51 18 16 8 20 9 24 10 29 11 27 20 18 21 19 22 30 23 14 24 18 25 28 26 10 27 25 40 14 41 18 42 12 43 17 12 16 21 17 22 18 24 19 25 28 20 29 30 30 11 31 17 36 10 37 25 38 23 39 30 4 56 13 57 12 58 21 59 17
