10 60
5 4 0 16 1 19 2 21 3 11 52 4 18 5 17 6 30 7 20 8 24 9 18 10 15 11 21 12 18 13 25 14 25 15 30 16 25 17 25 18 21 19 20 20 16 21 16 22 22 23 28 24 10 25 23 26 30 27 22 28 21 29 14 30 26 31 20 32 19 33 20 34 26 35 21 36 29 37 26 38 18 39 24 40 21 41 12 42 10 43 22 44 27 45 27 46 26 47 26 48 22 49 13 50 13 51 26 52 28 53 18 54 27 55 17 8 12 30 13 26 14 15 15 26 28 17 29 19 30 15 31 14 52 4 13 5 16 6 14 7 12 8 28 9 12 10 27 11 28 12 17 13 16 14 13 15 23 16 23 17 16 18 28 19 14 20 27 21 22 22 23 23 29 24 28 25 23 26 17 27 30 28 11 29 16 30 21 31 13 32 14 33 28 34 10 35 26 36 26 37 21 38 26 39 12 40 10 41 17 42 28 43 13 44 18 45 30 46 27 47 17 48 23 49 27 50 11 51 19 52 18 53 12 54 30 55 28 4 56 16 57 13 58 20 59 21
5 4 0 26 1 23 2 27 3 24 36 4 19 5 16 6 13 7 11 12 14 13 17 14 10 15 23 16 29 17 20 18 29 19 18 20 17 21 29 22 17 23 25 24 22 25 15 26 26 27 20 28 16 29 10 30 19 31 19 32 29 33 11 34 15 35 25 40 10 41 18 42 18 43 27 52 23 53 29 54 21 55 18 48 4 29 5 14 6 11 7 28 8 21 9 13 10 26 11 16 12 26 13 28 14 26 15 19 16 21 17 19 18 23 19 29 20 18 21 23 22 30 23 23 24 27 25 19 26 23 27 24 28 22 29 18 30 13 31 12 32 15 33 13 34 19 35 14 40 27 41 30 42 13 43 19 44 12 45 28 46 23 47 30 48 18 49 16 50 11 51 29 52 13 53 15 54 17 55 15 12 32 15 33 17 34 25 35 16 40 19 41 29 42 14 43 25 52 15 53 17 54 28 55 23 4 56 29 57 10 58 12 59 17
5 4 0 25 1 24 2 29 3 15 44 8 21 9 27 10 20 11 30 12 10 13 20 14 24 15 14 16 22 17 18 18 10 19 13 20 28 21 28 22 29 23 10 24 10 25 15 26 21 27 30 28 13 29 18 30 18 31 15 32 11 33 16 34 19 35 19 36 17 37 29 38 27 39 20 40 12 41 17 42 22 43 16 44 24 45 29 46 14 47 24 52 19 53 16 54 29 55 23 16 12 17 13 11 14 19 15 15 36 12 37 25 38 30 39 20 44 16 45 13 46 29 47 13 52 23 53 13 54 24 55 30 12 4 24 5 18 6 17 7 29 12 20 13 15 14 20 15 30 28 28 29 12 30 18 31 16 4 56 18 57 14 58 10 59 12
5 4 0 10 1 18 2 24 3 26 24 12 15 13 18 14 29 15 28 16 26 17 26 18 11 19 10 28 29 29 20 30 30 31 22 36 19 37 18 38 12 39 29 48 24 49 29 50 21 51 17 52 28 53 19 54 19 55 24 12 4 26 5 19 6 21 7 18 8 20 9 27 10 20 11 10 36 11 37 14 38 22 39 22 52 4 23 5 25 6 27 7 29 8 11 9 21 10 22 11 19 12 30 13 23 14 20 15 25 16 14 17 18 18 26 19 12 20 20 21 10 22 21 23 10 24 12 25 15 26 23 27 20 28 29 29 23 30 18 31 10 32 23 33 29 34 14 35 18 36 25 37 18 38 18 39 25 40 25 41 30 42 24 43 26 44 18 45 22 46 19 47 29 48 21 49 30 50 26 51 16 52 19 53 17 54 14 55 15 4 56 17 57 14 58 13 59 11
5 4 0 17 1 19 2 24 3 13 36 4 10 5 16 6 22 7 12 16 19 17 18 18 17 19 30 28 28 29 28 30 26 31 16 32 28 33 23 34 13 35 29 36 11 37 30 38 24 39 14 40 23 41 19 42 18 43 21 44 27 45 26 46 17 47 15 48 22 49 13 50 16 51 12 52 16 53 20 54 21 55 18 20 16 10 17 13 18 25 19 20 20 27 21 22 22 16 23 28 24 23 25 24 26 22 27 17 36 27 37 25 38 11 39 15 48 21 49 12 50 14 51 10 28 4 16 5 30 6 12 7 12 8 29 9 30 10 15 11 29 12 24 13 14 14 23 15 10 20 12 21 24 22 30 23 14 28 30 29 19 30 20 31 27 32 12 33 11 34 12 35 17 36 21 37 24 38 29 39 12 4 56 25 57 22 58 25 59 26
5 4 0 23 1 30 2 22 3 20 24 8 28 9 19 10 23 11 24 12 30 13 20 14 25 15 30 16 12 17 13 18 21 19 30 32 16 33 14 34 18 35 20 48 24 49 20 50 19 51 26 52 15 53 12 54 28 55 14 52 4 16 5 29 6 28 7 18 8 17 9 27 10 10 11 16 12 20 13 30 14 25 15 23 16 13 17 25 18 15 19 29 20 27 21 24 22 20 23 13 24 18 25 10 26 26 27 24 28 22 29 26 30 15 31 20 32 26 33 21 34 15 35 13 36 16 37 25 38 15 39 15 40 12 41 25 42 29 43 13 44 11 45 14 46 27 47 25 48 30 49 27 50 16 51 24 52 23 53 10 54 19 55 17 4 24 19 25 24 26 14 27 22 4 56 16 57 15 58 22 59 11
5 4 0 24 1 24 2 12 3 22 20 8 22 9 29 10 30 11 18 16 13 17 13 18 29 19 13 28 12 29 23 30 19 31 27 32 11 33 22 34 29 35 18 48 18 49 11 50 25 51 25 36 8 15 9 18 10 21 11 26 12 22 13 15 14 11 15 24 16 25 17 12 18 19 19 21 28 25 29 23 30 12 31 16 32 12 33 19 34 12 35 20 36 27 37 20 38 12 39 25 40 26 41 22 42 22 43 24 44 15 45 29 46 25 47 14 52 16 53 19 54 27 55 19 44 4 11 5 24 6 24 7 13 8 23 9 14 10 18 11 30 12 16 13 24 14 24 15 20 16 14 17 29 18 22 19 29 20 28 21 24 22 14 23 27 28 13 29 18 30 24 31 24 32 30 33 15 34 11 35 23 40 11 41 18 42 21 43 21 44 28 45 20 46 28 47 13 48 23 49 20 50 14 51 16 52 15 53 22 54 20 55 29 4 56 19 57 18 58 19 59 15
5 4 0 30 1 20 2 30 3 23 44 4 15 5 15 6 11 7 19 8 25 9 16 10 24 11 22 12 10 13 19 14 18 15 28 16 13 17 25 18 15 19 16 20 14 21 14 22 21 23 25 24 13 25 30 26 22 27 28 32 18 33 30 34 26 35 30 36 30 37 12 38 15 39 15 40 11 41 29 42 30 43 13 44 14 45 17 46 22 47 12 52 15 53 21 54 30 55 15 44 4 12 5 15 6 10 7 22 8 24 9 20 10 17 11 15 16 25 17 27 18 28 19 12 24 29 25 24 26 10 27 20 28 14 29 13 30 15 31 20 32 26 33 28 34 10 35 25 36 13 37 26 38 14 39 19 40 17 41 29 42 13 43 11 44 13 45 30 46 29 47 18 48 10 49 14 50 19 51 19 52 10 53 25 54 16 55 27 40 8 29 9 26 10 21 11 21 12 27 13 10 14 22 15 15 24 18 25 14 26 24 27 23 28 24 29 23 30 30 31 20 32 21 33 29 34 11 35 27 36 12 37 16 38 27 39 17 40 25 41 26 42 10 43 21 44 29 45 14 46 24 47 19 48 22 49 20 50 12 51 13 52 10 53 10 54 20 55 23 4 56 24 57 15 58 23 59 11
5 4 0 21 1 16 2 22 3 17 4 12 25 13 17 14 12 15 18 48 4 25 5 26 6 18 7 29 8 12 9 17 10 25 11 27 12 17 13 10 14 21 15 10 16 21 17 30 18 26 19 26 20 28 21 24 22 12 23 26 24 17 25 13 26 22 27 14 32 19 33 14 34 13 35 14 36 28 37 19 38 13 39 18 40 20 41 25 42 13 43 12 44 13 45 10 46 10 47 14 48 11 49 24 50 25 51 19 52 12 53 30 54 15 55 24 40 4 30 5 27 6 20 7 15 8 11 9 23 10 10 11 30 12 13 13 24 14 17 15 13 24 29 25 17 26 17 27 14 28 17 29 26 30 30 31 14 32 29 33 29 34 18 35 29 36 19 37 19 38 24 39 25 44 20 45 24 46 11 47 23 48 13 49 21 50 30 51 12 52 24 53 10 54 28 55 10 4 56 19 57 24 58 13 59 13
5 4 0 11 1 16 2 13 3 26 32 4 13 5 27 6 30 7 21 8 13 9 15 10 17 11 19 12 10 13 30 14 15 15 24 28 23 29 12 30 23 31 21 32 29 33 27 34 27 35 15 36 25 37 13 38 16 39 12 48 20 49 18 50 23 51 24 52 25 53 18 54 10 55 22 44 8 16 9 21 10 26 11 26 12 15 13 28 14 18 15 17 16 10 17 18 18 24 19 16 20 23 21 22 22 19 23 25 24 28 25 16 26 17 27 12 28 10 29 16 30 17 31 30 32 11 33 29 34 12 35 11 40 18 41 23 42 13 43 22 44 19 45 10 46 27 47 19 48 28 49 16 50 30 51 23 52 13 53 11 54 13 55 13 12 20 11 21 20 22 30 23 11 36 12 37 28 38 16 39 24 52 22 53 24 54 26 55 12 4 56 25 57 19 58 29 59 21
