20 60
5 4 0 16 1 21 2 27 3 18 36 4 24 5 15 6 20 7 23 8 16 9 18 10 29 11 25 16 19 17 17 18 22 19 24 20 19 21 18 22 27 23 23 24 30 25 15 26 12 27 15 32 29 33 11 34 13 35 13 36 12 37 21 38 16 39 26 40 14 41 28 42 26 43 12 52 29 53 21 54 19 55 22 36 12 30 13 26 14 15 15 18 16 14 17 28 18 11 19 13 20 11 21 30 22 19 23 25 24 26 25 10 26 30 27 23 28 10 29 27 30 10 31 10 36 23 37 26 38 12 39 13 40 10 41 26 42 26 43 19 44 17 45 25 46 11 47 10 48 20 49 13 50 16 51 14 24 8 18 9 21 10 10 11 20 12 26 13 26 14 24 15 28 20 14 21 28 22 27 23 21 28 12 29 29 30 25 31 30 32 16 33 28 34 22 35 21 44 17 45 28 46 12 47 18 4 56 20 57 21 58 27 59 28
5 4 0 12 1 21 2 10 3 26 8 20 20 21 13 22 26 23 23 24 25 25 16 26 13 27 11 28 8 11 9 20 10 29 11 21 28 13 29 22 30 12 31 29 32 28 33 15 34 17 35 13 36 23 37 12 38 25 39 19 40 17 41 13 42 19 43 21 48 17 49 29 50 14 51 14 52 29 53 16 54 19 55 28 28 8 12 9 28 10 14 11 12 12 18 13 20 14 23 15 17 24 11 25 11 26 24 27 27 36 24 37 26 38 22 39 18 40 20 41 16 42 25 43 19 44 22 45 25 46 12 47 30 48 14 49 17 50 21 51 28 4 56 30 57 10 58 11 59 13
5 4 0 20 1 19 2 14 3 23 4 24 18 25 21 26 29 27 25 36 4 22 5 29 6 20 7 13 8 22 9 27 10 25 11 20 16 14 17 27 18 28 19 21 20 17 21 30 22 15 23 18 24 22 25 24 26 12 27 10 32 17 33 28 34 23 35 20 36 29 37 14 38 18 39 28 44 12 45 18 46 14 47 29 52 18 53 24 54 30 55 25 4 40 26 41 14 42 26 43 12 4 56 27 57 17 58 30 59 15
5 4 0 24 1 24 2 11 3 28 40 4 22 5 27 6 11 7 14 8 15 9 30 10 16 11 10 12 14 13 20 14 28 15 26 16 14 17 23 18 29 19 13 20 18 21 29 22 26 23 26 24 13 25 17 26 21 27 24 28 10 29 29 30 13 31 27 36 25 37 22 38 30 39 25 48 23 49 19 50 25 51 19 52 26 53 17 54 25 55 12 52 4 23 5 19 6 28 7 20 8 24 9 11 10 11 11 27 12 23 13 29 14 15 15 29 16 23 17 17 18 22 19 13 20 15 21 18 22 26 23 20 24 13 25 17 26 12 27 15 28 13 29 19 30 29 31 28 32 21 33 26 34 18 35 30 36 23 37 18 38 14 39 26 40 20 41 12 42 17 43 22 44 26 45 21 46 19 47 29 48 21 49 19 50 19 51 26 52 24 53 10 54 22 55 25 44 8 26 9 14 10 18 11 30 12 11 13 13 14 24 15 22 20 30 21 26 22 16 23 25 24 15 25 30 26 24 27 26 28 27 29 11 30 11 31 18 32 23 33 14 34 23 35 23 36 27 37 21 38 25 39 10 40 22 41 20 42 26 43 27 44 26 45 24 46 19 47 16 48 22 49 30 50 10 51 13 52 18 53 19 54 15 55 23 4 56 29 57 11 58 11 59 21
5 4 0 14 1 11 2 30 3 21 32 16 12 17 11 18 19 19 16 20 17 21 23 22 30 23 14 28 21 29 22 30 30 31 20 32 29 33 28 34 11 35 16 36 24 37 20 38 13 39 26 40 30 41 23 42 16 43 16 48 22 49 19 50 15 51 22 52 15 53 25 54 27 55 13 28 4 26 5 25 6 18 7 30 8 25 9 16 10 21 11 19 16 25 17 11 18 23 19 24 20 24 21 14 22 11 23 29 28 29 29 27 30 11 31 24 44 17 45 30 46 26 47 28 48 29 49 11 50 11 51 15 48 4 15 5 23 6 16 7 11 8 11 9 21 10 29 11 17 12 10 13 27 14 25 15 26 16 29 17 13 18 10 19 27 20 14 21 24 22 17 23 11 24 20 25 17 26 19 27 29 28 10 29 14 30 16 31 11 32 28 33 15 34 28 35 23 36 19 37 15 38 27 39 30 40 21 41 25 42 28 43 14 48 29 49 26 50 26 51 13 52 12 53 19 54 28 55 16 4 56 22 57 23 58 18 59 12
5 4 0 23 1 20 2 13 3 20 32 4 21 5 16 6 27 7 20 12 22 13 21 14 24 15 27 16 20 17 13 18 20 19 11 28 10 29 17 30 30 31 24 36 30 37 18 38 27 39 11 44 27 45 20 46 14 47 20 48 27 49 26 50 18 51 26 52 20 53 20 54 11 55 23 52 4 30 5 16 6 19 7 23 8 14 9 29 10 28 11 28 12 21 13 17 14 17 15 15 16 15 17 27 18 11 19 22 20 20 21 17 22 24 23 10 24 26 25 28 26 25 27 10 28 14 29 14 30 28 31 13 32 18 33 30 34 17 35 11 36 24 37 27 38 27 39 23 40 23 41 18 42 26 43 27 44 25 45 14 46 15 47 27 48 27 49 15 50 21 51 15 52 24 53 26 54 30 55 14 36 12 13 13 10 14 23 15 18 16 29 17 15 18 11 19 20 24 22 25 28 26 17 27 15 32 23 33 29 34 13 35 15 36 27 37 15 38 27 39 27 40 27 41 11 42 23 43 16 44 24 45 23 46 24 47 29 48 30 49 25 50 28 51 14 52 26 53 14 54 30 55 26 4 56 29 57 27 58 20 59 20
5 4 0 26 1 11 2 15 3 13 48 4 14 5 12 6 17 7 28 8 17 9 24 10 15 11 27 12 29 13 18 14 27 15 25 16 23 17 22 18 18 19 26 20 27 21 11 22 13 23 17 24 30 25 19 26 14 27 15 28 23 29 25 30 22 31 17 32 19 33 15 34 14 35 12 36 23 37 18 38 29 39 14 40 29 41 21 42 24 43 18 44 18 45 27 46 19 47 20 52 29 53 16 54 16 55 20 28 4 23 5 23 6 19 7 19 8 26 9 26 10 17 11 12 16 28 17 18 18 20 19 30 24 17 25 17 26 28 27 22 28 23 29 12 30 16 31 28 32 12 33 21 34 26 35 21 44 11 45 13 46 22 47 30 48 4 20 5 22 6 26 7 26 8 11 9 29 10 11 11 16 12 30 13 11 14 16 15 11 16 11 17 10 18 27 19 16 20 12 21 14 22 28 23 27 24 22 25 29 26 23 27 10 28 24 29 18 30 12 31 20 32 15 33 13 34 14 35 20 36 15 37 28 38 20 39 29 44 21 45 22 46 13 47 16 48 30 49 14 50 12 51 20 52 27 53 10 54 20 55 29 4 56 17 57 14 58 13 59 18
5 4 0 26 1 25 2 29 3 16 36 8 23 9 19 10 24 11 16 12 27 13 13 14 18 15 14 16 25 17 21 18 21 19 22 24 12 25 11 26 19 27 26 28 30 29 20 30 19 31 18 36 15 37 18 38 26 39 19 40 23 41 28 42 15 43 11 44 27 45 23 46 28 47 12 48 22 49 20 50 23 51 22 8 8 12 9 22 10 21 11 22 28 14 29 17 30 11 31 15 44 8 23 9 30 10 22 11 12 12 20 13 15 14 27 15 26 16 11 17 14 18 20 19 29 20 20 21 27 22 17 23 16 24 11 25 11 26 23 27 14 28 20 29 27 30 11 31 28 32 26 33 11 34 18 35 27 36 24 37 16 38 27 39 17 40 17 41 16 42 10 43 14 44 16 45 23 46 15 47 25 52 24 53 16 54 14 55 20 4 56 21 57 28 58 13 59 11
5 4 0 21 1 25 2 29 3 21 28 4 19 5 15 6 23 7 21 8 21 9 24 10 28 11 28 12 13 13 12 14 13 15 26 16 18 17 28 18 25 19 25 20 20 21 14 22 13 23 17 32 25 33 17 34 14 35 29 44 19 45 28 46 27 47 23 4 24 19 25 24 26 28 27 16 48 4 25 5 21 6 25 7 13 8 18 9 14 10 26 11 29 12 27 13 23 14 13 15 25 16 27 17 12 18 27 19 21 20 28 21 29 22 20 23 22 24 30 25 15 26 25 27 15 28 21 29 30 30 17 31 11 32 24 33 20 34 26 35 21 36 23 37 22 38 10 39 20 40 17 41 28 42 29 43 25 44 20 45 25 46 26 47 29 48 15 49 28 50 29 51 27 4 56 22 57 17 58 18 59 23
5 4 0 12 1 28 2 30 3 11 20 4 22 5 17 6 12 7 16 28 29 29 23 30 24 31 22 32 15 33 24 34 27 35 23 44 18 45 23 46 21 47 24 52 20 53 11 54 18 55 29 8 12 21 13 22 14 29 15 13 40 19 41 19 42 22 43 15 28 8 24 9 13 10 16 11 29 12 13 13 15 14 14 15 18 20 20 21 14 22 20 23 12 24 28 25 26 26 10 27 27 32 26 33 11 34 18 35 19 36 15 37 12 38 14 39 18 48 28 49 23 50 27 51 25 4 56 29 57 20 58 10 59 20
5 4 0 11 1 18 2 14 3 17 36 12 20 13 25 14 15 15 25 20 15 21 28 22 10 23 14 24 28 25 20 26 14 27 10 32 12 33 19 34 15 35 18 36 20 37 16 38 17 39 15 40 18 41 14 42 22 43 26 44 23 45 27 46 20 47 23 48 16 49 12 50 14 51 15 52 30 53 18 54 12 55 18 4 4 30 5 29 6 22 7 13 28 4 19 5 27 6 14 7 13 24 29 25 28 26 15 27 16 28 12 29 30 30 29 31 10 32 29 33 11 34 30 35 11 40 30 41 22 42 10 43 23 44 13 45 23 46 18 47 11 48 23 49 15 50 14 51 20 4 56 30 57 25 58 18 59 28
5 4 0 10 1 23 2 27 3 18 24 8 15 9 14 10 20 11 15 16 25 17 15 18 17 19 11 24 14 25 18 26 20 27 18 28 20 29 23 30 14 31 16 32 23 33 14 34 14 35 15 40 29 41 23 42 13 43 24 36 8 12 9 20 10 12 11 13 12 29 13 19 14 13 15 16 16 26 17 14 18 13 19 24 20 17 21 19 22 22 23 13 28 25 29 29 30 28 31 27 40 22 41 19 42 17 43 22 44 22 45 22 46 12 47 11 48 11 49 15 50 23 51 26 52 18 53 30 54 11 55 23 32 8 17 9 26 10 14 11 12 12 23 13 28 14 26 15 22 16 18 17 19 18 16 19 28 24 18 25 12 26 17 27 30 28 30 29 16 30 17 31 14 32 21 33 19 34 23 35 28 40 17 41 28 42 10 43 23 44 29 45 22 46 30 47 13 4 56 17 57 30 58 13 59 25
5 4 0 20 1 18 2 12 3 19 16 12 27 13 17 14 18 15 11 24 18 25 30 26 17 27 17 28 24 29 30 30 15 31 22 48 24 49 28 50 16 51 24 52 4 13 5 30 6 17 7 26 8 23 9 30 10 12 11 13 12 10 13 11 14 16 15 17 16 21 17 11 18 18 19 22 20 19 21 17 22 11 23 17 24 16 25 19 26 28 27 15 28 29 29 12 30 27 31 24 32 10 33 15 34 18 35 20 36 14 37 12 38 24 39 11 40 18 41 19 42 18 43 10 44 24 45 14 46 12 47 28 48 10 49 13 50 24 51 12 52 13 53 13 54 25 55 13 16 12 26 13 28 14 26 15 28 20 17 21 12 22 20 23 22 40 29 41 21 42 19 43 10 44 24 45 13 46 15 47 12 4 56 18 57 12 58 14 59 11
5 4 0 14 1 28 2 11 3 14 24 16 13 17 23 18 30 19 23 20 15 21 24 22 25 23 21 24 18 25 22 26 16 27 19 32 20 33 25 34 27 35 15 40 18 41 17 42 15 43 12 44 30 45 22 46 21 47 11 16 8 24 9 17 10 11 11 30 12 29 13 26 14 18 15 12 24 10 25 14 26 16 27 17 40 17 41 23 42 22 43 19 20 4 22 5 29 6 16 7 18 12 18 13 29 14 30 15 28 20 12 21 24 22 18 23 23 32 27 33 24 34 30 35 14 40 30 41 18 42 21 43 19 4 56 12 57 12 58 16 59 18
5 4 0 14 1 21 2 17 3 26 16 4 24 5 15 6 13 7 22 28 28 29 29 30 24 31 26 40 18 41 12 42 15 43 10 52 23 53 11 54 17 55 27 28 4 13 5 24 6 18 7 11 8 26 9 30 10 21 11 10 36 27 37 19 38 29 39 20 40 13 41 16 42 22 43 17 44 10 45 17 46 27 47 24 48 10 49 23 50 30 51 17 52 24 53 16 54 18 55 10 28 4 20 5 24 6 27 7 29 8 18 9 19 10 22 11 13 12 11 13 24 14 27 15 16 24 13 25 14 26 19 27 19 28 27 29 28 30 11 31 17 44 28 45 30 46 17 47 14 48 22 49 10 50 19 51 10 4 56 28 57 18 58 19 59 23
5 4 0 22 1 26 2 23 3 14 20 4 27 5 16 6 17 7 14 8 29 9 29 10 18 11 29 12 17 13 12 14 11 15 30 40 14 41 18 42 20 43 23 52 15 53 16 54 13 55 10 36 4 28 5 28 6 13 7 26 12 14 13 11 14 18 15 12 16 25 17 28 18 17 19 27 20 18 21 27 22 13 23 22 28 13 29 11 30 20 31 17 40 10 41 30 42 18 43 22 44 26 45 23 46 27 47 19 48 16 49 28 50 13 51 27 52 23 53 16 54 23 55 26 32 4 25 5 27 6 30 7 15 8 30 9 22 10 12 11 16 12 23 13 30 14 21 15 15 28 11 29 14 30 26 31 30 32 13 33 23 34 22 35 21 40 29 41 24 42 18 43 16 48 10 49 26 50 21 51 15 52 21 53 18 54 28 55 18 4 56 18 57 21 58 21 59 29
5 4 0 11 1 17 2 12 3 17 28 8 17 9 29 10 18 11 16 16 10 17 16 18 13 19 15 28 16 29 22 30 15 31 20 32 13 33 21 34 27 35 24 44 28 45 15 46 20 47 22 48 24 49 24 50 15 51 24 52 14 53 23 54 28 55 21 36 8 23 9 18 10 21 11 24 16 12 17 17 18 18 19 11 24 27 25 17 26 16 27 21 32 18 33 19 34 23 35 12 36 28 37 22 38 16 39 16 40 27 41 13 42 15 43 25 44 17 45 29 46 17 47 28 48 18 49 16 50 17 51 29 52 24 53 19 54 16 55 13 24 20 13 21 17 22 27 23 30 24 22 25 24 26 20 27 22 32 24 33 22 34 20 35 12 44 26 45 18 46 12 47 19 48 27 49 12 50 26 51 10 52 13 53 15 54 29 55 29 4 56 12 57 28 58 24 59 16
5 4 0 29 1 27 2 26 3 24 40 4 11 5 18 6 15 7 30 8 16 9 18 10 15 11 13 16 10 17 29 18 15 19 16 20 28 21 29 22 15 23 22 24 28 25 30 26 18 27 24 28 25 29 19 30 12 31 20 32 12 33 20 34 19 35 12 36 14 37 10 38 13 39 28 48 30 49 25 50 23 51 15 52 21 53 24 54 27 55 17 24 4 21 5 25 6 20 7 21 12 29 13 10 14 19 15 14 20 23 21 19 22 12 23 11 28 29 29 24 30 14 31 14 40 17 41 18 42 25 43 22 44 23 45 10 46 27 47 27 48 4 24 5 27 6 12 7 16 8 22 9 26 10 17 11 18 12 17 13 10 14 21 15 22 16 11 17 27 18 19 19 13 20 30 21 27 22 16 23 28 24 24 25 24 26 27 27 12 28 12 29 15 30 29 31 29 32 14 33 15 34 21 35 19 36 25 37 29 38 30 39 16 40 16 41 12 42 18 43 19 48 24 49 21 50 17 51 14 52 13 53 15 54 10 55 27 4 56 13 57 28 58 11 59 23
5 4 0 29 1 21 2 14 3 25 24 4 30 5 26 6 20 7 15 8 24 9 13 10 11 11 25 12 16 13 30 14 22 15 10 24 10 25 28 26 15 27 16 32 25 33 20 34 18 35 14 36 15 37 28 38 11 39 15 4 8 10 9 12 10 28 11 11 48 4 30 5 30 6 29 7 26 8 21 9 20 10 27 11 13 12 24 13 25 14 24 15 11 16 30 17 21 18 27 19 24 20 28 21 25 22 19 23 11 24 17 25 18 26 12 27 14 28 27 29 28 30 29 31 11 32 28 33 22 34 20 35 22 40 10 41 13 42 30 43 14 44 18 45 19 46 29 47 20 48 26 49 20 50 26 51 15 52 20 53 21 54 28 55 29 4 56 30 57 21 58 11 59 19
5 4 0 27 1 22 2 17 3 12 40 8 29 9 11 10 19 11 24 12 13 13 15 14 15 15 13 16 14 17 14 18 15 19 25 24 18 25 25 26 13 27 15 28 25 29 28 30 15 31 22 32 30 33 18 34 21 35 22 36 30 37 14 38 24 39 15 40 29 41 23 42 27 43 11 44 11 45 11 46 16 47 20 48 20 49 29 50 30 51 18 4 36 26 37 13 38 17 39 13 16 16 10 17 20 18 17 19 20 24 10 25 27 26 18 27 30 44 21 45 26 46 28 47 22 48 28 49 18 50 10 51 29 4 56 23 57 15 58 20 59 30
