100 40
5 4 0 21 1 19 2 19 3 15 8 12 19 13 10 14 20 15 16 28 22 29 29 30 29 31 30 28 4 16 5 11 6 30 7 10 8 16 9 23 10 29 11 30 16 28 17 20 18 21 19 14 20 11 21 11 22 30 23 15 24 21 25 20 26 10 27 22 28 14 29 16 30 18 31 15 32 12 33 11 34 13 35 17 28 4 12 5 14 6 22 7 21 12 22 13 23 14 23 15 20 16 30 17 14 18 15 19 13 20 28 21 11 22 18 23 21 24 12 25 17 26 10 27 12 28 10 29 16 30 11 31 13 32 12 33 28 34 19 35 17 4 36 16 37 19 38 18 39 27
5 4 0 27 1 29 2 14 3 24 8 24 12 25 16 26 19 27 27 28 21 29 10 30 17 31 11 24 4 17 5 20 6 17 7 25 12 10 13 18 14 10 15 29 16 10 17 23 18 25 19 22 20 18 21 12 22 11 23 11 28 23 29 19 30 17 31 20 32 10 33 10 34 27 35 29 24 4 29 5 13 6 23 7 28 8 10 9 21 10 25 11 21 12 30 13 17 14 15 15 26 16 26 17 28 18 13 19 14 24 13 25 14 26 28 27 13 32 30 33 26 34 22 35 13 4 36 14 37 12 38 21 39 17
5 4 0 15 1 13 2 23 3 25 4 20 29 21 28 22 23 23 18 4 8 14 9 14 10 15 11 20 20 4 26 5 22 6 28 7 22 8 29 9 12 10 18 11 27 20 28 21 16 22 26 23 30 24 28 25 13 26 11 27 15 32 16 33 30 34 16 35 14 4 36 19 37 26 38 11 39 20
5 4 0 19 1 22 2 12 3 23 32 4 10 5 28 6 28 7 20 8 15 9 11 10 18 11 25 12 23 13 12 14 18 15 26 16 17 17 24 18 25 19 11 20 30 21 18 22 22 23 13 24 24 25 13 26 11 27 22 28 20 29 26 30 23 31 18 32 16 33 10 34 26 35 29 24 4 22 5 21 6 19 7 14 8 21 9 10 10 20 11 27 16 25 17 21 18 28 19 14 24 20 25 19 26 27 27 23 28 12 29 21 30 15 31 21 32 16 33 28 34 10 35 21 4 20 13 21 12 22 12 23 25 4 36 26 37 29 38 23 39 10
5 4 0 10 1 19 2 30 3 10 12 20 27 21 11 22 13 23 20 24 14 25 21 26 11 27 29 28 20 29 11 30 25 31 26 12 8 16 9 27 10 25 11 27 24 20 25 20 26 23 27 28 32 18 33 28 34 19 35 27 28 4 23 5 27 6 26 7 26 8 20 9 12 10 26 11 21 12 19 13 15 14 20 15 11 16 11 17 28 18 20 19 30 24 18 25 25 26 17 27 14 28 27 29 23 30 24 31 16 32 28 33 12 34 24 35 19 4 36 15 37 23 38 28 39 28
5 4 0 19 1 10 2 19 3 19 12 16 23 17 29 18 20 19 17 20 10 21 15 22 14 23 11 32 15 33 22 34 17 35 23 8 4 16 5 28 6 29 7 10 16 12 17 25 18 16 19 26 24 4 18 5 13 6 18 7 24 8 22 9 29 10 16 11 13 12 18 13 15 14 24 15 27 16 10 17 26 18 16 19 19 20 23 21 17 22 29 23 17 32 11 33 11 34 30 35 28 4 36 12 37 25 38 16 39 26
5 4 0 24 1 23 2 25 3 22 24 8 13 9 23 10 24 11 28 12 11 13 25 14 23 15 30 20 11 21 20 22 21 23 17 24 12 25 25 26 23 27 18 28 15 29 27 30 10 31 21 32 19 33 28 34 25 35 29 12 8 26 9 13 10 29 11 27 28 25 29 21 30 18 31 25 32 30 33 14 34 21 35 13 8 24 29 25 20 26 12 27 10 32 12 33 16 34 30 35 30 4 36 19 37 22 38 24 39 21
5 4 0 28 1 26 2 23 3 12 32 4 20 5 21 6 15 7 19 8 14 9 23 10 28 11 24 12 25 13 30 14 22 15 23 16 25 17 18 18 21 19 23 20 25 21 14 22 18 23 28 24 17 25 11 26 30 27 12 28 18 29 23 30 12 31 28 32 16 33 19 34 22 35 14 8 8 23 9 30 10 17 11 23 20 11 21 13 22 28 23 23 20 4 23 5 29 6 30 7 11 20 24 21 29 22 25 23 25 24 19 25 10 26 28 27 23 28 18 29 25 30 30 31 20 32 12 33 22 34 10 35 15 4 36 29 37 28 38 23 39 12
5 4 0 28 1 29 2 14 3 30 20 4 25 5 23 6 21 7 10 12 18 13 28 14 10 15 29 16 15 17 22 18 29 19 12 24 21 25 25 26 28 27 23 32 30 33 22 34 20 35 25 8 20 28 21 17 22 16 23 12 32 30 33 10 34 21 35 26 28 4 15 5 22 6 18 7 24 8 28 9 18 10 21 11 30 12 24 13 24 14 17 15 24 16 11 17 27 18 29 19 23 24 17 25 13 26 27 27 19 28 29 29 17 30 19 31 16 32 27 33 23 34 29 35 12 4 36 22 37 24 38 25 39 17
5 4 0 27 1 24 2 22 3 23 28 4 28 5 15 6 16 7 25 8 29 9 18 10 16 11 20 12 19 13 15 14 26 15 13 20 12 21 15 22 24 23 18 24 10 25 26 26 16 27 17 28 28 29 30 30 29 31 15 32 20 33 22 34 21 35 13 12 16 13 17 28 18 17 19 25 24 21 25 23 26 12 27 15 28 18 29 20 30 21 31 20 16 8 29 9 19 10 25 11 22 16 27 17 27 18 29 19 26 20 14 21 14 22 13 23 25 32 19 33 18 34 28 35 19 4 36 11 37 12 38 10 39 18
5 4 0 30 1 24 2 12 3 26 12 4 21 5 20 6 10 7 19 8 17 9 22 10 28 11 12 24 28 25 11 26 27 27 23 12 24 16 25 11 26 28 27 19 28 24 29 10 30 19 31 10 32 16 33 23 34 22 35 13 12 8 22 9 13 10 10 11 15 20 29 21 13 22 23 23 17 28 26 29 18 30 15 31 14 4 36 27 37 18 38 21 39 11
5 4 0 24 1 10 2 21 3 14 4 12 19 13 15 14 22 15 20 16 8 13 9 14 10 28 11 29 12 22 13 12 14 30 15 17 16 23 17 22 18 27 19 19 28 10 29 15 30 12 31 18 4 32 24 33 21 34 24 35 10 4 36 15 37 25 38 14 39 24
5 4 0 17 1 19 2 26 3 29 32 4 22 5 23 6 29 7 29 8 19 9 12 10 25 11 29 12 25 13 24 14 20 15 28 16 15 17 29 18 26 19 17 20 12 21 11 22 20 23 16 24 25 25 16 26 12 27 29 28 17 29 10 30 17 31 13 32 26 33 11 34 24 35 15 8 16 22 17 24 18 30 19 11 20 10 21 27 22 10 23 21 4 20 14 21 15 22 28 23 28 4 36 19 37 19 38 25 39 20
5 4 0 28 1 25 2 15 3 23 32 4 27 5 19 6 14 7 16 8 29 9 25 10 23 11 30 12 12 13 11 14 15 15 30 16 29 17 20 18 29 19 18 20 12 21 28 22 30 23 11 24 14 25 20 26 12 27 12 28 20 29 17 30 16 31 15 32 14 33 28 34 28 35 12 32 4 25 5 14 6 16 7 27 8 12 9 27 10 27 11 28 12 14 13 26 14 28 15 14 16 22 17 18 18 28 19 29 20 10 21 15 22 18 23 25 24 22 25 29 26 16 27 18 28 26 29 12 30 23 31 29 32 24 33 21 34 15 35 20 16 4 28 5 21 6 13 7 27 8 21 9 18 10 18 11 16 20 30 21 29 22 14 23 21 32 20 33 12 34 25 35 29 4 36 17 37 28 38 17 39 28
5 4 0 10 1 29 2 13 3 24 12 8 13 9 11 10 29 11 11 16 10 17 13 18 14 19 13 24 25 25 27 26 22 27 25 8 8 19 9 21 10 12 11 13 20 25 21 14 22 19 23 17 20 8 27 9 15 10 28 11 15 20 20 21 26 22 14 23 10 24 24 25 29 26 15 27 12 28 27 29 13 30 21 31 10 32 17 33 23 34 20 35 21 4 36 13 37 25 38 10 39 18
5 4 0 21 1 16 2 22 3 30 8 4 20 5 11 6 27 7 10 24 27 25 24 26 13 27 19 12 12 24 13 29 14 11 15 12 16 23 17 19 18 29 19 22 24 18 25 13 26 17 27 17 24 8 10 9 16 10 30 11 24 12 24 13 11 14 18 15 24 16 23 17 14 18 13 19 28 20 27 21 24 22 15 23 22 24 30 25 27 26 26 27 28 32 13 33 21 34 15 35 13 4 36 11 37 30 38 19 39 29
5 4 0 19 1 26 2 14 3 16 12 8 21 9 17 10 20 11 11 16 12 17 10 18 18 19 20 20 19 21 26 22 15 23 13 16 4 25 5 12 6 22 7 16 8 13 9 10 10 10 11 13 16 28 17 27 18 19 19 14 20 10 21 24 22 29 23 13 28 4 10 5 27 6 21 7 21 8 19 9 28 10 17 11 10 12 24 13 14 14 23 15 28 16 24 17 23 18 21 19 12 20 21 21 15 22 14 23 25 24 20 25 10 26 20 27 13 28 13 29 29 30 12 31 25 4 36 24 37 17 38 16 39 18
5 4 0 28 1 19 2 19 3 21 28 4 22 5 10 6 10 7 29 12 18 13 20 14 15 15 22 16 20 17 11 18 17 19 14 20 15 21 14 22 20 23 13 24 11 25 27 26 22 27 23 28 19 29 18 30 22 31 20 32 12 33 30 34 11 35 19 24 4 12 5 30 6 18 7 24 8 13 9 17 10 17 11 29 16 11 17 25 18 11 19 22 20 12 21 16 22 30 23 28 24 16 25 20 26 15 27 24 32 24 33 14 34 18 35 27 28 4 16 5 28 6 20 7 29 12 22 13 14 14 15 15 30 16 22 17 23 18 22 19 24 20 16 21 24 22 28 23 27 24 11 25 30 26 12 27 22 28 26 29 15 30 14 31 19 32 14 33 17 34 14 35 16 4 36 20 37 27 38 14 39 18
5 4 0 30 1 10 2 11 3 17 32 4 17 5 13 6 19 7 25 8 27 9 22 10 16 11 19 12 11 13 11 14 30 15 24 16 11 17 12 18 30 19 25 20 14 21 15 22 14 23 18 24 29 25 22 26 23 27 15 28 25 29 20 30 14 31 16 32 22 33 30 34 19 35 16 16 4 29 5 12 6 11 7 25 12 19 13 20 14 16 15 30 20 15 21 21 22 21 23 13 32 11 33 30 34 21 35 27 12 20 10 21 19 22 27 23 21 24 30 25 23 26 18 27 24 32 13 33 25 34 20 35 27 4 36 11 37 22 38 25 39 11
5 4 0 24 1 27 2 18 3 19 12 8 27 9 15 10 11 11 23 16 21 17 22 18 10 19 18 28 20 29 13 30 20 31 26 20 16 25 17 18 18 18 19 20 20 19 21 10 22 15 23 29 24 14 25 12 26 14 27 22 28 27 29 26 30 25 31 20 32 17 33 29 34 17 35 28 4 32 20 33 23 34 15 35 14 4 36 24 37 22 38 21 39 15
5 4 0 13 1 14 2 18 3 12 28 8 24 9 26 10 28 11 23 12 18 13 26 14 22 15 21 16 13 17 11 18 10 19 15 20 14 21 10 22 14 23 24 24 23 25 24 26 23 27 18 28 27 29 13 30 28 31 28 32 27 33 26 34 16 35 28 20 4 12 5 30 6 24 7 29 12 18 13 18 14 14 15 17 20 21 21 11 22 18 23 28 24 30 25 11 26 20 27 15 28 15 29 24 30 13 31 23 16 12 15 13 11 14 14 15 25 20 30 21 15 22 11 23 15 24 26 25 14 26 18 27 12 28 16 29 13 30 17 31 16 4 36 17 37 11 38 20 39 26
5 4 0 25 1 21 2 14 3 28 4 16 30 17 28 18 14 19 15 12 12 11 13 17 14 19 15 21 16 23 17 29 18 21 19 19 20 24 21 11 22 28 23 30 20 8 10 9 26 10 29 11 22 12 26 13 16 14 10 15 11 20 22 21 19 22 11 23 25 24 23 25 13 26 10 27 14 28 22 29 16 30 12 31 28 4 36 18 37 11 38 15 39 22
5 4 0 25 1 28 2 16 3 17 4 8 17 9 24 10 18 11 25 8 12 29 13 10 14 20 15 16 28 26 29 21 30 15 31 22 4 8 29 9 10 10 12 11 17 4 36 14 37 29 38 13 39 27
5 4 0 24 1 25 2 23 3 23 8 4 25 5 24 6 24 7 23 24 14 25 26 26 24 27 10 32 4 23 5 10 6 18 7 13 8 14 9 16 10 29 11 28 12 19 13 25 14 25 15 23 16 12 17 11 18 20 19 13 20 28 21 12 22 10 23 30 24 27 25 14 26 17 27 30 28 16 29 11 30 19 31 30 32 29 33 10 34 17 35 13 20 4 13 5 12 6 13 7 12 12 27 13 20 14 23 15 23 16 14 17 15 18 16 19 13 24 27 25 16 26 27 27 12 28 23 29 12 30 25 31 17 4 36 10 37 29 38 12 39 19
5 4 0 19 1 29 2 16 3 28 16 4 23 5 12 6 19 7 14 8 19 9 29 10 22 11 17 16 15 17 25 18 28 19 26 20 29 21 23 22 26 23 20 16 8 28 9 22 10 12 11 23 16 13 17 25 18 29 19 29 24 25 25 17 26 16 27 13 28 10 29 22 30 29 31 26 4 12 30 13 20 14 24 15 17 4 36 18 37 21 38 20 39 29
5 4 0 29 1 28 2 10 3 22 16 4 30 5 30 6 11 7 13 8 20 9 24 10 24 11 16 16 16 17 25 18 11 19 21 32 14 33 15 34 14 35 16 20 8 20 9 14 10 10 11 29 16 27 17 30 18 30 19 24 20 29 21 11 22 14 23 19 24 25 25 14 26 27 27 13 28 24 29 11 30 28 31 28 4 24 14 25 14 26 25 27 13 4 36 18 37 21 38 18 39 12
5 4 0 11 1 20 2 22 3 14 28 4 22 5 18 6 18 7 29 8 29 9 24 10 11 11 23 12 25 13 13 14 19 15 23 16 26 17 14 18 11 19 28 20 15 21 27 22 15 23 17 24 13 25 15 26 26 27 23 32 19 33 29 34 17 35 12 28 8 23 9 25 10 19 11 22 12 11 13 16 14 23 15 20 16 20 17 23 18 23 19 22 20 13 21 23 22 12 23 17 24 10 25 21 26 27 27 19 28 25 29 14 30 15 31 25 32 12 33 13 34 12 35 17 20 4 12 5 26 6 11 7 19 12 15 13 22 14 26 15 23 20 13 21 22 22 15 23 18 24 20 25 12 26 14 27 28 28 27 29 19 30 27 31 12 4 36 27 37 12 38 23 39 25
5 4 0 16 1 18 2 12 3 18 28 4 28 5 20 6 10 7 22 8 17 9 24 10 17 11 13 12 25 13 26 14 19 15 19 16 29 17 11 18 22 19 14 20 26 21 23 22 11 23 10 24 10 25 28 26 30 27 27 28 27 29 17 30 24 31 12 8 4 14 5 21 6 22 7 19 8 30 9 20 10 17 11 18 24 4 15 5 14 6 16 7 28 8 26 9 20 10 24 11 30 16 29 17 19 18 24 19 14 20 12 21 20 22 14 23 13 28 26 29 20 30 16 31 24 32 13 33 21 34 14 35 18 4 36 18 37 24 38 16 39 20
5 4 0 10 1 10 2 12 3 30 24 4 22 5 21 6 29 7 28 8 22 9 25 10 27 11 26 16 19 17 21 18 19 19 14 24 20 25 16 26 28 27 13 28 10 29 14 30 19 31 14 32 23 33 23 34 19 35 22 28 4 24 5 16 6 25 7 24 8 13 9 22 10 20 11 11 12 18 13 11 14 16 15 25 16 28 17 30 18 16 19 15 20 26 21 20 22 13 23 27 24 18 25 10 26 26 27 19 28 25 29 25 30 20 31 25 32 4 20 5 22 6 24 7 25 8 28 9 25 10 25 11 21 12 21 13 28 14 14 15 20 16 17 17 10 18 16 19 28 20 14 21 27 22 13 23 14 24 14 25 29 26 12 27 30 28 17 29 30 30 17 31 28 32 20 33 28 34 24 35 10 4 36 23 37 19 38 24 39 29
5 4 0 12 1 29 2 29 3 16 28 4 18 5 13 6 13 7 16 8 16 9 18 10 17 11 27 12 26 13 30 14 14 15 10 16 18 17 12 18 18 19 17 24 24 25 20 26 11 27 11 28 20 29 24 30 18 31 12 32 19 33 11 34 12 35 11 8 16 18 17 13 18 17 19 29 28 15 29 30 30 18 31 14 28 4 30 5 10 6 27 7 18 8 18 9 16 10 24 11 24 12 14 13 10 14 10 15 27 16 27 17 17 18 28 19 14 20 19 21 19 22 15 23 22 24 15 25 11 26 28 27 10 28 20 29 28 30 12 31 17 4 36 27 37 25 38 10 39 14
5 4 0 16 1 22 2 10 3 18 24 4 14 5 27 6 30 7 27 8 18 9 22 10 25 11 18 16 10 17 27 18 11 19 23 20 22 21 12 22 12 23 25 24 11 25 28 26 12 27 17 28 25 29 26 30 22 31 16 28 4 24 5 10 6 27 7 11 8 13 9 30 10 25 11 29 12 24 13 15 14 11 15 12 16 17 17 24 18 24 19 24 20 22 21 11 22 29 23 18 24 23 25 21 26 29 27 22 28 24 29 13 30 29 31 11 16 20 22 21 27 22 20 23 21 24 21 25 22 26 12 27 24 28 12 29 17 30 20 31 25 32 24 33 13 34 28 35 25 4 36 17 37 12 38 17 39 21
5 4 0 20 1 17 2 23 3 13 28 4 11 5 14 6 19 7 23 8 24 9 26 10 10 11 11 12 23 13 26 14 10 15 18 16 27 17 10 18 13 19 21 24 17 25 24 26 17 27 21 28 29 29 10 30 19 31 17 32 23 33 18 34 21 35 12 28 4 17 5 12 6 24 7 13 8 29 9 27 10 14 11 15 12 12 13 22 14 27 15 28 20 14 21 30 22 17 23 23 24 21 25 18 26 24 27 30 28 18 29 17 30 24 31 26 32 19 33 15 34 21 35 16 12 12 20 13 19 14 29 15 10 16 11 17 18 18 18 19 10 20 13 21 26 22 25 23 15 4 36 24 37 15 38 17 39 11
5 4 0 27 1 15 2 19 3 10 12 4 22 5 19 6 10 7 27 12 20 13 20 14 16 15 18 16 26 17 24 18 19 19 19 32 4 28 5 28 6 22 7 23 8 24 9 22 10 19 11 20 12 10 13 10 14 20 15 25 16 18 17 14 18 28 19 25 20 21 21 19 22 26 23 12 24 13 25 25 26 18 27 16 28 19 29 24 30 26 31 11 32 28 33 29 34 10 35 13 12 4 29 5 11 6 25 7 24 12 21 13 17 14 17 15 15 28 17 29 17 30 21 31 23 4 36 15 37 16 38 29 39 15
5 4 0 25 1 28 2 25 3 23 4 20 13 21 30 22 22 23 11 24 4 11 5 27 6 23 7 27 8 22 9 30 10 18 11 20 12 16 13 28 14 20 15 18 20 20 21 18 22 22 23 11 24 22 25 23 26 14 27 13 28 14 29 16 30 14 31 30 24 4 21 5 15 6 15 7 22 8 27 9 19 10 20 11 21 12 10 13 16 14 30 15 14 16 25 17 26 18 23 19 30 24 24 25 25 26 24 27 17 32 30 33 21 34 19 35 27 4 36 22 37 22 38 11 39 29
5 4 0 17 1 11 2 20 3 16 24 4 19 5 17 6 20 7 11 8 18 9 22 10 20 11 10 12 19 13 24 14 14 15 22 20 24 21 17 22 25 23 15 28 14 29 19 30 24 31 29 32 26 33 30 34 18 35 10 16 4 26 5 25 6 19 7 20 8 20 9 28 10 24 11 19 12 11 13 22 14 27 15 21 32 16 33 25 34 12 35 26 24 4 18 5 30 6 10 7 19 12 12 13 28 14 27 15 17 16 30 17 19 18 25 19 27 20 28 21 15 22 25 23 28 24 14 25 28 26 13 27 19 32 29 33 12 34 21 35 14 4 36 15 37 17 38 29 39 17
5 4 0 25 1 17 2 22 3 29 4 24 24 25 25 26 22 27 28 16 4 14 5 12 6 10 7 17 16 28 17 24 18 25 19 30 20 21 21 30 22 15 23 21 24 26 25 14 26 12 27 21 28 4 10 5 23 6 22 7 15 8 17 9 28 10 11 11 11 16 22 17 25 18 30 19 11 20 18 21 15 22 12 23 12 24 28 25 24 26 27 27 22 28 21 29 20 30 21 31 26 32 13 33 16 34 28 35 30 4 36 23 37 18 38 23 39 30
5 4 0 17 1 19 2 26 3 24 12 8 15 9 13 10 17 11 15 16 23 17 25 18 29 19 17 32 26 33 26 34 25 35 15 28 8 23 9 14 10 22 11 25 12 17 13 27 14 23 15 11 16 10 17 30 18 20 19 20 20 29 21 28 22 22 23 24 24 15 25 15 26 10 27 13 28 23 29 26 30 13 31 13 32 27 33 13 34 26 35 22 16 4 24 5 25 6 12 7 22 12 29 13 11 14 24 15 16 20 22 21 16 22 26 23 13 24 10 25 17 26 20 27 30 4 36 30 37 26 38 13 39 22
5 4 0 12 1 26 2 20 3 11 8 8 12 9 13 10 16 11 17 28 20 29 30 30 11 31 14 12 4 17 5 18 6 12 7 21 24 22 25 28 26 20 27 26 28 11 29 13 30 15 31 15 8 12 11 13 26 14 27 15 10 24 30 25 15 26 10 27 29 4 36 16 37 26 38 19 39 28
5 4 0 25 1 10 2 15 3 29 32 4 10 5 17 6 12 7 15 8 30 9 24 10 29 11 26 12 28 13 24 14 23 15 18 16 25 17 10 18 29 19 21 20 12 21 27 22 16 23 23 24 16 25 30 26 30 27 19 28 20 29 22 30 10 31 15 32 10 33 25 34 21 35 29 20 8 10 9 23 10 27 11 23 12 28 13 28 14 25 15 11 20 18 21 24 22 26 23 12 24 18 25 21 26 27 27 14 28 14 29 13 30 19 31 20 4 20 13 21 12 22 10 23 26 4 36 12 37 14 38 30 39 21
5 4 0 20 1 28 2 13 3 24 4 4 14 5 13 6 21 7 29 28 4 21 5 13 6 18 7 15 8 11 9 26 10 14 11 28 12 17 13 16 14 10 15 14 16 20 17 15 18 19 19 16 24 26 25 28 26 26 27 17 28 26 29 21 30 27 31 17 32 16 33 25 34 18 35 23 24 8 10 9 19 10 20 11 14 12 22 13 13 14 29 15 30 16 24 17 19 18 30 19 23 20 20 21 12 22 16 23 15 24 19 25 18 26 29 27 29 32 26 33 14 34 23 35 14 4 36 17 37 29 38 21 39 14
5 4 0 24 1 11 2 16 3 27 28 4 20 5 19 6 28 7 23 8 18 9 21 10 25 11 13 12 24 13 30 14 13 15 18 16 23 17 30 18 10 19 29 20 29 21 28 22 12 23 12 28 18 29 28 30 27 31 21 32 13 33 13 34 19 35 21 8 4 27 5 13 6 10 7 24 32 26 33 21 34 17 35 20 12 16 21 17 20 18 27 19 13 24 19 25 14 26 30 27 17 28 14 29 13 30 22 31 17 4 36 12 37 13 38 10 39 25
5 4 0 19 1 30 2 12 3 24 4 24 19 25 14 26 25 27 12 24 4 20 5 24 6 29 7 19 8 19 9 14 10 30 11 13 16 13 17 23 18 20 19 21 20 29 21 27 22 11 23 10 24 20 25 13 26 22 27 22 32 30 33 27 34 27 35 23 16 4 24 5 12 6 24 7 28 12 29 13 16 14 26 15 16 16 25 17 12 18 16 19 23 28 15 29 22 30 22 31 15 4 36 16 37 10 38 26 39 17
5 4 0 29 1 25 2 30 3 11 16 8 19 9 18 10 10 11 17 24 17 25 26 26 12 27 10 28 16 29 25 30 12 31 21 32 28 33 27 34 27 35 30 8 12 15 13 30 14 22 15 10 20 15 21 12 22 16 23 14 32 4 12 5 11 6 15 7 18 8 21 9 10 10 19 11 20 12 21 13 12 14 13 15 27 16 10 17 25 18 18 19 30 20 18 21 11 22 16 23 29 24 19 25 10 26 24 27 21 28 25 29 12 30 25 31 27 32 27 33 25 34 15 35 11 4 36 14 37 24 38 27 39 28
5 4 0 17 1 14 2 24 3 30 32 4 23 5 20 6 10 7 23 8 14 9 22 10 28 11 22 12 21 13 19 14 27 15 17 16 11 17 25 18 15 19 29 20 20 21 12 22 26 23 28 24 11 25 12 26 12 27 16 28 14 29 25 30 21 31 26 32 14 33 18 34 20 35 10 4 4 23 5 11 6 18 7 30 32 4 19 5 10 6 17 7 25 8 16 9 22 10 13 11 24 12 17 13 10 14 23 15 23 16 16 17 16 18 29 19 11 20 29 21 21 22 14 23 17 24 14 25 30 26 22 27 25 28 17 29 23 30 25 31 14 32 17 33 10 34 18 35 25 4 36 14 37 29 38 26 39 22
5 4 0 11 1 26 2 10 3 21 28 4 22 5 10 6 21 7 20 8 22 9 21 10 12 11 16 12 16 13 19 14 28 15 13 16 22 17 19 18 12 19 19 20 19 21 15 22 26 23 30 24 14 25 25 26 14 27 20 28 24 29 23 30 30 31 15 24 8 25 9 23 10 20 11 11 12 27 13 29 14 17 15 25 20 22 21 19 22 13 23 12 24 26 25 13 26 25 27 18 28 18 29 10 30 10 31 15 32 12 33 11 34 17 35 28 4 4 23 5 15 6 27 7 10 4 36 17 37 10 38 28 39 28
5 4 0 21 1 27 2 16 3 24 8 12 29 13 15 14 22 15 18 32 25 33 14 34 29 35 30 20 8 27 9 16 10 15 11 26 12 14 13 15 14 24 15 16 20 12 21 24 22 11 23 10 24 27 25 29 26 12 27 21 32 19 33 28 34 20 35 15 24 4 23 5 22 6 29 7 12 8 15 9 21 10 28 11 30 16 19 17 29 18 25 19 15 20 14 21 10 22 24 23 17 28 13 29 20 30 21 31 29 32 12 33 22 34 27 35 26 4 36 13 37 30 38 16 39 14
5 4 0 12 1 18 2 23 3 28 32 4 12 5 19 6 11 7 20 8 28 9 20 10 19 11 11 12 24 13 12 14 27 15 29 16 17 17 10 18 22 19 16 20 15 21 30 22 24 23 12 24 29 25 16 26 30 27 21 28 21 29 29 30 25 31 25 32 15 33 19 34 17 35 18 28 4 30 5 28 6 26 7 20 8 18 9 15 10 21 11 16 12 25 13 22 14 11 15 29 20 29 21 27 22 13 23 17 24 29 25 29 26 19 27 14 28 21 29 18 30 29 31 14 32 23 33 30 34 16 35 13 16 16 13 17 16 18 10 19 11 20 10 21 16 22 28 23 16 24 26 25 19 26 23 27 21 32 18 33 26 34 20 35 10 4 36 29 37 16 38 29 39 26
5 4 0 27 1 30 2 13 3 26 12 8 22 9 26 10 10 11 16 24 22 25 25 26 29 27 26 32 23 33 26 34 14 35 25 16 4 10 5 30 6 24 7 22 16 25 17 29 18 29 19 30 24 18 25 27 26 15 27 17 28 27 29 16 30 15 31 29 28 4 25 5 15 6 23 7 11 8 29 9 17 10 16 11 26 12 18 13 14 14 19 15 11 16 10 17 22 18 30 19 21 20 21 21 24 22 21 23 14 28 24 29 23 30 20 31 14 32 21 33 25 34 22 35 29 4 36 30 37 30 38 15 39 25
5 4 0 27 1 24 2 26 3 29 12 16 12 17 14 18 21 19 27 24 24 25 13 26 29 27 16 32 25 33 21 34 25 35 14 28 4 23 5 12 6 25 7 22 12 15 13 18 14 16 15 21 16 13 17 28 18 21 19 10 20 30 21 19 22 29 23 24 24 18 25 20 26 17 27 15 28 11 29 24 30 13 31 27 32 30 33 13 34 12 35 17 24 4 16 5 14 6 17 7 10 8 25 9 25 10 25 11 15 12 10 13 12 14 15 15 30 16 24 17 10 18 17 19 30 20 13 21 17 22 11 23 29 28 19 29 19 30 19 31 10 4 36 17 37 20 38 14 39 13
5 4 0 13 1 24 2 30 3 19 12 4 22 5 10 6 16 7 14 8 29 9 28 10 13 11 21 20 14 21 10 22 13 23 23 24 4 22 5 20 6 16 7 21 12 25 13 17 14 13 15 11 16 22 17 29 18 15 19 20 20 23 21 23 22 24 23 22 28 13 29 14 30 20 31 24 32 14 33 25 34 20 35 17 20 4 30 5 22 6 27 7 13 8 25 9 12 10 27 11 12 20 16 21 13 22 16 23 30 28 17 29 23 30 14 31 18 32 22 33 27 34 19 35 30 4 36 21 37 10 38 16 39 22
5 4 0 10 1 13 2 11 3 13 28 4 22 5 17 6 17 7 26 8 18 9 26 10 10 11 14 12 24 13 11 14 16 15 17 20 14 21 16 22 23 23 14 24 23 25 19 26 27 27 15 28 29 29 11 30 28 31 26 32 23 33 14 34 23 35 10 8 8 23 9 30 10 19 11 22 16 25 17 29 18 16 19 14 16 12 26 13 27 14 19 15 23 16 19 17 20 18 23 19 21 20 20 21 21 22 18 23 27 32 28 33 20 34 19 35 22 4 36 29 37 13 38 13 39 14
5 4 0 26 1 21 2 30 3 19 20 4 10 5 21 6 16 7 13 8 30 9 27 10 19 11 27 12 22 13 28 14 24 15 11 28 16 29 10 30 29 31 16 32 28 33 13 34 24 35 24 8 8 29 9 19 10 13 11 22 32 17 33 16 34 14 35 27 4 4 17 5 27 6 28 7 22 4 36 10 37 26 38 20 39 29
5 4 0 10 1 19 2 11 3 22 12 8 11 9 18 10 17 11 10 12 17 13 15 14 10 15 27 32 24 33 12 34 16 35 24 4 28 15 29 15 30 29 31 26 24 4 16 5 29 6 10 7 22 8 27 9 20 10 15 11 26 12 24 13 25 14 15 15 21 24 23 25 29 26 13 27 29 28 15 29 24 30 21 31 23 32 15 33 12 34 16 35 17 4 36 26 37 15 38 12 39 18
5 4 0 17 1 13 2 17 3 21 24 4 16 5 10 6 28 7 18 12 20 13 24 14 10 15 17 16 24 17 23 18 22 19 17 20 12 21 11 22 30 23 12 28 24 29 19 30 30 31 14 32 12 33 28 34 10 35 16 20 12 14 13 21 14 29 15 13 16 27 17 19 18 25 19 28 20 18 21 15 22 25 23 22 24 12 25 22 26 29 27 15 32 10 33 29 34 30 35 12 32 4 27 5 12 6 21 7 22 8 20 9 25 10 17 11 11 12 19 13 10 14 25 15 27 16 22 17 30 18 25 19 10 20 23 21 29 22 17 23 19 24 17 25 13 26 30 27 16 28 11 29 25 30 29 31 11 32 23 33 20 34 22 35 25 4 36 29 37 21 38 13 39 21
5 4 0 12 1 26 2 24 3 21 12 12 13 13 26 14 13 15 10 24 30 25 26 26 24 27 19 32 17 33 11 34 21 35 25 12 4 10 5 27 6 24 7 10 20 28 21 17 22 18 23 19 24 28 25 15 26 17 27 11 16 4 23 5 10 6 20 7 22 20 20 21 27 22 16 23 20 24 24 25 30 26 13 27 23 32 15 33 14 34 23 35 29 4 36 29 37 18 38 16 39 17
5 4 0 10 1 30 2 13 3 13 24 4 28 5 13 6 27 7 17 8 27 9 10 10 17 11 28 16 17 17 14 18 13 19 13 24 26 25 16 26 12 27 26 28 19 29 22 30 12 31 26 32 14 33 19 34 27 35 20 28 8 23 9 17 10 13 11 25 12 23 13 21 14 26 15 30 16 11 17 28 18 25 19 12 20 30 21 21 22 29 23 13 24 22 25 18 26 17 27 29 28 27 29 23 30 25 31 25 32 15 33 23 34 25 35 17 32 4 13 5 10 6 29 7 21 8 26 9 18 10 14 11 24 12 28 13 27 14 21 15 26 16 24 17 15 18 26 19 18 20 23 21 30 22 30 23 10 24 17 25 14 26 18 27 20 28 23 29 11 30 27 31 16 32 12 33 18 34 23 35 27 4 36 28 37 29 38 30 39 22
5 4 0 14 1 28 2 20 3 29 28 4 12 5 23 6 12 7 21 8 15 9 15 10 24 11 11 12 19 13 22 14 28 15 11 16 19 17 26 18 18 19 30 20 30 21 19 22 22 23 23 28 11 29 10 30 18 31 23 32 14 33 26 34 13 35 30 12 16 27 17 12 18 11 19 12 24 17 25 11 26 11 27 27 32 29 33 12 34 29 35 21 20 4 27 5 16 6 22 7 13 8 26 9 13 10 11 11 26 12 29 13 18 14 16 15 14 16 27 17 22 18 25 19 22 32 23 33 25 34 15 35 21 4 36 24 37 15 38 27 39 14
5 4 0 17 1 18 2 30 3 23 28 4 26 5 30 6 21 7 11 8 21 9 18 10 19 11 27 12 23 13 23 14 16 15 10 16 17 17 12 18 12 19 26 20 27 21 26 22 23 23 17 24 19 25 27 26 28 27 26 28 12 29 10 30 19 31 14 32 4 20 5 24 6 20 7 17 8 28 9 24 10 16 11 13 12 22 13 26 14 14 15 20 16 30 17 27 18 28 19 18 20 26 21 28 22 18 23 30 24 21 25 12 26 21 27 18 28 17 29 22 30 26 31 11 32 29 33 17 34 18 35 30 8 4 21 5 22 6 28 7 13 12 19 13 10 14 11 15 30 4 36 29 37 17 38 18 39 30
5 4 0 27 1 30 2 13 3 23 32 4 23 5 28 6 25 7 18 8 20 9 29 10 11 11 24 12 22 13 27 14 26 15 14 16 13 17 15 18 29 19 15 20 20 21 17 22 22 23 24 24 28 25 25 26 29 27 17 28 21 29 26 30 16 31 15 32 19 33 27 34 21 35 16 8 8 14 9 24 10 13 11 13 32 15 33 12 34 22 35 26 24 4 14 5 24 6 11 7 28 8 26 9 19 10 18 11 23 12 15 13 18 14 12 15 21 16 11 17 24 18 26 19 29 20 27 21 16 22 28 23 15 24 24 25 20 26 20 27 13 4 36 18 37 28 38 14 39 29
5 4 0 12 1 28 2 26 3 19 24 8 16 9 10 10 22 11 23 12 16 13 21 14 22 15 11 16 11 17 18 18 10 19 10 24 26 25 24 26 13 27 28 28 16 29 15 30 20 31 14 32 20 33 12 34 16 35 14 32 4 29 5 20 6 13 7 16 8 12 9 22 10 17 11 27 12 10 13 28 14 14 15 21 16 20 17 25 18 12 19 30 20 19 21 17 22 22 23 30 24 25 25 25 26 12 27 10 28 11 29 29 30 29 31 14 32 19 33 21 34 16 35 11 32 4 16 5 30 6 25 7 16 8 10 9 13 10 23 11 25 12 23 13 12 14 29 15 11 16 15 17 10 18 27 19 22 20 30 21 25 22 29 23 13 24 22 25 18 26 24 27 26 28 28 29 13 30 19 31 18 32 17 33 16 34 26 35 27 4 36 16 37 12 38 19 39 27
5 4 0 21 1 22 2 10 3 11 20 8 30 9 14 10 26 11 30 12 15 13 15 14 18 15 16 16 24 17 27 18 12 19 22 20 21 21 15 22 11 23 19 24 17 25 28 26 12 27 25 4 12 26 13 22 14 16 15 27 20 4 20 5 10 6 15 7 10 16 19 17 10 18 30 19 26 20 27 21 25 22 23 23 28 24 14 25 24 26 22 27 20 32 16 33 28 34 11 35 18 4 36 26 37 16 38 13 39 12
5 4 0 13 1 28 2 23 3 20 16 4 24 5 26 6 17 7 23 8 25 9 16 10 25 11 19 16 12 17 15 18 18 19 20 24 19 25 13 26 24 27 18 16 4 19 5 28 6 25 7 23 12 27 13 17 14 11 15 28 24 16 25 25 26 23 27 15 32 21 33 30 34 21 35 10 4 20 17 21 15 22 25 23 27 4 36 24 37 19 38 21 39 26
5 4 0 19 1 22 2 24 3 12 12 8 19 9 11 10 10 11 17 12 27 13 14 14 30 15 28 24 21 25 23 26 19 27 15 28 4 18 5 24 6 21 7 14 8 19 9 24 10 18 11 27 12 21 13 30 14 30 15 23 20 10 21 18 22 20 23 14 24 12 25 20 26 26 27 15 28 27 29 20 30 22 31 23 32 17 33 17 34 17 35 26 28 4 29 5 26 6 19 7 26 8 15 9 13 10 13 11 29 12 10 13 17 14 26 15 11 20 24 21 14 22 24 23 26 24 17 25 12 26 18 27 30 28 26 29 10 30 17 31 14 32 10 33 11 34 15 35 19 4 36 13 37 27 38 25 39 17
5 4 0 17 1 11 2 13 3 30 8 12 22 13 10 14 19 15 26 16 21 17 18 18 18 19 16 28 4 16 5 19 6 16 7 28 12 10 13 24 14 18 15 19 16 16 17 25 18 11 19 22 20 14 21 13 22 17 23 21 24 12 25 29 26 14 27 19 28 15 29 24 30 22 31 20 32 19 33 19 34 28 35 20 20 8 21 9 29 10 15 11 25 12 11 13 20 14 24 15 21 16 12 17 15 18 25 19 20 20 26 21 20 22 28 23 14 24 30 25 20 26 10 27 12 4 36 12 37 17 38 18 39 14
5 4 0 23 1 15 2 13 3 26 32 4 12 5 30 6 21 7 28 8 20 9 27 10 23 11 15 12 18 13 17 14 13 15 17 16 24 17 18 18 29 19 27 20 28 21 12 22 28 23 24 24 15 25 23 26 28 27 18 28 11 29 28 30 30 31 16 32 10 33 29 34 23 35 19 16 8 12 9 19 10 28 11 12 20 14 21 29 22 19 23 10 24 11 25 21 26 17 27 14 32 23 33 29 34 12 35 14 8 4 13 5 23 6 27 7 30 16 14 17 11 18 21 19 21 4 36 19 37 15 38 17 39 12
5 4 0 15 1 19 2 16 3 24 20 4 22 5 10 6 11 7 30 8 24 9 11 10 16 11 22 24 15 25 16 26 27 27 22 28 22 29 24 30 12 31 27 32 29 33 27 34 10 35 15 32 4 19 5 21 6 23 7 26 8 14 9 17 10 28 11 11 12 24 13 13 14 28 15 12 16 11 17 30 18 19 19 13 20 18 21 22 22 11 23 17 24 19 25 28 26 24 27 27 28 18 29 27 30 20 31 11 32 26 33 23 34 18 35 11 16 8 19 9 23 10 21 11 23 12 18 13 24 14 29 15 29 16 17 17 16 18 26 19 21 32 23 33 16 34 23 35 22 4 36 24 37 30 38 15 39 18
5 4 0 26 1 20 2 17 3 24 4 32 29 33 16 34 24 35 23 20 8 13 9 27 10 19 11 30 12 23 13 20 14 20 15 29 16 27 17 19 18 29 19 26 28 28 29 24 30 19 31 10 32 27 33 11 34 17 35 23 28 4 11 5 21 6 18 7 26 8 21 9 21 10 26 11 12 12 15 13 12 14 13 15 30 16 23 17 23 18 16 19 12 20 24 21 20 22 11 23 28 28 15 29 20 30 11 31 18 32 24 33 13 34 20 35 28 4 36 12 37 19 38 12 39 22
5 4 0 17 1 28 2 12 3 25 12 8 26 9 21 10 22 11 29 24 30 25 14 26 21 27 25 28 27 29 27 30 21 31 22 12 4 21 5 28 6 30 7 19 8 16 9 25 10 21 11 10 24 11 25 18 26 30 27 28 4 20 26 21 17 22 23 23 21 4 36 21 37 20 38 29 39 30
5 4 0 27 1 22 2 20 3 29 24 4 22 5 13 6 20 7 27 8 16 9 22 10 10 11 18 16 11 17 30 18 10 19 21 20 12 21 24 22 17 23 25 24 12 25 11 26 29 27 30 28 13 29 25 30 10 31 27 32 4 29 5 11 6 10 7 15 8 24 9 10 10 19 11 19 12 21 13 29 14 30 15 24 16 10 17 16 18 22 19 27 20 27 21 29 22 27 23 12 24 26 25 15 26 22 27 22 28 19 29 20 30 21 31 16 32 19 33 15 34 27 35 21 4 16 28 17 22 18 21 19 17 4 36 24 37 13 38 27 39 21
5 4 0 23 1 18 2 29 3 13 32 4 23 5 24 6 16 7 27 8 11 9 30 10 27 11 11 12 16 13 27 14 28 15 17 16 18 17 22 18 10 19 20 20 22 21 24 22 12 23 15 24 21 25 27 26 24 27 25 28 24 29 26 30 30 31 22 32 11 33 30 34 19 35 13 12 8 28 9 13 10 27 11 12 24 30 25 16 26 23 27 26 28 25 29 22 30 17 31 13 8 28 29 29 25 30 11 31 23 32 24 33 29 34 22 35 21 4 36 24 37 15 38 27 39 22
5 4 0 19 1 12 2 27 3 29 24 4 27 5 13 6 20 7 30 8 12 9 20 10 21 11 22 16 23 17 17 18 23 19 30 20 26 21 16 22 16 23 14 24 13 25 10 26 19 27 30 28 11 29 27 30 16 31 16 24 4 16 5 11 6 27 7 20 8 21 9 12 10 14 11 15 12 20 13 25 14 23 15 11 16 10 17 15 18 10 19 13 20 21 21 30 22 13 23 14 28 21 29 25 30 26 31 22 24 4 12 5 10 6 11 7 12 8 27 9 23 10 19 11 17 16 30 17 10 18 12 19 14 20 22 21 21 22 18 23 27 24 25 25 11 26 26 27 24 28 15 29 25 30 25 31 18 4 36 20 37 26 38 27 39 11
5 4 0 17 1 12 2 26 3 17 16 16 16 17 20 18 20 19 17 24 21 25 28 26 19 27 22 28 27 29 23 30 18 31 13 32 25 33 22 34 18 35 15 8 4 22 5 29 6 22 7 26 24 27 25 12 26 25 27 30 16 4 13 5 18 6 22 7 27 8 11 9 15 10 22 11 23 12 20 13 23 14 17 15 20 20 16 21 13 22 18 23 23 4 36 30 37 16 38 29 39 11
5 4 0 10 1 11 2 18 3 21 4 24 29 25 24 26 16 27 30 32 4 20 5 12 6 10 7 28 8 18 9 19 10 16 11 26 12 23 13 12 14 11 15 12 16 21 17 10 18 11 19 18 20 28 21 17 22 16 23 14 24 20 25 12 26 18 27 12 28 15 29 20 30 19 31 21 32 23 33 30 34 24 35 11 4 20 18 21 15 22 16 23 25 4 36 15 37 28 38 28 39 30
5 4 0 25 1 29 2 29 3 14 16 8 11 9 18 10 12 11 25 12 17 13 14 14 12 15 14 16 25 17 15 18 23 19 28 20 25 21 28 22 13 23 19 12 8 24 9 16 10 29 11 25 16 18 17 12 18 28 19 11 32 14 33 19 34 22 35 27 24 8 28 9 16 10 19 11 18 12 27 13 11 14 14 15 27 20 24 21 13 22 30 23 19 24 12 25 29 26 20 27 18 28 12 29 18 30 16 31 28 32 24 33 23 34 21 35 10 4 36 24 37 19 38 28 39 11
5 4 0 14 1 10 2 14 3 14 16 8 11 9 11 10 13 11 19 12 29 13 29 14 26 15 11 20 19 21 18 22 11 23 22 32 30 33 18 34 21 35 12 20 4 12 5 24 6 13 7 17 16 29 17 19 18 22 19 15 20 17 21 15 22 23 23 18 24 30 25 14 26 17 27 16 28 19 29 29 30 16 31 13 20 12 18 13 15 14 25 15 19 16 14 17 21 18 15 19 14 20 16 21 15 22 30 23 14 24 14 25 17 26 23 27 10 32 24 33 19 34 15 35 26 4 36 14 37 24 38 14 39 20
5 4 0 13 1 10 2 10 3 20 24 4 13 5 16 6 15 7 23 8 22 9 26 10 24 11 27 12 28 13 22 14 25 15 12 20 24 21 21 22 14 23 11 24 19 25 13 26 27 27 26 32 19 33 13 34 21 35 17 32 4 21 5 25 6 23 7 15 8 12 9 12 10 20 11 27 12 19 13 22 14 14 15 18 16 30 17 26 18 28 19 21 20 18 21 18 22 30 23 25 24 21 25 17 26 19 27 11 28 16 29 30 30 28 31 28 32 26 33 28 34 12 35 13 16 4 15 5 16 6 26 7 18 8 23 9 30 10 21 11 11 20 30 21 14 22 18 23 12 24 15 25 17 26 18 27 13 4 36 21 37 13 38 14 39 14
5 4 0 22 1 21 2 11 3 15 32 4 12 5 19 6 25 7 29 8 15 9 13 10 11 11 20 12 28 13 17 14 25 15 16 16 11 17 23 18 14 19 30 20 23 21 16 22 29 23 22 24 24 25 10 26 23 27 10 28 20 29 15 30 26 31 27 32 19 33 16 34 17 35 20 12 12 11 13 24 14 19 15 20 20 29 21 22 22 20 23 24 24 14 25 19 26 27 27 24 4 8 18 9 21 10 10 11 29 4 36 18 37 22 38 25 39 21
5 4 0 13 1 30 2 13 3 24 8 8 13 9 13 10 15 11 15 20 18 21 28 22 14 23 21 20 12 27 13 23 14 19 15 27 16 15 17 13 18 13 19 21 20 10 21 26 22 24 23 23 24 16 25 30 26 11 27 23 32 28 33 30 34 13 35 22 12 8 17 9 10 10 28 11 12 12 27 13 15 14 21 15 21 24 26 25 20 26 19 27 26 4 36 26 37 14 38 17 39 11
5 4 0 22 1 27 2 11 3 16 20 8 25 9 20 10 27 11 23 20 20 21 19 22 15 23 15 24 24 25 10 26 30 27 21 28 12 29 24 30 10 31 17 32 20 33 29 34 30 35 12 4 20 16 21 23 22 13 23 12 32 4 18 5 16 6 10 7 17 8 21 9 25 10 12 11 25 12 22 13 23 14 30 15 18 16 20 17 18 18 24 19 19 20 14 21 28 22 19 23 24 24 11 25 12 26 28 27 20 28 17 29 21 30 24 31 23 32 26 33 27 34 18 35 15 4 36 22 37 23 38 28 39 24
5 4 0 15 1 27 2 30 3 10 32 4 22 5 23 6 29 7 16 8 17 9 23 10 10 11 22 12 12 13 23 14 29 15 14 16 18 17 15 18 30 19 15 20 24 21 16 22 18 23 10 24 25 25 19 26 14 27 24 28 15 29 13 30 17 31 21 32 11 33 24 34 18 35 11 20 8 19 9 10 10 15 11 10 20 19 21 16 22 12 23 28 24 28 25 29 26 26 27 22 28 12 29 24 30 19 31 14 32 11 33 28 34 23 35 12 24 4 11 5 19 6 12 7 19 8 10 9 18 10 26 11 14 16 16 17 27 18 27 19 25 24 19 25 20 26 26 27 19 28 10 29 26 30 28 31 21 32 12 33 27 34 15 35 12 4 36 20 37 27 38 16 39 13
5 4 0 30 1 17 2 27 3 23 16 12 29 13 17 14 25 15 13 16 16 17 28 18 26 19 25 24 10 25 21 26 30 27 21 28 15 29 27 30 28 31 11 24 4 14 5 16 6 11 7 30 8 11 9 26 10 10 11 23 12 19 13 25 14 11 15 26 16 19 17 19 18 11 19 27 20 19 21 21 22 27 23 19 32 16 33 19 34 25 35 12 32 4 21 5 15 6 25 7 27 8 13 9 27 10 16 11 19 12 28 13 20 14 22 15 15 16 26 17 19 18 26 19 16 20 29 21 10 22 10 23 13 24 10 25 14 26 21 27 23 28 29 29 30 30 19 31 24 32 29 33 28 34 23 35 18 4 36 18 37 15 38 26 39 17
5 4 0 16 1 10 2 14 3 18 32 4 29 5 26 6 19 7 29 8 15 9 26 10 29 11 21 12 10 13 17 14 15 15 11 16 12 17 19 18 25 19 10 20 16 21 24 22 18 23 29 24 15 25 21 26 10 27 30 28 17 29 11 30 30 31 13 32 13 33 11 34 11 35 12 4 28 15 29 21 30 17 31 20 12 4 12 5 24 6 19 7 22 12 22 13 17 14 30 15 30 16 17 17 29 18 22 19 11 4 36 21 37 21 38 24 39 23
5 4 0 25 1 19 2 10 3 10 20 4 14 5 13 6 21 7 24 8 11 9 25 10 30 11 26 20 19 21 12 22 12 23 14 24 10 25 17 26 19 27 10 28 13 29 27 30 13 31 19 12 4 25 5 27 6 11 7 25 20 28 21 12 22 10 23 16 24 29 25 14 26 17 27 28 28 4 30 5 30 6 20 7 21 8 12 9 10 10 14 11 14 12 10 13 17 14 16 15 24 16 17 17 30 18 21 19 24 20 10 21 11 22 21 23 17 24 12 25 28 26 20 27 13 32 22 33 22 34 15 35 25 4 36 14 37 28 38 26 39 28
5 4 0 12 1 12 2 29 3 23 12 8 13 9 29 10 24 11 15 16 19 17 19 18 16 19 11 20 15 21 30 22 23 23 16 8 12 24 13 28 14 27 15 24 24 19 25 29 26 28 27 11 32 4 18 5 19 6 30 7 13 8 15 9 20 10 17 11 24 12 14 13 13 14 14 15 13 16 29 17 13 18 16 19 29 20 25 21 13 22 21 23 26 24 28 25 17 26 14 27 19 28 11 29 28 30 28 31 14 32 18 33 29 34 23 35 17 4 36 14 37 23 38 11 39 14
5 4 0 22 1 23 2 24 3 30 28 4 25 5 26 6 24 7 25 12 15 13 22 14 16 15 18 16 27 17 29 18 17 19 14 20 20 21 18 22 19 23 14 24 22 25 14 26 29 27 14 28 23 29 15 30 16 31 27 32 28 33 22 34 24 35 24 24 4 20 5 21 6 11 7 13 8 26 9 19 10 26 11 18 12 16 13 20 14 20 15 19 16 18 17 12 18 30 19 18 24 22 25 19 26 12 27 10 28 10 29 20 30 19 31 15 24 4 19 5 24 6 28 7 11 12 12 13 13 14 22 15 14 16 21 17 23 18 13 19 10 20 10 21 20 22 28 23 13 24 12 25 24 26 12 27 16 32 18 33 14 34 22 35 30 4 36 26 37 20 38 11 39 21
5 4 0 16 1 17 2 27 3 30 32 4 10 5 19 6 25 7 19 8 10 9 26 10 21 11 22 12 14 13 12 14 24 15 14 16 28 17 29 18 13 19 24 20 16 21 10 22 27 23 22 24 25 25 24 26 25 27 12 28 25 29 16 30 22 31 23 32 12 33 25 34 26 35 27 28 4 13 5 10 6 23 7 23 8 25 9 16 10 24 11 27 12 25 13 29 14 25 15 19 16 13 17 26 18 10 19 20 24 19 25 26 26 18 27 29 28 17 29 14 30 18 31 13 32 19 33 20 34 24 35 17 28 4 23 5 15 6 19 7 12 12 14 13 28 14 26 15 18 16 29 17 26 18 15 19 28 20 24 21 23 22 19 23 14 24 28 25 29 26 28 27 10 28 22 29 18 30 10 31 11 32 11 33 13 34 23 35 28 4 36 12 37 12 38 15 39 16
5 4 0 26 1 14 2 15 3 28 12 4 22 5 21 6 19 7 23 24 26 25 24 26 30 27 16 28 17 29 26 30 23 31 25 4 4 27 5 25 6 13 7 13 16 4 21 5 27 6 26 7 21 12 25 13 25 14 17 15 24 16 26 17 12 18 23 19 14 28 12 29 25 30 13 31 28 4 36 30 37 25 38 14 39 26
5 4 0 24 1 23 2 18 3 23 4 8 26 9 21 10 13 11 29 20 8 19 9 22 10 10 11 11 12 30 13 21 14 10 15 28 20 13 21 28 22 23 23 22 28 18 29 11 30 29 31 25 32 18 33 14 34 30 35 14 8 16 20 17 28 18 23 19 15 28 17 29 21 30 30 31 17 4 36 10 37 22 38 30 39 18
5 4 0 16 1 24 2 28 3 18 12 4 22 5 13 6 13 7 24 12 16 13 19 14 23 15 24 16 15 17 15 18 25 19 20 28 4 17 5 10 6 27 7 28 12 21 13 14 14 19 15 11 16 25 17 22 18 14 19 25 20 16 21 23 22 26 23 27 24 21 25 30 26 27 27 10 28 15 29 15 30 13 31 18 32 30 33 11 34 13 35 22 12 16 14 17 13 18 23 19 18 20 18 21 28 22 13 23 13 28 27 29 14 30 29 31 18 4 36 17 37 14 38 12 39 28
5 4 0 11 1 21 2 20 3 22 8 20 15 21 13 22 20 23 14 32 13 33 16 34 12 35 24 8 4 19 5 24 6 14 7 21 12 25 13 30 14 17 15 25 32 4 27 5 21 6 13 7 30 8 23 9 26 10 22 11 20 12 25 13 22 14 13 15 25 16 12 17 21 18 18 19 13 20 19 21 19 22 12 23 16 24 28 25 21 26 24 27 25 28 20 29 27 30 22 31 13 32 19 33 22 34 26 35 15 4 36 17 37 22 38 10 39 10
5 4 0 27 1 27 2 20 3 21 8 8 12 9 16 10 21 11 16 24 20 25 15 26 18 27 18 24 4 16 5 27 6 15 7 20 8 10 9 24 10 19 11 15 12 26 13 29 14 11 15 21 16 30 17 25 18 13 19 14 20 21 21 12 22 30 23 30 24 29 25 20 26 12 27 25 4 20 13 21 17 22 21 23 23 4 36 21 37 19 38 17 39 22
5 4 0 17 1 22 2 18 3 15 20 8 21 9 12 10 19 11 23 12 18 13 26 14 21 15 25 20 27 21 16 22 15 23 22 24 28 25 30 26 30 27 24 28 13 29 17 30 19 31 26 32 4 23 5 12 6 28 7 13 8 24 9 15 10 21 11 28 12 10 13 27 14 22 15 25 16 20 17 16 18 22 19 29 20 10 21 21 22 22 23 26 24 20 25 18 26 11 27 29 28 24 29 19 30 21 31 21 32 21 33 26 34 25 35 13 4 28 12 29 18 30 24 31 13 4 36 30 37 14 38 16 39 29
5 4 0 27 1 28 2 15 3 11 20 4 25 5 29 6 11 7 12 8 16 9 22 10 18 11 17 12 25 13 27 14 12 15 28 28 23 29 15 30 29 31 26 32 22 33 17 34 19 35 21 16 8 20 9 10 10 28 11 26 12 20 13 17 14 16 15 26 20 26 21 26 22 21 23 23 24 11 25 22 26 16 27 18 32 4 11 5 28 6 21 7 30 8 15 9 14 10 14 11 27 12 18 13 20 14 15 15 29 16 14 17 25 18 18 19 20 20 19 21 19 22 18 23 25 24 20 25 20 26 17 27 29 28 16 29 10 30 21 31 28 32 13 33 12 34 22 35 30 4 36 11 37 20 38 29 39 16
5 4 0 12 1 12 2 21 3 18 4 32 21 33 19 34 18 35 30 24 8 19 9 17 10 15 11 15 16 23 17 17 18 13 19 20 20 18 21 28 22 26 23 11 24 11 25 14 26 19 27 19 28 11 29 20 30 16 31 18 32 13 33 20 34 13 35 28 24 4 28 5 27 6 24 7 11 8 10 9 21 10 19 11 18 16 12 17 21 18 15 19 12 20 30 21 19 22 29 23 20 28 16 29 28 30 25 31 18 32 24 33 27 34 22 35 27 4 36 16 37 21 38 23 39 22
5 4 0 11 1 30 2 30 3 30 28 8 19 9 18 10 19 11 13 12 28 13 12 14 25 15 10 16 27 17 28 18 26 19 23 20 13 21 14 22 19 23 28 24 19 25 17 26 16 27 28 28 23 29 12 30 20 31 13 32 10 33 19 34 18 35 13 4 20 27 21 19 22 23 23 12 24 8 30 9 19 10 19 11 17 12 14 13 15 14 27 15 25 16 10 17 28 18 21 19 22 20 17 21 25 22 18 23 12 28 14 29 21 30 15 31 14 32 12 33 20 34 28 35 30 4 36 10 37 25 38 25 39 22
5 4 0 29 1 26 2 11 3 20 16 4 21 5 17 6 13 7 30 8 18 9 18 10 22 11 23 20 16 21 24 22 10 23 30 24 12 25 24 26 23 27 10 32 4 26 5 18 6 12 7 21 8 13 9 20 10 22 11 26 12 25 13 10 14 14 15 18 16 30 17 22 18 10 19 23 20 12 21 16 22 21 23 15 24 28 25 21 26 28 27 30 28 11 29 11 30 25 31 28 32 26 33 16 34 24 35 25 8 12 21 13 26 14 28 15 25 28 15 29 14 30 21 31 21 4 36 25 37 13 38 25 39 16
5 4 0 21 1 21 2 13 3 24 28 4 13 5 15 6 22 7 22 8 28 9 27 10 29 11 27 16 15 17 16 18 17 19 21 20 17 21 20 22 30 23 28 24 24 25 18 26 13 27 14 28 28 29 18 30 16 31 11 32 10 33 11 34 24 35 13 4 12 21 13 17 14 22 15 14 32 4 28 5 27 6 21 7 25 8 15 9 25 10 15 11 11 12 15 13 10 14 12 15 13 16 26 17 10 18 11 19 28 20 27 21 21 22 28 23 23 24 17 25 27 26 16 27 19 28 25 29 22 30 24 31 21 32 10 33 12 34 20 35 17 4 36 16 37 18 38 13 39 19
5 4 0 28 1 20 2 17 3 26 20 8 29 9 11 10 16 11 19 12 15 13 11 14 27 15 29 16 29 17 19 18 30 19 28 20 20 21 20 22 23 23 25 32 18 33 27 34 24 35 24 24 4 19 5 30 6 20 7 15 8 29 9 22 10 28 11 22 16 22 17 18 18 11 19 18 24 24 25 12 26 26 27 13 28 14 29 26 30 29 31 12 32 18 33 10 34 24 35 23 20 4 22 5 23 6 10 7 12 12 21 13 23 14 12 15 13 20 16 21 11 22 24 23 24 28 24 29 12 30 22 31 18 32 30 33 11 34 12 35 28 4 36 29 37 13 38 20 39 26
5 4 0 15 1 25 2 11 3 16 4 16 20 17 29 18 23 19 24 16 4 14 5 10 6 10 7 12 8 16 9 14 10 23 11 15 16 13 17 28 18 15 19 12 20 26 21 15 22 23 23 17 4 28 21 29 24 30 16 31 16 4 36 27 37 17 38 18 39 21
5 4 0 10 1 15 2 19 3 15 4 8 16 9 30 10 16 11 19 8 16 12 17 23 18 15 19 13 20 19 21 15 22 23 23 19 16 8 29 9 27 10 14 11 17 24 16 25 22 26 12 27 26 28 15 29 29 30 30 31 14 32 23 33 24 34 14 35 13 4 36 14 37 19 38 14 39 11
