50 40
5 4 0 10 1 10 2 30 3 23 32 4 11 5 30 6 26 7 15 8 11 9 20 10 26 11 16 12 19 13 10 14 19 15 11 16 17 17 24 18 17 19 26 20 10 21 27 22 27 23 29 24 14 25 25 26 26 27 11 28 19 29 18 30 19 31 14 32 11 33 25 34 18 35 30 8 4 13 5 28 6 14 7 14 16 29 17 11 18 22 19 19 16 12 29 13 29 14 25 15 13 16 27 17 25 18 13 19 18 20 23 21 30 22 29 23 16 32 25 33 12 34 18 35 20 4 36 25 37 11 38 12 39 18
5 4 0 24 1 21 2 29 3 20 24 8 24 9 14 10 18 11 22 16 13 17 28 18 20 19 20 20 29 21 24 22 30 23 14 24 30 25 17 26 15 27 16 28 13 29 30 30 19 31 11 32 10 33 11 34 11 35 24 28 4 27 5 20 6 19 7 22 8 28 9 17 10 18 11 14 12 16 13 24 14 23 15 14 16 15 17 19 18 10 19 22 24 27 25 12 26 16 27 13 28 29 29 28 30 21 31 26 32 14 33 20 34 20 35 20 4 8 19 9 10 10 20 11 21 4 36 11 37 27 38 24 39 18
5 4 0 26 1 28 2 15 3 26 8 12 20 13 20 14 19 15 27 20 30 21 15 22 24 23 24 4 4 13 5 29 6 20 7 24 32 4 10 5 13 6 15 7 30 8 19 9 18 10 20 11 26 12 22 13 13 14 18 15 16 16 15 17 20 18 24 19 24 20 17 21 20 22 15 23 27 24 18 25 14 26 13 27 23 28 13 29 30 30 15 31 26 32 30 33 11 34 12 35 17 4 36 26 37 17 38 12 39 13
5 4 0 23 1 14 2 29 3 17 32 4 28 5 18 6 21 7 11 8 21 9 27 10 26 11 18 12 18 13 14 14 10 15 27 16 23 17 11 18 16 19 28 20 25 21 13 22 19 23 29 24 11 25 29 26 28 27 14 28 27 29 23 30 20 31 29 32 25 33 10 34 10 35 15 28 8 15 9 10 10 27 11 11 12 28 13 21 14 19 15 11 16 23 17 24 18 20 19 12 20 20 21 11 22 23 23 14 24 11 25 15 26 30 27 24 28 15 29 30 30 26 31 14 32 24 33 22 34 22 35 10 16 8 23 9 26 10 14 11 10 12 10 13 22 14 15 15 26 16 19 17 17 18 14 19 20 24 15 25 19 26 15 27 15 4 36 29 37 11 38 29 39 18
5 4 0 16 1 19 2 29 3 20 32 4 26 5 15 6 17 7 18 8 13 9 23 10 13 11 14 12 29 13 22 14 18 15 13 16 26 17 26 18 16 19 28 20 25 21 23 22 10 23 18 24 23 25 14 26 20 27 17 28 17 29 22 30 10 31 11 32 30 33 12 34 19 35 26 4 28 20 29 25 30 24 31 30 32 4 12 5 13 6 11 7 19 8 24 9 30 10 23 11 16 12 30 13 11 14 21 15 27 16 20 17 18 18 11 19 14 20 28 21 13 22 11 23 11 24 24 25 17 26 11 27 10 28 21 29 13 30 25 31 13 32 26 33 26 34 23 35 28 4 36 13 37 15 38 25 39 17
5 4 0 19 1 24 2 12 3 15 4 32 15 33 23 34 29 35 21 12 8 27 9 24 10 30 11 18 12 16 13 19 14 18 15 15 32 21 33 22 34 14 35 12 20 4 27 5 19 6 14 7 23 8 24 9 20 10 12 11 23 12 11 13 24 14 28 15 18 24 17 25 21 26 26 27 10 32 22 33 13 34 21 35 22 4 36 17 37 12 38 18 39 29
5 4 0 27 1 25 2 11 3 11 28 4 27 5 21 6 13 7 18 8 17 9 22 10 11 11 17 12 19 13 23 14 22 15 21 16 30 17 19 18 20 19 21 24 27 25 20 26 17 27 21 28 16 29 18 30 12 31 21 32 30 33 22 34 22 35 19 4 4 18 5 10 6 18 7 19 8 16 25 17 23 18 27 19 28 24 11 25 10 26 20 27 21 4 36 13 37 10 38 16 39 24
5 4 0 27 1 15 2 29 3 10 28 4 26 5 13 6 12 7 26 8 30 9 13 10 20 11 19 12 20 13 30 14 15 15 28 16 12 17 22 18 11 19 24 20 25 21 12 22 28 23 23 28 16 29 19 30 12 31 22 32 16 33 13 34 26 35 10 28 4 11 5 14 6 10 7 21 8 23 9 29 10 24 11 12 12 25 13 22 14 29 15 23 16 13 17 22 18 15 19 11 20 11 21 22 22 27 23 10 24 30 25 18 26 20 27 21 28 10 29 22 30 27 31 29 16 4 28 5 27 6 21 7 14 16 25 17 27 18 27 19 29 20 27 21 28 22 21 23 23 28 14 29 24 30 23 31 20 4 36 14 37 28 38 19 39 12
5 4 0 14 1 26 2 26 3 16 20 8 13 9 29 10 10 11 12 12 12 13 26 14 21 15 21 20 23 21 29 22 25 23 25 24 19 25 26 26 28 27 29 28 17 29 10 30 16 31 30 12 16 29 17 20 18 18 19 18 24 14 25 19 26 21 27 18 28 29 29 21 30 11 31 10 32 4 25 5 12 6 27 7 28 8 19 9 14 10 13 11 19 12 17 13 17 14 18 15 14 16 14 17 28 18 26 19 14 20 17 21 27 22 16 23 29 24 17 25 30 26 25 27 16 28 20 29 17 30 28 31 12 32 16 33 18 34 23 35 12 4 36 20 37 10 38 11 39 27
5 4 0 30 1 15 2 25 3 21 32 4 28 5 22 6 11 7 17 8 20 9 26 10 29 11 28 12 10 13 16 14 13 15 29 16 18 17 24 18 13 19 29 20 11 21 14 22 20 23 11 24 11 25 30 26 15 27 10 28 19 29 22 30 15 31 15 32 20 33 15 34 21 35 18 28 4 12 5 15 6 30 7 10 8 12 9 18 10 17 11 24 12 11 13 12 14 24 15 16 16 16 17 12 18 18 19 15 20 25 21 30 22 17 23 27 24 22 25 20 26 23 27 20 28 14 29 16 30 25 31 12 20 4 10 5 16 6 16 7 24 8 26 9 27 10 18 11 14 12 26 13 26 14 26 15 22 20 14 21 30 22 15 23 19 28 23 29 10 30 24 31 14 4 36 13 37 23 38 30 39 13
5 4 0 12 1 17 2 21 3 12 16 8 16 9 18 10 30 11 21 20 26 21 22 22 25 23 12 24 25 25 20 26 27 27 26 32 23 33 22 34 26 35 24 28 4 19 5 27 6 14 7 15 8 24 9 24 10 30 11 20 16 25 17 16 18 11 19 24 20 26 21 18 22 20 23 24 24 27 25 10 26 26 27 12 28 19 29 30 30 18 31 20 32 15 33 25 34 30 35 20 28 4 27 5 12 6 20 7 19 8 16 9 27 10 16 11 21 12 30 13 25 14 23 15 21 16 27 17 16 18 26 19 25 20 13 21 24 22 28 23 30 24 15 25 19 26 18 27 11 28 19 29 23 30 28 31 18 4 36 24 37 15 38 11 39 15
5 4 0 27 1 20 2 25 3 27 12 4 28 5 17 6 24 7 22 12 19 13 22 14 26 15 23 24 18 25 12 26 23 27 21 12 4 14 5 27 6 22 7 22 12 21 13 23 14 22 15 11 20 16 21 23 22 15 23 20 32 4 12 5 25 6 10 7 22 8 20 9 20 10 12 11 11 12 19 13 30 14 15 15 18 16 19 17 11 18 26 19 20 20 30 21 15 22 24 23 17 24 26 25 21 26 22 27 12 28 24 29 30 30 13 31 18 32 29 33 24 34 26 35 15 4 36 14 37 30 38 26 39 23
5 4 0 30 1 28 2 27 3 21 20 4 21 5 19 6 17 7 21 16 23 17 12 18 23 19 28 24 13 25 10 26 11 27 27 28 14 29 10 30 17 31 26 32 17 33 29 34 20 35 20 12 4 27 5 25 6 23 7 25 28 10 29 13 30 22 31 19 32 24 33 24 34 27 35 17 32 4 24 5 19 6 21 7 15 8 23 9 23 10 10 11 11 12 13 13 18 14 20 15 26 16 10 17 23 18 15 19 12 20 24 21 13 22 13 23 26 24 21 25 14 26 18 27 16 28 15 29 16 30 13 31 24 32 27 33 28 34 27 35 29 4 36 13 37 16 38 21 39 24
5 4 0 22 1 25 2 23 3 12 24 4 22 5 29 6 26 7 21 12 15 13 11 14 14 15 25 20 14 21 12 22 25 23 23 24 25 25 26 26 30 27 30 28 18 29 30 30 23 31 12 32 18 33 10 34 18 35 13 16 4 11 5 18 6 22 7 19 16 24 17 30 18 12 19 30 24 13 25 10 26 16 27 25 28 10 29 15 30 17 31 26 32 4 19 5 12 6 29 7 14 8 15 9 14 10 23 11 29 12 20 13 24 14 14 15 26 16 11 17 22 18 27 19 11 20 25 21 27 22 12 23 28 24 11 25 17 26 19 27 23 28 14 29 17 30 17 31 16 32 18 33 26 34 27 35 24 4 36 18 37 17 38 18 39 16
5 4 0 21 1 30 2 15 3 29 4 8 15 9 22 10 17 11 28 8 20 25 21 13 22 11 23 14 32 21 33 10 34 11 35 11 8 8 20 9 10 10 14 11 25 32 15 33 15 34 28 35 28 4 36 21 37 26 38 22 39 30
5 4 0 24 1 23 2 21 3 29 4 28 23 29 18 30 29 31 26 8 8 26 9 20 10 18 11 22 20 21 21 21 22 22 23 17 20 8 28 9 30 10 24 11 20 16 12 17 13 18 11 19 29 24 23 25 22 26 17 27 16 28 24 29 23 30 26 31 12 32 28 33 17 34 23 35 25 4 36 12 37 26 38 11 39 30
5 4 0 13 1 24 2 28 3 27 32 4 18 5 11 6 26 7 18 8 29 9 27 10 16 11 13 12 17 13 16 14 13 15 18 16 17 17 14 18 11 19 26 20 13 21 18 22 23 23 28 24 21 25 19 26 17 27 24 28 19 29 15 30 27 31 26 32 12 33 23 34 21 35 30 20 4 26 5 29 6 23 7 23 12 10 13 14 14 28 15 25 20 24 21 15 22 27 23 11 24 15 25 19 26 28 27 12 28 27 29 22 30 20 31 25 12 4 26 5 10 6 15 7 17 16 14 17 15 18 23 19 23 32 15 33 24 34 27 35 29 4 36 14 37 29 38 15 39 17
5 4 0 13 1 30 2 17 3 23 28 4 19 5 16 6 30 7 15 8 18 9 17 10 27 11 12 12 19 13 23 14 13 15 13 16 17 17 23 18 15 19 19 20 13 21 27 22 12 23 13 24 26 25 23 26 26 27 27 28 19 29 30 30 13 31 11 12 8 20 9 23 10 18 11 21 12 26 13 22 14 28 15 24 16 29 17 28 18 18 19 22 4 8 10 9 22 10 21 11 13 4 36 14 37 23 38 21 39 27
5 4 0 28 1 23 2 24 3 15 28 8 26 9 23 10 20 11 15 12 25 13 11 14 13 15 14 16 12 17 21 18 25 19 18 20 30 21 28 22 18 23 27 24 28 25 30 26 29 27 12 28 18 29 18 30 27 31 24 32 10 33 28 34 10 35 30 12 4 26 5 27 6 21 7 14 20 16 21 19 22 22 23 16 32 19 33 16 34 21 35 11 28 4 17 5 17 6 30 7 15 8 18 9 16 10 30 11 26 12 11 13 20 14 15 15 24 16 19 17 20 18 25 19 27 20 22 21 23 22 10 23 12 24 26 25 15 26 12 27 27 28 13 29 23 30 19 31 19 4 36 18 37 30 38 15 39 13
5 4 0 11 1 27 2 23 3 18 4 32 25 33 15 34 16 35 25 20 4 12 5 10 6 15 7 13 8 14 9 23 10 27 11 13 20 17 21 11 22 15 23 11 24 18 25 11 26 13 27 10 28 13 29 12 30 28 31 20 32 4 26 5 22 6 30 7 18 8 26 9 11 10 27 11 13 12 29 13 26 14 29 15 23 16 28 17 24 18 10 19 25 20 27 21 14 22 18 23 15 24 21 25 25 26 13 27 13 28 24 29 27 30 22 31 10 32 26 33 25 34 24 35 18 4 36 27 37 21 38 11 39 23
5 4 0 13 1 25 2 22 3 30 32 4 10 5 27 6 27 7 14 8 11 9 30 10 10 11 30 12 19 13 30 14 22 15 10 16 29 17 18 18 19 19 24 20 23 21 21 22 23 23 16 24 19 25 29 26 10 27 27 28 17 29 16 30 30 31 30 32 10 33 16 34 27 35 23 8 28 13 29 24 30 10 31 25 32 13 33 12 34 24 35 14 28 4 21 5 19 6 26 7 14 8 27 9 18 10 20 11 11 12 12 13 30 14 17 15 30 20 16 21 22 22 10 23 16 24 17 25 18 26 14 27 16 28 10 29 24 30 17 31 28 32 15 33 13 34 20 35 29 4 36 21 37 16 38 22 39 29
5 4 0 25 1 13 2 15 3 25 16 12 17 13 19 14 27 15 17 16 25 17 10 18 26 19 16 20 15 21 12 22 10 23 24 32 28 33 13 34 16 35 19 20 4 15 5 15 6 15 7 24 16 29 17 21 18 27 19 27 20 12 21 17 22 17 23 28 24 10 25 24 26 10 27 20 28 21 29 30 30 30 31 19 12 16 21 17 24 18 12 19 27 24 19 25 17 26 16 27 28 28 27 29 29 30 27 31 10 4 36 17 37 27 38 29 39 14
5 4 0 27 1 14 2 29 3 26 20 4 18 5 12 6 21 7 18 12 21 13 16 14 12 15 14 16 24 17 18 18 20 19 14 20 16 21 19 22 19 23 28 28 18 29 18 30 14 31 14 16 4 10 5 10 6 20 7 20 12 22 13 29 14 13 15 27 16 18 17 21 18 19 19 30 32 15 33 21 34 18 35 29 8 28 20 29 28 30 26 31 10 32 23 33 13 34 11 35 26 4 36 12 37 16 38 22 39 25
5 4 0 20 1 28 2 24 3 26 20 4 19 5 30 6 21 7 24 20 24 21 20 22 30 23 13 24 30 25 24 26 25 27 22 28 24 29 17 30 21 31 29 32 18 33 23 34 30 35 12 16 4 19 5 22 6 18 7 26 12 10 13 17 14 28 15 19 20 12 21 25 22 26 23 20 32 29 33 10 34 12 35 19 8 28 26 29 11 30 25 31 21 32 14 33 26 34 25 35 17 4 36 19 37 26 38 30 39 11
5 4 0 14 1 23 2 23 3 19 28 4 29 5 13 6 17 7 17 8 20 9 10 10 10 11 17 12 11 13 23 14 22 15 26 16 17 17 11 18 22 19 13 20 25 21 14 22 30 23 14 24 28 25 18 26 15 27 19 32 14 33 27 34 14 35 21 16 4 29 5 26 6 21 7 29 8 23 9 11 10 21 11 23 28 11 29 19 30 29 31 23 32 14 33 24 34 26 35 26 16 4 18 5 21 6 23 7 26 16 25 17 12 18 10 19 13 24 27 25 11 26 30 27 28 28 19 29 13 30 24 31 14 4 36 14 37 26 38 21 39 21
5 4 0 27 1 15 2 27 3 23 32 4 29 5 30 6 19 7 12 8 20 9 20 10 29 11 17 12 27 13 27 14 26 15 30 16 15 17 23 18 26 19 21 20 25 21 24 22 25 23 27 24 14 25 16 26 15 27 25 28 16 29 29 30 16 31 18 32 30 33 25 34 29 35 26 8 24 21 25 18 26 29 27 24 32 12 33 30 34 17 35 10 12 12 21 13 28 14 10 15 30 20 13 21 27 22 18 23 22 32 27 33 26 34 30 35 15 4 36 25 37 30 38 21 39 11
5 4 0 29 1 19 2 16 3 16 4 20 18 21 28 22 15 23 13 8 16 28 17 18 18 20 19 16 24 23 25 15 26 18 27 13 8 12 30 13 12 14 18 15 18 16 10 17 10 18 15 19 29 4 36 30 37 17 38 24 39 18
5 4 0 17 1 24 2 14 3 23 4 24 26 25 13 26 11 27 28 16 4 13 5 13 6 16 7 17 20 15 21 28 22 29 23 14 24 28 25 29 26 26 27 29 28 18 29 27 30 29 31 21 4 28 14 29 27 30 28 31 22 4 36 14 37 19 38 15 39 18
5 4 0 24 1 10 2 30 3 25 16 4 16 5 16 6 23 7 21 20 15 21 12 22 29 23 16 28 24 29 17 30 27 31 24 32 22 33 13 34 19 35 18 8 16 13 17 16 18 13 19 18 28 30 29 11 30 11 31 27 4 12 18 13 27 14 22 15 11 4 36 17 37 24 38 10 39 25
5 4 0 27 1 18 2 20 3 28 32 4 26 5 26 6 11 7 22 8 15 9 28 10 19 11 30 12 20 13 19 14 23 15 20 16 21 17 15 18 19 19 11 20 27 21 18 22 11 23 20 24 11 25 24 26 16 27 17 28 15 29 26 30 18 31 14 32 10 33 21 34 24 35 26 16 4 15 5 19 6 17 7 27 8 13 9 15 10 28 11 29 16 30 17 14 18 26 19 29 20 10 21 19 22 20 23 10 24 4 30 5 23 6 26 7 10 8 26 9 16 10 19 11 11 12 30 13 20 14 19 15 15 16 16 17 21 18 30 19 14 24 19 25 19 26 15 27 13 32 13 33 16 34 16 35 30 4 36 19 37 27 38 30 39 18
5 4 0 11 1 24 2 27 3 28 12 16 28 17 20 18 23 19 18 20 11 21 11 22 15 23 19 24 12 25 21 26 22 27 24 12 4 20 5 10 6 28 7 21 12 29 13 11 14 14 15 23 32 18 33 15 34 26 35 17 28 4 24 5 25 6 20 7 13 8 20 9 14 10 17 11 25 16 11 17 30 18 30 19 15 20 29 21 24 22 18 23 28 24 24 25 30 26 22 27 10 28 13 29 13 30 14 31 20 32 29 33 23 34 30 35 14 4 36 27 37 18 38 25 39 28
5 4 0 20 1 23 2 18 3 17 16 8 28 9 10 10 12 11 14 12 21 13 17 14 30 15 11 20 10 21 28 22 14 23 20 24 13 25 30 26 24 27 11 8 28 18 29 25 30 17 31 13 32 19 33 11 34 23 35 18 20 8 28 9 14 10 13 11 23 12 10 13 13 14 24 15 14 20 22 21 10 22 21 23 22 28 19 29 28 30 23 31 12 32 17 33 10 34 13 35 21 4 36 15 37 28 38 14 39 29
5 4 0 17 1 19 2 22 3 18 12 8 27 9 13 10 12 11 16 12 17 13 18 14 11 15 21 16 13 17 12 18 11 19 24 24 8 23 9 12 10 10 11 17 16 23 17 13 18 10 19 20 20 24 21 15 22 25 23 30 24 30 25 13 26 24 27 13 28 15 29 11 30 18 31 18 32 10 33 18 34 14 35 10 16 4 18 5 23 6 24 7 24 8 29 9 30 10 17 11 19 24 16 25 26 26 23 27 11 32 26 33 20 34 26 35 13 4 36 29 37 11 38 30 39 21
5 4 0 22 1 20 2 18 3 16 8 8 22 9 15 10 10 11 20 20 22 21 23 22 19 23 11 4 20 13 21 10 22 25 23 13 24 4 28 5 27 6 14 7 12 12 13 13 22 14 11 15 15 16 25 17 26 18 17 19 14 20 24 21 13 22 19 23 12 28 24 29 20 30 10 31 17 32 14 33 28 34 23 35 22 4 36 26 37 11 38 28 39 10
5 4 0 28 1 16 2 11 3 17 8 4 11 5 25 6 21 7 10 28 24 29 21 30 28 31 24 32 4 29 5 11 6 15 7 10 8 18 9 19 10 25 11 27 12 17 13 12 14 22 15 28 16 11 17 12 18 25 19 10 20 13 21 19 22 15 23 11 24 30 25 11 26 19 27 18 28 28 29 29 30 18 31 16 32 19 33 19 34 27 35 29 12 4 25 5 20 6 22 7 19 8 29 9 13 10 19 11 29 20 28 21 11 22 14 23 25 4 36 25 37 27 38 28 39 13
5 4 0 13 1 27 2 10 3 22 20 16 27 17 11 18 24 19 28 20 13 21 13 22 18 23 15 24 20 25 26 26 10 27 17 28 22 29 21 30 13 31 25 32 15 33 11 34 20 35 29 16 4 25 5 27 6 29 7 28 8 13 9 11 10 11 11 19 24 28 25 19 26 28 27 19 32 22 33 15 34 19 35 25 4 32 12 33 11 34 18 35 29 4 36 11 37 14 38 15 39 28
5 4 0 15 1 27 2 23 3 29 32 4 14 5 22 6 25 7 19 8 16 9 17 10 27 11 27 12 21 13 22 14 27 15 13 16 15 17 26 18 24 19 27 20 27 21 19 22 22 23 16 24 18 25 28 26 19 27 28 28 13 29 15 30 28 31 25 32 22 33 23 34 16 35 29 24 4 16 5 10 6 24 7 25 8 17 9 22 10 18 11 25 16 30 17 25 18 17 19 12 24 27 25 23 26 21 27 11 28 14 29 19 30 12 31 15 32 13 33 17 34 24 35 15 32 4 22 5 15 6 12 7 11 8 10 9 18 10 28 11 23 12 11 13 14 14 13 15 15 16 23 17 11 18 21 19 30 20 11 21 20 22 11 23 25 24 28 25 15 26 20 27 25 28 11 29 26 30 30 31 19 32 10 33 30 34 17 35 19 4 36 12 37 18 38 25 39 18
5 4 0 15 1 24 2 20 3 19 16 12 17 13 30 14 19 15 24 16 20 17 15 18 25 19 25 28 10 29 30 30 10 31 26 32 28 33 16 34 17 35 28 20 4 24 5 29 6 21 7 21 8 12 9 20 10 28 11 11 16 23 17 30 18 13 19 24 20 17 21 27 22 10 23 24 32 26 33 25 34 28 35 24 12 12 19 13 10 14 12 15 22 16 20 17 10 18 22 19 16 24 13 25 22 26 28 27 17 4 36 24 37 10 38 22 39 18
5 4 0 26 1 28 2 12 3 29 12 4 26 5 20 6 28 7 20 8 28 9 30 10 27 11 28 16 10 17 30 18 28 19 16 16 4 12 5 20 6 25 7 20 8 12 9 20 10 12 11 13 20 13 21 23 22 11 23 22 32 13 33 28 34 28 35 29 16 4 14 5 12 6 25 7 25 8 29 9 15 10 25 11 24 16 29 17 26 18 16 19 15 20 23 21 22 22 29 23 27 4 36 28 37 20 38 16 39 18
5 4 0 27 1 30 2 28 3 15 24 4 29 5 22 6 30 7 29 8 18 9 19 10 28 11 29 12 11 13 11 14 19 15 14 16 11 17 27 18 15 19 26 28 12 29 15 30 15 31 26 32 11 33 16 34 10 35 18 24 4 28 5 11 6 20 7 27 12 23 13 19 14 11 15 19 16 17 17 20 18 23 19 14 20 12 21 20 22 22 23 29 24 12 25 14 26 23 27 28 32 21 33 25 34 16 35 24 28 4 24 5 18 6 10 7 16 8 16 9 14 10 24 11 28 12 27 13 25 14 19 15 11 16 27 17 10 18 17 19 30 20 19 21 23 22 15 23 10 24 12 25 24 26 22 27 12 28 12 29 24 30 20 31 19 4 36 29 37 13 38 24 39 15
5 4 0 22 1 11 2 19 3 17 16 4 27 5 20 6 14 7 12 12 11 13 29 14 12 15 21 16 26 17 20 18 20 19 17 28 28 29 16 30 17 31 18 4 16 11 17 22 18 27 19 25 20 4 15 5 10 6 14 7 14 8 27 9 23 10 29 11 27 12 14 13 13 14 17 15 20 16 17 17 15 18 19 19 17 32 14 33 29 34 22 35 28 4 36 21 37 27 38 25 39 20
5 4 0 23 1 14 2 13 3 29 28 4 13 5 25 6 15 7 14 8 29 9 25 10 14 11 15 12 16 13 21 14 19 15 30 20 12 21 15 22 29 23 29 24 18 25 17 26 10 27 26 28 20 29 10 30 21 31 26 32 21 33 21 34 14 35 16 12 4 27 5 17 6 22 7 25 8 16 9 13 10 10 11 19 32 19 33 30 34 16 35 28 20 16 21 17 11 18 23 19 18 20 28 21 23 22 19 23 24 24 10 25 10 26 23 27 28 28 23 29 23 30 26 31 30 32 13 33 25 34 23 35 15 4 36 19 37 11 38 29 39 25
5 4 0 25 1 14 2 13 3 14 20 12 26 13 14 14 25 15 17 16 28 17 14 18 13 19 10 20 27 21 15 22 17 23 18 28 24 29 12 30 28 31 28 32 11 33 29 34 25 35 19 16 4 29 5 11 6 21 7 19 8 14 9 15 10 30 11 20 12 26 13 19 14 24 15 19 32 15 33 12 34 22 35 18 8 16 24 17 15 18 18 19 15 32 30 33 17 34 17 35 26 4 36 23 37 21 38 19 39 25
5 4 0 18 1 29 2 13 3 20 16 8 26 9 29 10 12 11 11 12 16 13 11 14 12 15 21 16 14 17 10 18 14 19 17 24 20 25 20 26 25 27 24 24 4 19 5 10 6 28 7 15 8 30 9 25 10 23 11 11 12 20 13 29 14 16 15 13 20 26 21 25 22 18 23 20 24 22 25 15 26 20 27 11 28 12 29 12 30 13 31 23 20 4 16 5 17 6 28 7 21 8 22 9 19 10 29 11 26 24 25 25 15 26 23 27 21 28 29 29 27 30 13 31 18 32 10 33 22 34 27 35 21 4 36 25 37 25 38 28 39 27
5 4 0 30 1 25 2 11 3 21 4 20 26 21 14 22 12 23 18 20 12 15 13 24 14 23 15 16 16 22 17 14 18 17 19 15 24 13 25 27 26 17 27 27 28 14 29 26 30 13 31 12 32 13 33 26 34 12 35 11 4 32 10 33 18 34 21 35 15 4 36 14 37 18 38 22 39 20
5 4 0 14 1 30 2 21 3 14 32 4 29 5 13 6 16 7 16 8 17 9 13 10 17 11 10 12 23 13 27 14 28 15 26 16 16 17 12 18 18 19 19 20 20 21 10 22 13 23 20 24 11 25 11 26 29 27 24 28 23 29 21 30 16 31 18 32 22 33 28 34 20 35 10 32 4 28 5 19 6 24 7 15 8 11 9 26 10 25 11 23 12 12 13 13 14 28 15 11 16 25 17 26 18 16 19 20 20 25 21 10 22 30 23 27 24 23 25 28 26 29 27 24 28 14 29 24 30 27 31 22 32 23 33 23 34 21 35 16 28 4 18 5 16 6 20 7 24 8 23 9 29 10 18 11 22 12 14 13 27 14 13 15 20 16 15 17 28 18 28 19 29 20 21 21 24 22 23 23 12 24 24 25 23 26 24 27 18 28 21 29 28 30 21 31 21 4 36 20 37 10 38 20 39 30
5 4 0 29 1 28 2 23 3 17 28 4 11 5 20 6 18 7 26 12 30 13 24 14 22 15 17 16 30 17 24 18 15 19 20 20 30 21 12 22 19 23 29 24 23 25 19 26 19 27 16 28 21 29 24 30 26 31 30 32 12 33 21 34 15 35 17 24 8 30 9 27 10 17 11 25 12 24 13 30 14 28 15 15 20 21 21 16 22 22 23 19 24 14 25 10 26 24 27 23 28 22 29 21 30 23 31 10 32 17 33 18 34 19 35 19 16 12 19 13 28 14 27 15 16 16 14 17 11 18 16 19 12 20 10 21 26 22 27 23 28 24 30 25 17 26 24 27 13 4 36 25 37 14 38 25 39 21
5 4 0 10 1 13 2 13 3 17 20 4 10 5 12 6 13 7 26 12 28 13 29 14 12 15 11 20 12 21 29 22 15 23 19 24 17 25 18 26 16 27 13 28 25 29 14 30 27 31 20 24 4 22 5 19 6 20 7 12 8 21 9 27 10 24 11 26 16 23 17 17 18 19 19 14 20 15 21 24 22 18 23 30 24 27 25 26 26 20 27 18 32 29 33 19 34 21 35 11 8 4 15 5 24 6 25 7 10 8 15 9 28 10 16 11 16 4 36 29 37 19 38 17 39 24
5 4 0 26 1 15 2 29 3 14 20 4 24 5 10 6 29 7 13 12 12 13 15 14 16 15 22 16 29 17 29 18 26 19 19 28 28 29 22 30 18 31 12 32 27 33 13 34 22 35 27 20 4 24 5 21 6 10 7 18 8 25 9 28 10 16 11 17 20 14 21 26 22 18 23 24 24 29 25 22 26 24 27 12 32 10 33 13 34 21 35 21 16 8 23 9 25 10 13 11 10 12 11 13 24 14 30 15 26 28 15 29 15 30 13 31 12 32 20 33 22 34 21 35 14 4 36 15 37 21 38 13 39 12
5 4 0 14 1 21 2 23 3 24 28 8 27 9 13 10 18 11 16 12 25 13 16 14 10 15 26 16 23 17 24 18 14 19 15 20 28 21 26 22 28 23 23 24 15 25 20 26 10 27 10 28 28 29 21 30 13 31 25 32 18 33 13 34 29 35 11 20 8 24 9 24 10 18 11 15 12 29 13 29 14 20 15 18 16 17 17 14 18 21 19 13 20 25 21 28 22 22 23 13 32 16 33 22 34 22 35 21 4 28 15 29 27 30 12 31 14 4 36 21 37 13 38 28 39 25
