20 40
5 4 0 13 1 16 2 11 3 27 8 4 13 5 25 6 28 7 18 20 22 21 21 22 16 23 26 24 4 22 5 10 6 27 7 16 8 20 9 12 10 17 11 23 12 22 13 16 14 28 15 15 20 17 21 19 22 15 23 29 28 25 29 24 30 18 31 10 32 13 33 26 34 27 35 19 8 12 24 13 13 14 26 15 24 20 20 21 29 22 24 23 18 4 36 29 37 15 38 14 39 10
5 4 0 15 1 19 2 21 3 12 8 16 22 17 28 18 29 19 14 28 21 29 23 30 25 31 11 12 12 28 13 25 14 11 15 12 16 28 17 19 18 28 19 12 28 14 29 30 30 13 31 30 12 20 16 21 11 22 21 23 20 28 29 29 14 30 26 31 23 32 20 33 29 34 16 35 15 4 36 11 37 21 38 30 39 23
5 4 0 10 1 21 2 18 3 14 32 4 27 5 25 6 19 7 27 8 19 9 24 10 16 11 10 12 22 13 21 14 20 15 30 16 25 17 20 18 11 19 22 20 10 21 16 22 17 23 20 24 17 25 18 26 26 27 10 28 19 29 16 30 14 31 10 32 12 33 23 34 13 35 21 20 8 16 9 19 10 12 11 17 12 26 13 15 14 10 15 28 16 30 17 30 18 20 19 30 20 16 21 20 22 10 23 24 24 16 25 12 26 25 27 23 28 4 10 5 27 6 13 7 29 8 13 9 22 10 30 11 26 12 26 13 13 14 22 15 20 16 16 17 24 18 27 19 24 24 15 25 10 26 30 27 18 28 27 29 20 30 22 31 14 32 26 33 28 34 12 35 24 4 36 29 37 22 38 20 39 21
5 4 0 11 1 11 2 23 3 25 12 4 21 5 15 6 29 7 16 12 28 13 24 14 22 15 23 16 17 17 26 18 12 19 14 16 12 11 13 23 14 29 15 17 16 24 17 12 18 29 19 25 20 28 21 16 22 18 23 29 28 19 29 15 30 24 31 29 24 4 10 5 21 6 17 7 11 8 22 9 29 10 24 11 19 12 29 13 26 14 10 15 13 16 27 17 24 18 13 19 16 24 29 25 15 26 18 27 25 32 16 33 30 34 29 35 28 4 36 17 37 13 38 10 39 18
5 4 0 24 1 10 2 25 3 24 16 8 17 9 22 10 21 11 22 20 12 21 11 22 15 23 14 28 11 29 30 30 24 31 12 32 16 33 26 34 26 35 22 28 8 23 9 25 10 10 11 10 12 27 13 22 14 19 15 28 16 14 17 18 18 26 19 15 20 17 21 20 22 22 23 13 24 15 25 23 26 23 27 25 28 30 29 12 30 12 31 22 32 20 33 15 34 28 35 26 24 4 12 5 16 6 22 7 24 12 16 13 20 14 30 15 21 16 19 17 27 18 25 19 16 20 13 21 24 22 21 23 10 28 23 29 11 30 23 31 29 32 22 33 19 34 30 35 25 4 36 15 37 14 38 14 39 28
5 4 0 28 1 29 2 10 3 21 24 4 23 5 12 6 12 7 14 16 16 17 15 18 21 19 20 20 25 21 24 22 13 23 16 24 27 25 17 26 16 27 16 28 13 29 18 30 24 31 15 32 28 33 12 34 19 35 22 12 4 15 5 10 6 17 7 15 8 11 9 24 10 18 11 12 12 15 13 10 14 13 15 24 16 8 15 9 27 10 29 11 17 12 27 13 13 14 11 15 21 28 28 29 27 30 24 31 26 32 26 33 20 34 28 35 17 4 36 12 37 12 38 23 39 20
5 4 0 17 1 19 2 22 3 17 4 20 18 21 20 22 11 23 13 32 4 27 5 22 6 13 7 10 8 18 9 25 10 15 11 24 12 25 13 21 14 17 15 19 16 19 17 13 18 20 19 19 20 25 21 15 22 22 23 15 24 13 25 17 26 29 27 12 28 28 29 30 30 11 31 12 32 14 33 13 34 29 35 14 20 4 27 5 25 6 17 7 26 12 11 13 10 14 19 15 20 20 18 21 24 22 12 23 14 24 19 25 19 26 26 27 30 28 20 29 29 30 19 31 18 4 36 11 37 21 38 25 39 11
5 4 0 23 1 26 2 14 3 22 4 24 25 25 27 26 27 27 19 20 4 16 5 18 6 20 7 14 8 24 9 17 10 27 11 28 12 15 13 11 14 29 15 25 20 12 21 23 22 18 23 18 28 22 29 27 30 12 31 19 12 4 19 5 26 6 21 7 19 16 29 17 10 18 21 19 16 32 30 33 30 34 29 35 12 4 36 12 37 26 38 27 39 22
5 4 0 24 1 12 2 18 3 23 32 4 12 5 19 6 30 7 17 8 29 9 20 10 10 11 30 12 23 13 10 14 12 15 21 16 18 17 10 18 24 19 20 20 20 21 18 22 10 23 17 24 17 25 18 26 27 27 10 28 24 29 27 30 11 31 23 32 17 33 21 34 13 35 10 32 4 24 5 16 6 23 7 20 8 14 9 20 10 26 11 24 12 14 13 16 14 20 15 28 16 17 17 10 18 14 19 18 20 11 21 28 22 22 23 20 24 14 25 21 26 16 27 17 28 17 29 16 30 24 31 20 32 12 33 30 34 15 35 13 28 8 21 9 26 10 20 11 27 12 20 13 18 14 11 15 22 16 23 17 20 18 14 19 27 20 16 21 24 22 15 23 29 24 14 25 13 26 22 27 14 28 15 29 21 30 12 31 21 32 26 33 23 34 16 35 17 4 36 15 37 19 38 19 39 14
5 4 0 10 1 17 2 29 3 18 12 16 20 17 30 18 10 19 11 24 16 25 25 26 21 27 26 28 25 29 26 30 19 31 27 20 8 27 9 17 10 16 11 16 12 29 13 23 14 16 15 26 16 15 17 25 18 15 19 22 28 23 29 27 30 25 31 18 32 12 33 19 34 28 35 10 24 8 19 9 30 10 19 11 28 12 25 13 16 14 20 15 16 16 14 17 29 18 13 19 14 24 17 25 15 26 10 27 13 28 12 29 24 30 24 31 23 32 25 33 17 34 15 35 14 4 36 10 37 14 38 13 39 24
5 4 0 10 1 18 2 20 3 10 32 4 24 5 23 6 13 7 30 8 24 9 11 10 27 11 15 12 26 13 20 14 16 15 23 16 10 17 24 18 15 19 29 20 19 21 22 22 16 23 29 24 10 25 14 26 18 27 30 28 19 29 27 30 13 31 10 32 19 33 17 34 10 35 16 20 4 30 5 24 6 30 7 18 8 27 9 25 10 28 11 20 12 19 13 19 14 21 15 23 20 30 21 19 22 12 23 13 32 11 33 16 34 18 35 23 20 16 24 17 10 18 23 19 13 20 30 21 19 22 21 23 14 24 10 25 24 26 15 27 16 28 10 29 11 30 24 31 27 32 19 33 27 34 12 35 18 4 36 25 37 29 38 22 39 30
5 4 0 26 1 25 2 13 3 28 4 12 27 13 26 14 22 15 15 8 8 22 9 12 10 21 11 12 16 26 17 23 18 26 19 29 24 4 16 5 11 6 12 7 29 8 19 9 14 10 11 11 11 12 11 13 15 14 14 15 21 16 25 17 14 18 30 19 13 20 13 21 26 22 26 23 16 32 18 33 25 34 20 35 26 4 36 15 37 25 38 17 39 10
5 4 0 10 1 10 2 15 3 13 8 24 18 25 10 26 18 27 17 32 11 33 23 34 16 35 23 16 4 10 5 22 6 14 7 28 12 14 13 30 14 21 15 24 28 19 29 10 30 24 31 12 32 14 33 27 34 21 35 12 32 4 22 5 30 6 21 7 18 8 11 9 23 10 28 11 11 12 10 13 26 14 27 15 18 16 25 17 16 18 15 19 19 20 21 21 27 22 16 23 27 24 23 25 24 26 20 27 29 28 16 29 10 30 22 31 20 32 28 33 25 34 21 35 18 4 36 22 37 23 38 10 39 11
5 4 0 29 1 18 2 23 3 14 8 16 21 17 28 18 14 19 29 20 26 21 25 22 25 23 28 12 12 20 13 20 14 12 15 30 16 16 17 24 18 19 19 25 24 22 25 28 26 22 27 12 24 4 17 5 21 6 29 7 11 8 18 9 14 10 25 11 27 12 13 13 22 14 24 15 22 16 12 17 21 18 28 19 21 24 10 25 18 26 27 27 16 28 10 29 13 30 10 31 14 4 36 10 37 28 38 20 39 19
5 4 0 28 1 30 2 23 3 24 24 4 25 5 25 6 24 7 10 8 17 9 12 10 16 11 17 16 18 17 25 18 12 19 14 20 22 21 19 22 11 23 26 28 24 29 14 30 10 31 20 32 11 33 22 34 10 35 26 28 4 24 5 15 6 20 7 25 12 29 13 13 14 13 15 12 16 12 17 30 18 18 19 10 20 15 21 20 22 20 23 12 24 19 25 15 26 23 27 28 28 23 29 20 30 19 31 29 32 26 33 21 34 27 35 12 24 4 11 5 19 6 14 7 30 12 14 13 13 14 12 15 28 16 10 17 23 18 16 19 24 20 20 21 27 22 12 23 16 24 12 25 23 26 18 27 12 28 11 29 16 30 22 31 22 4 36 30 37 22 38 11 39 11
5 4 0 22 1 28 2 30 3 27 24 4 23 5 12 6 11 7 21 8 23 9 14 10 12 11 11 12 25 13 24 14 10 15 13 20 29 21 26 22 21 23 28 24 11 25 11 26 29 27 18 32 15 33 23 34 27 35 12 4 4 18 5 26 6 28 7 30 28 4 28 5 29 6 13 7 26 12 24 13 25 14 27 15 10 16 13 17 14 18 20 19 20 20 17 21 15 22 12 23 12 24 27 25 29 26 10 27 29 28 25 29 13 30 28 31 15 32 29 33 13 34 23 35 30 4 36 12 37 10 38 12 39 23
5 4 0 26 1 17 2 30 3 23 16 12 29 13 19 14 22 15 11 20 21 21 26 22 20 23 23 24 19 25 13 26 28 27 17 28 16 29 18 30 23 31 17 24 4 30 5 11 6 12 7 21 8 15 9 23 10 12 11 10 12 12 13 20 14 24 15 24 16 18 17 26 18 16 19 16 20 12 21 29 22 17 23 13 28 13 29 29 30 20 31 19 4 8 10 9 22 10 27 11 16 4 36 18 37 30 38 22 39 18
5 4 0 16 1 18 2 18 3 29 24 8 25 9 20 10 11 11 25 12 23 13 22 14 18 15 28 16 18 17 17 18 14 19 14 20 15 21 21 22 28 23 15 24 28 25 25 26 12 27 26 28 24 29 26 30 15 31 16 32 4 25 5 17 6 13 7 22 8 11 9 24 10 25 11 30 12 21 13 22 14 18 15 30 16 21 17 19 18 21 19 27 20 19 21 27 22 23 23 11 24 28 25 26 26 10 27 12 28 20 29 15 30 13 31 24 32 14 33 13 34 19 35 28 16 12 16 13 17 14 12 15 18 24 21 25 24 26 18 27 15 28 16 29 13 30 13 31 27 32 25 33 11 34 13 35 28 4 36 25 37 22 38 18 39 24
5 4 0 26 1 16 2 14 3 15 12 12 21 13 13 14 18 15 13 20 28 21 29 22 18 23 29 24 15 25 30 26 13 27 17 16 4 18 5 26 6 10 7 11 8 14 9 23 10 23 11 16 28 12 29 25 30 19 31 14 32 22 33 13 34 15 35 17 8 8 27 9 20 10 22 11 23 32 22 33 15 34 18 35 29 4 36 25 37 27 38 17 39 20
5 4 0 10 1 16 2 30 3 16 16 4 17 5 24 6 24 7 24 16 29 17 24 18 19 19 10 24 13 25 30 26 19 27 13 28 11 29 16 30 10 31 22 28 4 26 5 13 6 14 7 16 8 20 9 16 10 18 11 19 12 10 13 27 14 30 15 21 16 22 17 17 18 30 19 18 20 16 21 22 22 14 23 19 24 14 25 17 26 12 27 14 32 11 33 13 34 30 35 11 16 4 27 5 30 6 14 7 18 16 18 17 18 18 10 19 22 28 18 29 19 30 16 31 10 32 27 33 26 34 12 35 23 4 36 23 37 20 38 29 39 25
