20 40
5 4 0 30 1 29 2 12 3 17 20 4 18 5 10 6 28 7 26 8 14 9 16 10 17 11 29 20 24 21 22 22 26 23 14 24 25 25 14 26 13 27 24 32 16 33 29 34 30 35 20 24 4 25 5 17 6 16 7 15 8 21 9 28 10 13 11 28 16 24 17 14 18 29 19 14 24 28 25 21 26 30 27 29 28 11 29 24 30 29 31 15 32 26 33 17 34 22 35 23 16 8 16 9 24 10 24 11 15 16 15 17 22 18 17 19 27 24 16 25 18 26 25 27 24 28 29 29 10 30 18 31 14 4 36 14 37 11 38 14 39 14
5 4 0 23 1 11 2 26 3 13 28 8 10 9 23 10 17 11 13 12 30 13 11 14 16 15 29 16 11 17 16 18 20 19 28 20 18 21 25 22 12 23 20 24 28 25 14 26 16 27 25 28 12 29 19 30 19 31 12 32 25 33 14 34 10 35 27 32 4 27 5 19 6 23 7 14 8 27 9 17 10 15 11 14 12 21 13 22 14 16 15 27 16 14 17 12 18 23 19 23 20 23 21 30 22 15 23 24 24 25 25 18 26 21 27 28 28 24 29 10 30 17 31 22 32 23 33 28 34 30 35 16 32 4 22 5 20 6 18 7 16 8 12 9 18 10 19 11 30 12 28 13 20 14 26 15 28 16 21 17 13 18 16 19 13 20 17 21 23 22 30 23 30 24 11 25 28 26 13 27 21 28 20 29 28 30 15 31 15 32 18 33 20 34 15 35 30 4 36 29 37 19 38 21 39 29
5 4 0 27 1 12 2 11 3 11 16 4 19 5 15 6 25 7 15 12 29 13 12 14 27 15 15 16 25 17 20 18 13 19 30 28 14 29 27 30 11 31 26 16 4 16 5 17 6 27 7 24 16 26 17 23 18 12 19 25 24 23 25 13 26 15 27 28 32 27 33 22 34 15 35 25 12 16 16 17 29 18 24 19 30 28 14 29 15 30 16 31 24 32 26 33 30 34 17 35 15 4 36 13 37 18 38 29 39 24
5 4 0 25 1 21 2 15 3 15 28 4 15 5 25 6 25 7 18 12 22 13 29 14 27 15 21 16 10 17 19 18 20 19 11 20 24 21 16 22 25 23 18 24 26 25 14 26 27 27 15 28 11 29 22 30 10 31 29 32 17 33 11 34 26 35 11 8 20 21 21 13 22 19 23 11 24 12 25 24 26 18 27 26 20 4 12 5 30 6 17 7 17 8 26 9 29 10 30 11 16 16 23 17 22 18 24 19 12 24 29 25 19 26 11 27 24 32 28 33 12 34 13 35 19 4 36 14 37 12 38 19 39 24
5 4 0 24 1 27 2 25 3 13 8 4 15 5 20 6 10 7 12 24 17 25 19 26 14 27 19 28 4 12 5 16 6 22 7 22 8 27 9 25 10 12 11 28 12 27 13 27 14 26 15 22 16 23 17 17 18 18 19 29 20 17 21 15 22 19 23 22 28 18 29 22 30 19 31 11 32 18 33 22 34 22 35 13 28 4 16 5 27 6 26 7 28 8 18 9 26 10 30 11 25 12 22 13 16 14 23 15 24 20 11 21 16 22 24 23 21 24 24 25 11 26 24 27 30 28 19 29 15 30 18 31 28 32 21 33 24 34 28 35 30 4 36 29 37 25 38 30 39 12
5 4 0 21 1 23 2 28 3 20 16 12 22 13 17 14 30 15 28 20 10 21 21 22 15 23 12 24 14 25 14 26 25 27 14 32 21 33 24 34 18 35 22 4 16 12 17 16 18 21 19 23 8 16 18 17 27 18 14 19 10 32 12 33 25 34 27 35 19 4 36 27 37 10 38 22 39 28
5 4 0 21 1 28 2 20 3 30 12 4 10 5 18 6 27 7 26 8 10 9 12 10 17 11 29 16 22 17 30 18 11 19 29 20 4 17 5 13 6 30 7 12 8 14 9 22 10 12 11 29 12 18 13 20 14 26 15 20 20 27 21 12 22 21 23 30 24 27 25 28 26 25 27 25 20 8 18 9 24 10 19 11 20 12 12 13 29 14 18 15 21 20 30 21 25 22 13 23 17 24 29 25 13 26 23 27 30 32 27 33 13 34 29 35 24 4 36 21 37 16 38 23 39 14
5 4 0 24 1 29 2 17 3 14 8 4 18 5 13 6 21 7 24 12 30 13 22 14 14 15 13 8 12 22 13 16 14 23 15 19 28 26 29 27 30 12 31 12 20 8 20 9 20 10 19 11 20 12 10 13 27 14 12 15 22 16 15 17 27 18 25 19 20 20 26 21 14 22 13 23 13 28 29 29 17 30 21 31 10 4 36 27 37 12 38 26 39 13
5 4 0 27 1 23 2 27 3 25 16 4 19 5 30 6 11 7 27 8 22 9 25 10 10 11 10 20 18 21 21 22 11 23 28 24 24 25 12 26 22 27 25 28 4 17 5 23 6 17 7 14 8 28 9 28 10 10 11 29 16 30 17 15 18 16 19 15 20 22 21 27 22 29 23 24 24 27 25 20 26 11 27 17 28 17 29 17 30 27 31 20 32 12 33 30 34 21 35 28 24 8 25 9 15 10 26 11 28 12 20 13 26 14 25 15 30 16 23 17 26 18 12 19 16 20 29 21 18 22 21 23 12 28 12 29 26 30 30 31 21 32 16 33 28 34 13 35 29 4 36 29 37 25 38 26 39 27
5 4 0 11 1 19 2 20 3 26 16 12 21 13 17 14 17 15 29 24 17 25 19 26 18 27 23 28 30 29 20 30 11 31 22 32 21 33 22 34 21 35 19 24 4 25 5 23 6 25 7 16 12 13 13 13 14 19 15 11 16 18 17 16 18 26 19 12 20 25 21 12 22 22 23 20 24 11 25 13 26 22 27 15 32 12 33 30 34 10 35 11 16 8 28 9 28 10 12 11 10 12 15 13 20 14 12 15 23 24 22 25 30 26 19 27 21 32 19 33 28 34 21 35 14 4 36 10 37 28 38 12 39 27
5 4 0 14 1 24 2 26 3 15 4 28 18 29 16 30 24 31 18 28 8 24 9 24 10 10 11 20 12 29 13 19 14 19 15 13 16 18 17 30 18 27 19 23 20 11 21 27 22 21 23 16 24 21 25 13 26 15 27 16 28 25 29 13 30 25 31 23 32 19 33 26 34 10 35 28 24 4 30 5 23 6 10 7 15 8 28 9 30 10 11 11 11 12 17 13 27 14 17 15 20 16 20 17 18 18 12 19 17 24 15 25 24 26 26 27 12 32 25 33 27 34 22 35 18 4 36 15 37 12 38 27 39 17
5 4 0 11 1 14 2 12 3 28 12 8 12 9 12 10 27 11 11 20 23 21 23 22 21 23 23 32 17 33 24 34 17 35 29 28 4 26 5 23 6 15 7 29 8 14 9 12 10 22 11 11 12 28 13 26 14 30 15 28 16 24 17 14 18 15 19 27 20 21 21 13 22 10 23 30 24 23 25 12 26 19 27 20 28 11 29 16 30 29 31 22 24 4 15 5 17 6 26 7 26 12 24 13 16 14 22 15 23 16 24 17 14 18 22 19 14 20 15 21 29 22 25 23 14 28 26 29 16 30 14 31 18 32 25 33 28 34 15 35 15 4 36 29 37 21 38 19 39 10
5 4 0 27 1 12 2 23 3 11 20 4 28 5 25 6 19 7 21 16 22 17 22 18 29 19 22 24 11 25 15 26 16 27 12 28 11 29 24 30 10 31 19 32 27 33 25 34 20 35 26 24 8 11 9 29 10 23 11 21 12 20 13 19 14 11 15 28 16 20 17 27 18 30 19 12 20 29 21 25 22 17 23 14 24 12 25 12 26 11 27 15 28 23 29 12 30 19 31 19 16 12 27 13 28 14 25 15 19 16 14 17 10 18 29 19 21 24 22 25 20 26 26 27 17 28 27 29 21 30 29 31 20 4 36 29 37 14 38 19 39 19
5 4 0 27 1 17 2 14 3 29 4 28 10 29 25 30 11 31 22 24 4 10 5 24 6 11 7 27 8 22 9 12 10 20 11 17 12 24 13 12 14 15 15 21 20 30 21 21 22 27 23 28 28 14 29 23 30 13 31 10 32 30 33 26 34 11 35 10 4 32 24 33 14 34 28 35 21 4 36 21 37 21 38 14 39 16
5 4 0 23 1 18 2 30 3 30 4 4 22 5 22 6 21 7 29 32 4 10 5 19 6 27 7 19 8 20 9 25 10 14 11 25 12 16 13 21 14 25 15 15 16 19 17 18 18 29 19 29 20 21 21 10 22 22 23 21 24 29 25 14 26 30 27 14 28 19 29 23 30 15 31 24 32 12 33 19 34 14 35 18 20 4 15 5 10 6 25 7 21 12 15 13 30 14 16 15 12 16 28 17 15 18 30 19 21 20 21 21 24 22 28 23 21 24 13 25 29 26 28 27 18 4 36 26 37 13 38 21 39 12
5 4 0 26 1 28 2 12 3 24 8 12 16 13 17 14 19 15 14 28 13 29 22 30 28 31 13 32 4 26 5 19 6 15 7 16 8 30 9 12 10 25 11 26 12 24 13 13 14 25 15 30 16 29 17 18 18 14 19 24 20 26 21 11 22 24 23 12 24 13 25 29 26 23 27 14 28 20 29 21 30 29 31 15 32 17 33 23 34 15 35 29 32 4 29 5 22 6 15 7 25 8 16 9 23 10 30 11 26 12 27 13 18 14 21 15 16 16 13 17 30 18 19 19 14 20 12 21 16 22 20 23 19 24 18 25 18 26 10 27 10 28 26 29 22 30 16 31 18 32 21 33 24 34 19 35 16 4 36 24 37 22 38 18 39 23
5 4 0 10 1 27 2 21 3 12 4 16 28 17 13 18 24 19 15 24 4 13 5 11 6 24 7 17 8 19 9 30 10 14 11 23 12 15 13 28 14 19 15 12 20 24 21 15 22 29 23 17 24 19 25 11 26 26 27 18 32 19 33 14 34 27 35 29 20 4 12 5 16 6 29 7 29 8 27 9 24 10 16 11 28 12 20 13 24 14 28 15 15 16 10 17 27 18 21 19 15 24 27 25 25 26 10 27 21 4 36 17 37 18 38 17 39 15
5 4 0 25 1 13 2 15 3 21 28 4 30 5 13 6 27 7 12 8 27 9 23 10 11 11 30 12 25 13 30 14 27 15 13 16 18 17 14 18 29 19 12 20 27 21 17 22 26 23 25 24 29 25 21 26 21 27 29 28 19 29 14 30 21 31 24 32 4 22 5 17 6 22 7 22 8 16 9 27 10 15 11 11 12 26 13 18 14 27 15 30 16 17 17 18 18 26 19 13 20 16 21 15 22 28 23 24 24 28 25 29 26 19 27 10 28 30 29 30 30 29 31 15 32 29 33 19 34 15 35 26 28 4 18 5 17 6 28 7 25 12 26 13 25 14 14 15 18 16 25 17 10 18 24 19 21 20 29 21 13 22 20 23 26 24 13 25 26 26 12 27 12 28 25 29 17 30 10 31 26 32 24 33 13 34 29 35 21 4 36 21 37 10 38 21 39 18
5 4 0 24 1 16 2 25 3 24 4 12 17 13 14 14 23 15 15 32 4 17 5 28 6 23 7 17 8 17 9 22 10 20 11 30 12 28 13 22 14 13 15 15 16 26 17 17 18 28 19 16 20 16 21 28 22 22 23 29 24 25 25 12 26 17 27 21 28 16 29 21 30 28 31 27 32 16 33 24 34 20 35 15 32 4 24 5 21 6 24 7 23 8 13 9 10 10 30 11 30 12 28 13 19 14 18 15 16 16 15 17 17 18 23 19 10 20 12 21 15 22 10 23 11 24 18 25 12 26 20 27 22 28 23 29 15 30 24 31 15 32 27 33 27 34 14 35 26 4 36 30 37 24 38 18 39 23
5 4 0 22 1 21 2 17 3 13 16 8 15 9 12 10 13 11 18 12 25 13 29 14 10 15 11 16 14 17 18 18 19 19 26 32 10 33 11 34 13 35 15 8 20 28 21 13 22 24 23 27 24 10 25 20 26 12 27 29 12 20 22 21 24 22 18 23 12 24 22 25 27 26 10 27 25 32 28 33 29 34 27 35 27 4 36 19 37 11 38 17 39 27
