50 40
5 4 0 10 1 16 2 13 3 23 20 4 11 5 11 6 11 7 27 12 14 13 12 14 20 15 27 20 15 21 12 22 29 23 10 24 30 25 21 26 30 27 12 28 18 29 19 30 14 31 28 16 8 27 9 23 10 15 11 14 12 16 13 25 14 27 15 16 16 16 17 25 18 28 19 15 32 28 33 28 34 23 35 30 24 4 13 5 13 6 11 7 29 8 20 9 28 10 15 11 28 16 24 17 16 18 21 19 29 20 10 21 15 22 11 23 20 24 18 25 26 26 25 27 14 28 30 29 16 30 12 31 22 4 36 28 37 12 38 18 39 15
5 4 0 21 1 23 2 27 3 27 12 16 22 17 14 18 27 19 27 20 28 21 11 22 25 23 17 24 15 25 28 26 15 27 11 8 4 14 5 28 6 18 7 21 20 17 21 10 22 20 23 13 12 20 25 21 13 22 30 23 20 24 20 25 26 26 10 27 30 32 29 33 25 34 23 35 28 4 36 14 37 30 38 18 39 16
5 4 0 25 1 23 2 28 3 23 12 12 27 13 12 14 24 15 28 16 26 17 16 18 18 19 23 28 28 29 30 30 15 31 22 20 8 17 9 29 10 24 11 19 12 22 13 17 14 15 15 20 20 25 21 29 22 13 23 18 24 17 25 13 26 11 27 24 32 26 33 28 34 26 35 27 16 8 13 9 10 10 15 11 21 20 29 21 13 22 18 23 10 24 15 25 29 26 22 27 27 32 17 33 19 34 30 35 14 4 36 15 37 27 38 24 39 27
5 4 0 22 1 12 2 15 3 16 4 12 25 13 27 14 26 15 25 8 12 24 13 29 14 16 15 22 28 16 29 22 30 27 31 23 16 4 16 5 17 6 27 7 27 8 28 9 19 10 22 11 23 12 24 13 11 14 11 15 25 16 26 17 15 18 10 19 13 4 36 29 37 16 38 27 39 23
5 4 0 26 1 27 2 21 3 10 32 4 13 5 29 6 25 7 16 8 29 9 22 10 25 11 15 12 26 13 26 14 19 15 27 16 22 17 25 18 15 19 12 20 14 21 24 22 26 23 18 24 13 25 19 26 29 27 10 28 10 29 21 30 23 31 28 32 24 33 26 34 15 35 13 32 4 18 5 16 6 14 7 22 8 27 9 20 10 10 11 29 12 12 13 20 14 29 15 12 16 28 17 14 18 17 19 24 20 17 21 25 22 23 23 23 24 11 25 19 26 16 27 24 28 19 29 28 30 25 31 27 32 14 33 16 34 23 35 26 32 4 20 5 20 6 13 7 20 8 15 9 16 10 22 11 28 12 17 13 28 14 26 15 12 16 12 17 15 18 29 19 27 20 26 21 24 22 29 23 10 24 27 25 30 26 11 27 22 28 28 29 19 30 12 31 19 32 13 33 11 34 30 35 25 4 36 22 37 19 38 19 39 28
5 4 0 20 1 18 2 29 3 25 12 8 22 9 18 10 26 11 13 16 20 17 20 18 21 19 12 28 15 29 24 30 22 31 14 16 8 15 9 24 10 19 11 16 12 18 13 15 14 16 15 25 16 17 17 30 18 18 19 22 24 10 25 11 26 19 27 29 16 4 22 5 21 6 26 7 14 12 15 13 21 14 21 15 10 16 21 17 28 18 22 19 19 32 29 33 20 34 20 35 16 4 36 15 37 12 38 11 39 29
5 4 0 13 1 26 2 30 3 11 28 4 26 5 10 6 21 7 13 8 28 9 23 10 18 11 29 12 13 13 25 14 16 15 28 16 19 17 13 18 16 19 10 20 11 21 24 22 15 23 12 24 27 25 20 26 28 27 16 32 15 33 28 34 10 35 24 24 4 10 5 20 6 10 7 21 8 29 9 26 10 30 11 13 12 15 13 13 14 27 15 19 16 24 17 21 18 16 19 24 28 19 29 10 30 20 31 20 32 27 33 30 34 16 35 30 12 4 30 5 19 6 10 7 14 20 30 21 12 22 14 23 12 32 10 33 27 34 24 35 14 4 36 29 37 14 38 24 39 21
5 4 0 25 1 26 2 20 3 10 20 4 17 5 10 6 24 7 24 12 17 13 21 14 13 15 20 16 11 17 13 18 22 19 29 24 14 25 16 26 13 27 10 32 10 33 27 34 30 35 30 32 4 17 5 16 6 17 7 20 8 15 9 13 10 28 11 15 12 28 13 23 14 11 15 27 16 23 17 15 18 30 19 11 20 11 21 20 22 26 23 13 24 17 25 15 26 28 27 10 28 12 29 15 30 24 31 28 32 13 33 14 34 15 35 18 20 8 22 9 30 10 15 11 13 12 29 13 20 14 14 15 13 16 21 17 19 18 20 19 11 28 28 29 20 30 27 31 18 32 19 33 22 34 12 35 24 4 36 26 37 13 38 15 39 13
5 4 0 22 1 30 2 10 3 26 16 12 11 13 21 14 15 15 24 16 11 17 23 18 17 19 29 24 29 25 10 26 30 27 19 32 10 33 27 34 27 35 18 24 4 20 5 23 6 11 7 23 12 18 13 15 14 28 15 15 16 16 17 15 18 13 19 27 24 15 25 10 26 11 27 26 28 29 29 24 30 16 31 17 32 28 33 26 34 30 35 15 24 4 14 5 26 6 16 7 10 12 29 13 19 14 17 15 13 16 18 17 12 18 18 19 12 24 30 25 11 26 15 27 16 28 16 29 20 30 21 31 18 32 13 33 29 34 16 35 11 4 36 10 37 15 38 13 39 22
5 4 0 27 1 22 2 22 3 26 12 4 20 5 19 6 29 7 14 8 24 9 19 10 12 11 28 12 19 13 29 14 24 15 29 28 4 26 5 23 6 30 7 21 8 23 9 15 10 21 11 23 12 30 13 16 14 28 15 25 16 11 17 20 18 13 19 21 20 29 21 24 22 29 23 22 28 26 29 22 30 22 31 22 32 12 33 20 34 20 35 12 16 4 22 5 17 6 11 7 23 12 24 13 18 14 16 15 28 16 15 17 16 18 24 19 13 32 12 33 19 34 19 35 30 4 36 11 37 29 38 30 39 15
5 4 0 14 1 15 2 10 3 14 28 4 26 5 12 6 30 7 23 8 17 9 20 10 28 11 17 12 27 13 11 14 12 15 21 16 28 17 29 18 14 19 11 20 13 21 23 22 16 23 30 28 29 29 21 30 15 31 20 32 12 33 26 34 20 35 12 4 16 30 17 12 18 25 19 12 4 8 14 9 28 10 17 11 24 4 36 16 37 15 38 27 39 18
5 4 0 22 1 15 2 15 3 10 24 4 12 5 12 6 28 7 17 8 18 9 24 10 22 11 26 20 26 21 10 22 12 23 17 24 13 25 28 26 30 27 13 28 21 29 12 30 26 31 25 32 22 33 19 34 20 35 24 28 4 22 5 30 6 20 7 12 8 25 9 28 10 25 11 13 12 11 13 11 14 21 15 24 16 25 17 29 18 30 19 28 20 30 21 24 22 21 23 24 28 11 29 30 30 23 31 23 32 24 33 26 34 29 35 12 8 16 27 17 12 18 11 19 15 24 18 25 12 26 28 27 24 4 36 22 37 20 38 18 39 11
5 4 0 10 1 26 2 13 3 28 4 16 11 17 26 18 28 19 10 24 8 26 9 12 10 30 11 29 12 27 13 13 14 10 15 29 16 21 17 16 18 11 19 24 24 21 25 19 26 16 27 29 28 12 29 16 30 14 31 18 32 12 33 15 34 16 35 11 16 8 30 9 24 10 16 11 22 16 27 17 15 18 21 19 17 28 12 29 21 30 18 31 12 32 22 33 12 34 15 35 12 4 36 22 37 26 38 18 39 18
5 4 0 21 1 25 2 24 3 16 12 16 27 17 11 18 25 19 19 20 18 21 12 22 13 23 12 24 30 25 22 26 19 27 19 28 4 29 5 18 6 13 7 20 12 12 13 11 14 10 15 18 16 14 17 27 18 30 19 18 20 13 21 20 22 12 23 15 24 27 25 16 26 17 27 22 28 25 29 14 30 13 31 12 32 10 33 13 34 28 35 12 28 4 12 5 12 6 25 7 14 8 22 9 10 10 10 11 13 12 15 13 10 14 24 15 24 16 18 17 12 18 23 19 28 20 28 21 20 22 20 23 23 24 28 25 12 26 18 27 19 32 21 33 29 34 24 35 22 4 36 17 37 28 38 21 39 21
5 4 0 20 1 23 2 15 3 15 4 4 12 5 14 6 14 7 28 16 4 24 5 18 6 23 7 23 8 16 9 29 10 10 11 30 28 22 29 22 30 26 31 21 32 14 33 21 34 14 35 30 24 4 20 5 14 6 21 7 30 8 10 9 23 10 23 11 15 16 20 17 25 18 21 19 19 20 21 21 15 22 23 23 10 24 21 25 22 26 17 27 22 28 12 29 24 30 25 31 16 4 36 22 37 27 38 20 39 27
5 4 0 26 1 28 2 14 3 18 16 4 27 5 13 6 16 7 12 12 27 13 29 14 15 15 10 16 30 17 18 18 18 19 13 20 23 21 29 22 15 23 16 8 12 14 13 30 14 11 15 10 24 26 25 15 26 21 27 26 8 24 22 25 15 26 30 27 25 32 25 33 12 34 22 35 19 4 36 19 37 27 38 18 39 10
5 4 0 23 1 28 2 19 3 21 4 8 25 9 30 10 26 11 15 28 8 30 9 16 10 24 11 19 12 19 13 15 14 20 15 15 16 22 17 20 18 28 19 25 20 23 21 17 22 29 23 19 24 19 25 13 26 14 27 10 28 30 29 22 30 24 31 26 32 30 33 25 34 20 35 20 8 16 17 17 14 18 30 19 15 20 24 21 26 22 25 23 10 4 36 15 37 12 38 26 39 27
5 4 0 23 1 29 2 28 3 13 24 8 21 9 30 10 26 11 24 12 14 13 19 14 17 15 20 16 14 17 22 18 16 19 14 20 26 21 27 22 12 23 21 28 13 29 10 30 16 31 25 32 29 33 21 34 11 35 15 12 8 25 9 14 10 19 11 21 24 14 25 15 26 24 27 14 32 24 33 15 34 10 35 10 12 4 19 5 24 6 20 7 20 12 15 13 17 14 29 15 18 28 11 29 25 30 10 31 10 4 36 11 37 15 38 24 39 18
5 4 0 21 1 25 2 13 3 22 8 4 30 5 21 6 11 7 17 24 21 25 22 26 29 27 11 4 32 11 33 14 34 22 35 12 28 4 21 5 10 6 19 7 23 8 25 9 25 10 19 11 10 12 23 13 30 14 21 15 13 16 24 17 13 18 23 19 19 20 25 21 13 22 20 23 20 24 21 25 23 26 25 27 14 32 12 33 14 34 22 35 21 4 36 22 37 10 38 24 39 11
5 4 0 11 1 11 2 16 3 25 12 12 24 13 17 14 11 15 25 20 21 21 27 22 30 23 20 28 16 29 15 30 30 31 26 16 4 10 5 19 6 10 7 18 12 11 13 12 14 20 15 13 28 23 29 22 30 30 31 23 32 10 33 23 34 22 35 22 20 4 26 5 22 6 17 7 12 8 12 9 21 10 11 11 25 12 18 13 13 14 19 15 19 24 11 25 14 26 25 27 13 32 26 33 28 34 30 35 16 4 36 10 37 20 38 21 39 13
5 4 0 28 1 17 2 28 3 23 28 4 19 5 25 6 29 7 22 8 11 9 24 10 13 11 28 12 14 13 24 14 15 15 22 16 30 17 28 18 21 19 21 20 23 21 27 22 14 23 10 24 13 25 18 26 30 27 20 28 22 29 15 30 13 31 12 28 4 27 5 22 6 25 7 20 8 13 9 29 10 16 11 17 12 11 13 22 14 12 15 27 16 17 17 19 18 17 19 26 24 15 25 25 26 30 27 24 28 13 29 24 30 10 31 24 32 10 33 25 34 25 35 23 20 12 21 13 12 14 18 15 21 16 17 17 19 18 16 19 21 24 12 25 28 26 13 27 23 28 20 29 11 30 24 31 21 32 21 33 25 34 13 35 27 4 36 29 37 27 38 18 39 14
5 4 0 24 1 19 2 21 3 25 12 12 18 13 10 14 25 15 23 20 19 21 26 22 13 23 10 24 22 25 24 26 24 27 27 32 4 27 5 22 6 26 7 16 8 17 9 18 10 26 11 17 12 23 13 17 14 27 15 28 16 25 17 16 18 24 19 24 20 27 21 25 22 17 23 10 24 12 25 24 26 25 27 22 28 29 29 28 30 28 31 22 32 11 33 22 34 10 35 14 16 12 25 13 16 14 29 15 28 16 16 17 22 18 29 19 30 24 20 25 22 26 27 27 12 32 13 33 18 34 15 35 27 4 36 14 37 18 38 28 39 14
5 4 0 11 1 20 2 12 3 14 16 16 10 17 20 18 29 19 12 20 11 21 29 22 15 23 27 24 13 25 29 26 11 27 23 32 14 33 18 34 11 35 17 20 12 15 13 11 14 22 15 23 16 19 17 16 18 30 19 19 24 25 25 25 26 15 27 14 28 30 29 30 30 26 31 12 32 24 33 16 34 23 35 17 28 4 10 5 26 6 22 7 21 8 11 9 30 10 24 11 15 12 27 13 20 14 21 15 12 16 23 17 16 18 11 19 22 20 22 21 17 22 10 23 16 24 22 25 11 26 25 27 13 28 17 29 13 30 23 31 25 4 36 30 37 30 38 14 39 11
5 4 0 18 1 19 2 27 3 29 24 4 20 5 18 6 27 7 23 8 29 9 15 10 24 11 26 12 10 13 23 14 21 15 28 24 28 25 24 26 21 27 22 28 28 29 30 30 17 31 20 32 18 33 14 34 28 35 30 8 20 24 21 24 22 25 23 20 24 10 25 28 26 28 27 19 12 4 10 5 16 6 14 7 14 20 19 21 27 22 13 23 13 28 18 29 19 30 20 31 14 4 36 27 37 26 38 26 39 19
5 4 0 11 1 11 2 27 3 10 28 4 26 5 28 6 24 7 29 8 28 9 23 10 16 11 10 12 17 13 22 14 22 15 13 16 18 17 23 18 10 19 14 20 23 21 25 22 23 23 25 28 19 29 20 30 28 31 28 32 30 33 12 34 27 35 28 12 4 11 5 17 6 30 7 21 12 14 13 20 14 21 15 17 16 18 17 18 18 11 19 26 32 4 15 5 24 6 22 7 13 8 17 9 27 10 14 11 14 12 12 13 15 14 18 15 12 16 15 17 15 18 21 19 26 20 18 21 29 22 11 23 11 24 26 25 15 26 12 27 20 28 28 29 12 30 30 31 22 32 29 33 11 34 29 35 17 4 36 12 37 20 38 21 39 11
5 4 0 23 1 27 2 28 3 10 20 4 28 5 19 6 10 7 28 12 25 13 16 14 28 15 30 16 29 17 24 18 18 19 26 24 17 25 16 26 22 27 17 28 18 29 14 30 12 31 29 20 4 27 5 21 6 15 7 29 12 21 13 27 14 22 15 26 16 13 17 17 18 28 19 20 20 10 21 16 22 11 23 15 28 15 29 24 30 29 31 10 20 8 23 9 19 10 17 11 13 12 25 13 25 14 13 15 28 16 15 17 21 18 10 19 30 24 20 25 13 26 11 27 29 32 11 33 15 34 15 35 12 4 36 12 37 29 38 10 39 25
5 4 0 30 1 27 2 15 3 15 20 4 29 5 26 6 23 7 25 8 10 9 10 10 13 11 15 20 25 21 11 22 29 23 22 24 22 25 15 26 21 27 28 32 17 33 11 34 25 35 20 20 8 20 9 16 10 15 11 13 16 28 17 20 18 17 19 26 20 26 21 16 22 29 23 12 28 23 29 19 30 26 31 15 32 18 33 28 34 18 35 11 4 4 10 5 13 6 22 7 16 4 36 14 37 25 38 12 39 19
5 4 0 24 1 21 2 19 3 21 20 12 23 13 13 14 14 15 26 16 21 17 30 18 12 19 25 20 24 21 28 22 25 23 17 24 16 25 16 26 10 27 16 28 27 29 14 30 14 31 28 12 4 11 5 30 6 29 7 26 12 16 13 10 14 14 15 11 20 13 21 19 22 21 23 14 16 4 11 5 12 6 18 7 20 8 28 9 20 10 23 11 17 24 26 25 30 26 10 27 16 32 27 33 29 34 22 35 26 4 36 22 37 22 38 15 39 23
5 4 0 24 1 10 2 11 3 19 8 8 15 9 18 10 21 11 20 32 12 33 22 34 11 35 15 8 20 13 21 27 22 29 23 24 32 29 33 13 34 26 35 16 20 4 14 5 19 6 21 7 14 8 23 9 25 10 19 11 26 12 15 13 18 14 30 15 10 16 17 17 28 18 10 19 11 32 12 33 18 34 28 35 30 4 36 24 37 10 38 29 39 26
5 4 0 25 1 24 2 29 3 11 32 4 27 5 25 6 27 7 21 8 30 9 30 10 15 11 28 12 19 13 11 14 15 15 11 16 11 17 17 18 19 19 24 20 11 21 24 22 10 23 12 24 28 25 28 26 14 27 21 28 26 29 13 30 15 31 25 32 16 33 28 34 27 35 24 4 28 28 29 12 30 28 31 14 20 4 27 5 18 6 22 7 10 16 20 17 20 18 27 19 23 20 21 21 25 22 13 23 23 28 10 29 22 30 16 31 22 32 25 33 18 34 29 35 20 4 36 10 37 23 38 30 39 11
5 4 0 10 1 22 2 27 3 22 12 4 17 5 28 6 16 7 27 12 21 13 28 14 29 15 17 28 19 29 11 30 16 31 27 8 16 11 17 23 18 23 19 26 28 23 29 12 30 29 31 11 20 8 22 9 20 10 16 11 17 16 10 17 18 18 14 19 30 24 13 25 19 26 29 27 27 28 16 29 10 30 12 31 14 32 21 33 30 34 17 35 19 4 36 14 37 12 38 18 39 11
5 4 0 26 1 14 2 25 3 19 12 20 26 21 15 22 25 23 25 28 13 29 17 30 12 31 27 32 15 33 26 34 21 35 22 4 16 22 17 18 18 13 19 11 24 4 12 5 28 6 29 7 29 8 18 9 27 10 13 11 20 12 29 13 14 14 18 15 28 24 25 25 10 26 21 27 10 28 28 29 15 30 19 31 30 32 28 33 12 34 27 35 20 4 36 30 37 14 38 13 39 12
5 4 0 11 1 11 2 12 3 12 4 8 11 9 18 10 14 11 13 4 32 16 33 16 34 26 35 30 28 8 20 9 18 10 14 11 18 12 30 13 17 14 23 15 11 16 26 17 16 18 21 19 28 20 11 21 11 22 11 23 20 24 27 25 22 26 17 27 14 28 14 29 13 30 17 31 27 32 22 33 15 34 28 35 23 4 36 29 37 15 38 26 39 23
5 4 0 28 1 18 2 15 3 19 16 8 27 9 16 10 25 11 12 20 29 21 25 22 27 23 14 28 20 29 28 30 10 31 29 32 25 33 17 34 10 35 26 20 12 27 13 21 14 28 15 27 16 12 17 14 18 22 19 15 20 26 21 24 22 29 23 29 24 23 25 22 26 12 27 12 28 21 29 24 30 16 31 27 16 12 19 13 11 14 14 15 28 20 19 21 21 22 10 23 19 24 15 25 21 26 21 27 14 28 18 29 18 30 14 31 26 4 36 25 37 13 38 22 39 26
5 4 0 13 1 29 2 24 3 17 32 4 24 5 23 6 30 7 24 8 30 9 29 10 30 11 23 12 28 13 19 14 23 15 24 16 24 17 15 18 24 19 18 20 28 21 30 22 14 23 22 24 28 25 19 26 20 27 20 28 14 29 25 30 19 31 23 32 12 33 21 34 22 35 23 20 4 10 5 13 6 19 7 17 8 15 9 27 10 26 11 24 12 21 13 19 14 30 15 19 16 29 17 22 18 18 19 20 24 30 25 11 26 12 27 11 24 4 13 5 26 6 25 7 24 8 15 9 14 10 12 11 17 12 20 13 16 14 16 15 13 20 12 21 20 22 13 23 10 28 10 29 17 30 11 31 27 32 18 33 27 34 12 35 28 4 36 30 37 14 38 11 39 17
5 4 0 11 1 13 2 25 3 15 12 4 18 5 16 6 28 7 30 16 15 17 12 18 25 19 29 28 18 29 17 30 20 31 10 8 8 30 9 19 10 22 11 28 16 20 17 30 18 25 19 15 32 4 17 5 23 6 17 7 30 8 24 9 27 10 18 11 18 12 20 13 14 14 17 15 24 16 12 17 22 18 26 19 13 20 27 21 20 22 15 23 17 24 18 25 16 26 20 27 27 28 28 29 21 30 28 31 21 32 11 33 12 34 11 35 27 4 36 13 37 12 38 11 39 16
5 4 0 13 1 28 2 28 3 18 28 4 21 5 28 6 12 7 25 8 19 9 19 10 21 11 19 12 29 13 18 14 20 15 26 20 18 21 15 22 17 23 20 24 23 25 29 26 14 27 11 28 12 29 28 30 20 31 10 32 20 33 29 34 17 35 19 32 4 27 5 30 6 14 7 27 8 10 9 21 10 30 11 25 12 22 13 18 14 23 15 12 16 20 17 20 18 13 19 14 20 17 21 26 22 29 23 17 24 14 25 15 26 23 27 10 28 28 29 25 30 24 31 16 32 19 33 24 34 29 35 25 4 12 24 13 18 14 14 15 27 4 36 29 37 10 38 25 39 30
5 4 0 30 1 22 2 27 3 21 32 4 21 5 11 6 23 7 29 8 13 9 20 10 12 11 24 12 26 13 20 14 10 15 24 16 25 17 22 18 12 19 23 20 25 21 15 22 14 23 14 24 20 25 21 26 15 27 30 28 17 29 24 30 11 31 15 32 19 33 26 34 17 35 18 20 16 18 17 14 18 20 19 10 20 13 21 20 22 17 23 27 24 29 25 21 26 12 27 23 28 17 29 22 30 29 31 19 32 19 33 19 34 30 35 23 28 4 11 5 29 6 11 7 13 8 16 9 30 10 14 11 13 12 19 13 15 14 16 15 25 16 15 17 18 18 13 19 27 24 21 25 10 26 26 27 22 28 27 29 21 30 24 31 14 32 25 33 28 34 13 35 11 4 36 26 37 15 38 10 39 13
5 4 0 11 1 30 2 24 3 29 4 4 16 5 23 6 18 7 30 8 4 30 5 19 6 12 7 29 16 22 17 16 18 11 19 13 16 4 25 5 16 6 21 7 20 8 21 9 17 10 23 11 30 12 29 13 15 14 14 15 28 16 16 17 14 18 10 19 23 4 36 21 37 28 38 12 39 16
5 4 0 10 1 21 2 28 3 26 8 12 10 13 13 14 12 15 17 20 29 21 28 22 13 23 30 4 16 22 17 30 18 11 19 30 32 4 16 5 11 6 14 7 11 8 19 9 18 10 24 11 10 12 21 13 10 14 29 15 21 16 11 17 23 18 13 19 12 20 19 21 11 22 27 23 29 24 12 25 23 26 25 27 27 28 10 29 25 30 30 31 17 32 29 33 26 34 24 35 15 4 36 19 37 22 38 12 39 13
5 4 0 22 1 14 2 15 3 25 8 4 25 5 30 6 17 7 19 24 26 25 17 26 27 27 15 28 8 18 9 30 10 21 11 26 12 14 13 15 14 11 15 17 16 29 17 15 18 15 19 28 20 27 21 10 22 16 23 22 24 17 25 12 26 21 27 28 28 14 29 19 30 24 31 28 32 21 33 29 34 13 35 29 32 4 27 5 28 6 12 7 28 8 19 9 30 10 17 11 23 12 30 13 19 14 13 15 30 16 15 17 30 18 12 19 16 20 16 21 18 22 18 23 13 24 16 25 30 26 12 27 22 28 21 29 22 30 12 31 26 32 28 33 14 34 21 35 17 4 36 15 37 19 38 18 39 21
5 4 0 29 1 10 2 25 3 13 8 8 30 9 11 10 20 11 14 16 16 17 10 18 16 19 20 16 4 14 5 30 6 10 7 23 12 14 13 20 14 28 15 29 16 18 17 21 18 25 19 28 32 16 33 22 34 27 35 18 32 4 13 5 12 6 19 7 28 8 27 9 22 10 19 11 19 12 25 13 14 14 21 15 16 16 24 17 18 18 21 19 15 20 24 21 30 22 26 23 14 24 26 25 23 26 28 27 24 28 10 29 22 30 23 31 12 32 28 33 10 34 26 35 30 4 36 22 37 11 38 15 39 13
5 4 0 23 1 18 2 10 3 20 20 4 30 5 10 6 18 7 22 8 18 9 14 10 10 11 14 16 29 17 20 18 12 19 13 24 14 25 19 26 29 27 21 28 22 29 11 30 30 31 15 28 4 18 5 19 6 29 7 15 8 20 9 11 10 12 11 18 12 22 13 10 14 16 15 19 20 15 21 15 22 28 23 27 24 26 25 25 26 28 27 29 28 10 29 23 30 12 31 20 32 12 33 18 34 24 35 30 28 8 19 9 26 10 23 11 30 12 27 13 25 14 14 15 10 16 30 17 22 18 21 19 29 20 15 21 21 22 10 23 14 24 25 25 11 26 13 27 21 28 13 29 15 30 21 31 21 32 13 33 13 34 30 35 24 4 36 14 37 24 38 14 39 18
5 4 0 12 1 16 2 30 3 29 32 4 12 5 28 6 18 7 25 8 25 9 13 10 10 11 16 12 26 13 16 14 20 15 24 16 29 17 21 18 30 19 12 20 18 21 12 22 24 23 24 24 12 25 19 26 21 27 13 28 12 29 14 30 16 31 13 32 11 33 28 34 20 35 22 8 8 29 9 19 10 10 11 28 12 10 13 28 14 15 15 15 20 8 28 9 11 10 20 11 16 16 17 17 23 18 18 19 20 20 30 21 19 22 23 23 14 28 19 29 18 30 28 31 30 32 18 33 29 34 29 35 24 4 36 16 37 27 38 24 39 28
5 4 0 10 1 14 2 24 3 28 24 4 28 5 28 6 20 7 22 8 14 9 12 10 23 11 29 12 13 13 21 14 21 15 19 16 10 17 26 18 22 19 24 24 29 25 25 26 24 27 12 32 19 33 21 34 19 35 24 4 12 26 13 27 14 21 15 28 32 4 24 5 27 6 21 7 20 8 29 9 23 10 10 11 20 12 25 13 26 14 19 15 28 16 22 17 20 18 12 19 18 20 29 21 17 22 28 23 10 24 12 25 19 26 11 27 24 28 23 29 16 30 25 31 14 32 30 33 10 34 24 35 21 4 36 19 37 12 38 19 39 19
5 4 0 21 1 27 2 23 3 16 20 8 22 9 20 10 21 11 30 12 23 13 27 14 17 15 12 16 22 17 14 18 28 19 29 24 22 25 12 26 18 27 27 28 23 29 28 30 27 31 27 8 20 28 21 16 22 16 23 11 32 13 33 23 34 19 35 26 32 4 25 5 29 6 30 7 18 8 28 9 29 10 10 11 21 12 19 13 21 14 17 15 18 16 20 17 13 18 27 19 18 20 19 21 18 22 29 23 13 24 29 25 14 26 14 27 15 28 12 29 25 30 30 31 26 32 24 33 14 34 20 35 22 4 36 11 37 28 38 28 39 28
5 4 0 12 1 29 2 15 3 14 12 4 27 5 23 6 16 7 30 8 18 9 19 10 12 11 22 24 10 25 10 26 18 27 26 12 12 25 13 23 14 11 15 19 16 20 17 20 18 14 19 23 20 21 21 10 22 12 23 13 24 8 24 9 27 10 10 11 14 12 30 13 11 14 25 15 12 16 14 17 23 18 13 19 23 20 25 21 22 22 28 23 26 28 14 29 25 30 16 31 16 32 18 33 20 34 24 35 13 4 36 29 37 26 38 14 39 14
5 4 0 30 1 10 2 27 3 16 32 4 22 5 16 6 26 7 11 8 13 9 12 10 10 11 25 12 14 13 20 14 10 15 10 16 13 17 17 18 27 19 29 20 10 21 15 22 22 23 16 24 22 25 22 26 27 27 28 28 17 29 20 30 12 31 25 32 15 33 27 34 16 35 26 4 16 23 17 26 18 23 19 20 32 4 28 5 23 6 20 7 24 8 17 9 28 10 13 11 17 12 16 13 13 14 21 15 10 16 24 17 29 18 22 19 29 20 12 21 12 22 14 23 29 24 17 25 28 26 11 27 23 28 16 29 24 30 12 31 17 32 24 33 23 34 10 35 19 4 36 11 37 11 38 19 39 27
5 4 0 27 1 16 2 26 3 18 20 8 23 9 26 10 10 11 27 16 26 17 16 18 21 19 11 20 11 21 24 22 30 23 12 24 26 25 29 26 19 27 22 32 16 33 10 34 24 35 24 12 4 12 5 17 6 27 7 23 16 17 17 26 18 15 19 19 24 20 25 20 26 14 27 25 24 4 16 5 26 6 20 7 22 8 11 9 17 10 24 11 20 12 30 13 14 14 26 15 22 16 16 17 11 18 12 19 13 20 18 21 23 22 13 23 13 32 16 33 11 34 12 35 18 4 36 19 37 12 38 13 39 28
5 4 0 25 1 28 2 16 3 26 28 4 22 5 17 6 12 7 28 8 17 9 25 10 12 11 29 12 10 13 20 14 24 15 23 16 12 17 25 18 24 19 30 20 28 21 21 22 21 23 10 24 18 25 15 26 29 27 28 28 29 29 26 30 17 31 25 12 4 15 5 24 6 12 7 12 24 18 25 21 26 17 27 29 32 26 33 17 34 21 35 22 32 4 16 5 29 6 27 7 30 8 19 9 29 10 15 11 18 12 24 13 12 14 29 15 15 16 22 17 18 18 25 19 23 20 19 21 22 22 15 23 13 24 24 25 11 26 29 27 25 28 13 29 15 30 12 31 17 32 18 33 19 34 28 35 16 4 36 14 37 10 38 30 39 11
