10 20
5 4 0 25 1 20 2 11 3 13 8 4 23 5 25 6 27 7 20 12 11 13 30 14 22 15 23 12 4 22 5 20 6 26 7 17 8 19 9 15 10 19 11 14 12 14 13 25 14 29 15 16 4 12 10 13 25 14 10 15 29 4 16 27 17 21 18 23 19 11
5 4 0 19 1 18 2 28 3 26 4 8 13 9 23 10 28 11 20 8 4 28 5 26 6 11 7 13 12 23 13 16 14 23 15 11 8 8 21 9 18 10 20 11 20 12 24 13 16 14 15 15 19 4 16 26 17 30 18 26 19 22
5 4 0 18 1 22 2 30 3 17 8 4 21 5 10 6 29 7 23 12 18 13 10 14 27 15 25 12 4 25 5 23 6 10 7 19 8 19 9 30 10 11 11 29 12 16 13 16 14 24 15 15 12 4 13 5 17 6 11 7 30 8 16 9 12 10 29 11 28 12 29 13 10 14 26 15 30 4 16 10 17 12 18 30 19 30
5 4 0 29 1 21 2 13 3 27 8 4 16 5 22 6 17 7 30 8 15 9 13 10 24 11 30 8 4 20 5 30 6 10 7 29 8 11 9 24 10 29 11 21 8 4 20 5 22 6 14 7 27 8 11 9 25 10 22 11 22 4 16 11 17 23 18 20 19 18
5 4 0 20 1 24 2 19 3 23 8 4 27 5 22 6 14 7 10 8 28 9 28 10 14 11 20 8 4 24 5 27 6 19 7 24 8 16 9 14 10 13 11 12 8 4 13 5 11 6 24 7 25 8 17 9 23 10 30 11 20 4 16 26 17 10 18 24 19 29
5 4 0 10 1 14 2 14 3 19 8 4 15 5 28 6 17 7 29 12 27 13 11 14 27 15 26 4 4 22 5 14 6 15 7 23 4 12 29 13 21 14 15 15 26 4 16 18 17 11 18 16 19 26
5 4 0 17 1 11 2 25 3 15 4 12 20 13 26 14 23 15 11 8 4 19 5 11 6 11 7 18 8 27 9 15 10 15 11 19 8 4 26 5 29 6 14 7 20 12 19 13 28 14 25 15 28 4 16 13 17 18 18 24 19 13
5 4 0 21 1 25 2 26 3 19 12 4 22 5 26 6 12 7 10 8 22 9 21 10 14 11 12 12 16 13 16 14 11 15 14 8 4 11 5 29 6 17 7 24 12 10 13 20 14 27 15 18 12 4 25 5 20 6 11 7 28 8 12 9 26 10 22 11 25 12 26 13 20 14 21 15 28 4 16 28 17 17 18 27 19 26
5 4 0 24 1 23 2 12 3 26 8 8 21 9 13 10 12 11 22 12 22 13 26 14 10 15 28 12 4 12 5 10 6 10 7 26 8 30 9 13 10 11 11 27 12 15 13 29 14 20 15 30 4 12 20 13 27 14 14 15 15 4 16 30 17 22 18 28 19 13
5 4 0 19 1 16 2 27 3 14 4 12 30 13 19 14 18 15 21 4 12 26 13 25 14 28 15 23 8 4 13 5 15 6 10 7 22 12 16 13 28 14 24 15 30 4 16 18 17 22 18 23 19 11
