10 20
5 4 0 27 1 25 2 14 3 13 4 4 22 5 14 6 11 7 23 12 4 27 5 19 6 25 7 17 8 16 9 12 10 12 11 21 12 29 13 29 14 16 15 26 12 4 18 5 25 6 17 7 15 8 21 9 29 10 23 11 18 12 19 13 19 14 19 15 19 4 16 26 17 29 18 14 19 21
5 4 0 23 1 30 2 29 3 11 4 4 21 5 10 6 13 7 18 4 12 17 13 24 14 29 15 16 12 4 28 5 14 6 27 7 24 8 20 9 29 10 29 11 28 12 27 13 20 14 19 15 21 4 16 23 17 26 18 25 19 15
5 4 0 29 1 27 2 14 3 30 8 4 21 5 29 6 15 7 16 8 22 9 12 10 25 11 29 12 4 23 5 28 6 24 7 25 8 16 9 25 10 21 11 26 12 21 13 19 14 30 15 26 12 4 30 5 12 6 19 7 14 8 30 9 20 10 15 11 11 12 17 13 18 14 29 15 23 4 16 27 17 22 18 24 19 22
5 4 0 23 1 11 2 25 3 21 12 4 26 5 20 6 14 7 30 8 26 9 13 10 12 11 30 12 15 13 28 14 28 15 29 8 4 30 5 29 6 15 7 14 12 10 13 25 14 14 15 20 12 4 15 5 12 6 22 7 13 8 27 9 19 10 26 11 18 12 13 13 30 14 29 15 14 4 16 22 17 15 18 26 19 22
5 4 0 10 1 15 2 28 3 17 4 8 27 9 28 10 13 11 25 12 4 30 5 10 6 22 7 23 8 29 9 28 10 13 11 22 12 12 13 10 14 11 15 22 4 8 19 9 11 10 14 11 10 4 16 16 17 20 18 21 19 10
5 4 0 19 1 20 2 19 3 28 8 4 25 5 12 6 10 7 11 12 28 13 25 14 25 15 10 12 4 13 5 10 6 29 7 22 8 24 9 14 10 24 11 29 12 12 13 19 14 21 15 28 8 4 13 5 20 6 10 7 14 12 16 13 28 14 10 15 23 4 16 18 17 30 18 15 19 13
5 4 0 25 1 16 2 17 3 24 4 12 10 13 26 14 23 15 22 8 8 16 9 14 10 23 11 25 12 14 13 18 14 14 15 20 12 4 25 5 30 6 21 7 30 8 19 9 28 10 26 11 21 12 26 13 28 14 30 15 23 4 16 11 17 29 18 23 19 15
5 4 0 21 1 18 2 19 3 18 4 12 19 13 14 14 16 15 16 4 12 29 13 13 14 11 15 16 12 4 14 5 27 6 25 7 29 8 12 9 26 10 14 11 28 12 19 13 22 14 20 15 16 4 16 26 17 30 18 26 19 19
5 4 0 13 1 28 2 19 3 12 12 4 26 5 24 6 13 7 21 8 11 9 20 10 17 11 19 12 16 13 12 14 18 15 22 4 8 16 9 28 10 19 11 18 8 4 30 5 23 6 18 7 11 8 30 9 28 10 17 11 29 4 16 13 17 21 18 20 19 28
5 4 0 19 1 26 2 23 3 28 12 4 11 5 11 6 13 7 29 8 24 9 15 10 27 11 25 12 13 13 13 14 16 15 24 4 12 10 13 11 14 14 15 27 12 4 28 5 10 6 23 7 23 8 18 9 14 10 16 11 22 12 14 13 14 14 18 15 10 4 16 27 17 18 18 11 19 19
