20 20
5 4 0 28 1 10 2 12 3 14 12 4 12 5 30 6 28 7 14 8 11 9 11 10 26 11 30 12 21 13 17 14 19 15 16 4 4 18 5 20 6 30 7 19 12 4 12 5 24 6 23 7 27 8 11 9 15 10 25 11 30 12 29 13 11 14 23 15 30 4 16 25 17 22 18 12 19 27
5 4 0 12 1 22 2 11 3 13 8 4 28 5 12 6 10 7 10 12 29 13 24 14 21 15 15 4 12 11 13 27 14 19 15 30 8 4 18 5 14 6 25 7 15 12 27 13 15 14 21 15 12 4 16 15 17 23 18 29 19 22
5 4 0 19 1 19 2 11 3 11 12 4 24 5 27 6 23 7 27 8 16 9 23 10 28 11 28 12 22 13 19 14 13 15 26 4 12 18 13 23 14 29 15 10 4 8 21 9 17 10 23 11 27 4 16 28 17 13 18 27 19 26
5 4 0 29 1 13 2 18 3 25 12 4 11 5 11 6 15 7 23 8 15 9 24 10 28 11 13 12 19 13 10 14 18 15 18 12 4 18 5 19 6 19 7 28 8 14 9 17 10 30 11 24 12 24 13 29 14 23 15 27 8 4 11 5 20 6 13 7 28 12 10 13 28 14 10 15 13 4 16 14 17 10 18 10 19 20
5 4 0 11 1 10 2 15 3 19 12 4 21 5 16 6 16 7 23 8 17 9 25 10 28 11 28 12 17 13 12 14 12 15 16 12 4 28 5 30 6 26 7 12 8 15 9 30 10 25 11 30 12 25 13 26 14 24 15 13 4 4 25 5 12 6 12 7 16 4 16 22 17 14 18 25 19 15
5 4 0 15 1 18 2 12 3 12 12 4 25 5 25 6 19 7 12 8 28 9 24 10 29 11 29 12 29 13 22 14 13 15 23 12 4 25 5 23 6 22 7 23 8 15 9 16 10 13 11 25 12 22 13 24 14 14 15 10 12 4 25 5 30 6 15 7 14 8 20 9 13 10 11 11 16 12 30 13 27 14 18 15 12 4 16 14 17 24 18 11 19 25
5 4 0 15 1 26 2 23 3 14 12 4 10 5 19 6 22 7 30 8 22 9 28 10 18 11 25 12 24 13 18 14 17 15 14 8 4 17 5 12 6 15 7 15 12 21 13 29 14 24 15 13 4 8 24 9 30 10 12 11 24 4 16 23 17 20 18 10 19 19
5 4 0 30 1 27 2 21 3 17 8 8 12 9 22 10 11 11 27 12 12 13 30 14 30 15 19 8 4 14 5 16 6 10 7 24 8 18 9 14 10 29 11 30 4 4 23 5 30 6 12 7 24 4 16 17 17 30 18 26 19 20
5 4 0 24 1 17 2 19 3 17 8 4 20 5 13 6 22 7 28 12 16 13 14 14 17 15 17 4 12 28 13 10 14 26 15 19 4 12 23 13 19 14 16 15 23 4 16 28 17 26 18 18 19 22
5 4 0 17 1 27 2 29 3 18 12 4 19 5 14 6 11 7 26 8 11 9 11 10 27 11 30 12 10 13 26 14 12 15 10 8 4 20 5 27 6 23 7 17 8 17 9 24 10 25 11 11 8 4 15 5 26 6 28 7 27 8 20 9 10 10 30 11 11 4 16 19 17 25 18 10 19 20
5 4 0 16 1 23 2 13 3 24 12 4 15 5 25 6 30 7 24 8 24 9 22 10 23 11 22 12 14 13 21 14 28 15 17 8 4 23 5 15 6 22 7 20 12 13 13 25 14 25 15 25 12 4 16 5 21 6 25 7 30 8 12 9 29 10 24 11 18 12 28 13 26 14 21 15 15 4 16 26 17 15 18 14 19 26
5 4 0 10 1 18 2 12 3 17 4 4 20 5 13 6 27 7 25 12 4 27 5 10 6 26 7 28 8 19 9 15 10 15 11 19 12 10 13 12 14 23 15 12 4 8 27 9 11 10 28 11 26 4 16 18 17 18 18 13 19 27
5 4 0 14 1 18 2 18 3 25 4 4 21 5 10 6 11 7 26 12 4 16 5 19 6 13 7 15 8 11 9 20 10 18 11 24 12 14 13 16 14 22 15 21 8 4 30 5 16 6 18 7 15 8 11 9 12 10 26 11 23 4 16 21 17 25 18 21 19 30
5 4 0 11 1 27 2 20 3 22 12 4 26 5 28 6 22 7 16 8 18 9 28 10 20 11 16 12 26 13 26 14 23 15 13 8 4 18 5 15 6 27 7 24 12 15 13 10 14 22 15 12 12 4 12 5 12 6 12 7 11 8 23 9 19 10 15 11 20 12 18 13 27 14 29 15 26 4 16 13 17 23 18 29 19 28
5 4 0 20 1 22 2 21 3 19 8 4 12 5 24 6 23 7 30 8 11 9 18 10 13 11 29 8 8 24 9 10 10 29 11 24 12 13 13 27 14 12 15 14 8 4 18 5 16 6 25 7 12 12 23 13 19 14 19 15 13 4 16 24 17 22 18 29 19 22
5 4 0 30 1 26 2 11 3 12 8 4 13 5 15 6 26 7 30 8 11 9 29 10 19 11 27 4 8 21 9 23 10 12 11 13 8 4 14 5 20 6 25 7 19 8 16 9 11 10 29 11 24 4 16 25 17 18 18 14 19 23
5 4 0 13 1 22 2 19 3 24 4 8 10 9 17 10 12 11 21 12 4 19 5 17 6 21 7 11 8 12 9 15 10 29 11 17 12 27 13 11 14 25 15 17 8 4 15 5 12 6 18 7 26 8 13 9 21 10 12 11 24 4 16 28 17 29 18 18 19 30
5 4 0 10 1 30 2 27 3 16 12 4 13 5 28 6 18 7 28 8 23 9 15 10 13 11 10 12 28 13 13 14 12 15 23 4 12 22 13 10 14 22 15 24 8 8 18 9 15 10 30 11 14 12 19 13 27 14 22 15 21 4 16 23 17 26 18 30 19 29
5 4 0 21 1 28 2 19 3 24 4 8 18 9 17 10 23 11 10 4 8 15 9 21 10 28 11 20 4 12 27 13 10 14 16 15 21 4 16 19 17 14 18 15 19 23
5 4 0 12 1 27 2 10 3 21 8 4 25 5 30 6 26 7 18 8 29 9 19 10 29 11 28 4 4 19 5 13 6 25 7 27 8 4 12 5 25 6 12 7 12 12 18 13 20 14 10 15 23 4 16 21 17 20 18 30 19 16
