20 20
5 4 0 25 1 28 2 28 3 30 12 4 11 5 17 6 23 7 20 8 16 9 17 10 23 11 18 12 21 13 20 14 17 15 25 12 4 18 5 21 6 13 7 19 8 19 9 14 10 22 11 25 12 29 13 16 14 17 15 25 4 4 16 5 12 6 12 7 17 4 16 10 17 26 18 27 19 14
5 4 0 28 1 27 2 17 3 26 12 4 11 5 20 6 17 7 23 8 15 9 30 10 15 11 21 12 11 13 23 14 24 15 26 8 4 10 5 22 6 22 7 23 8 30 9 13 10 30 11 26 4 4 21 5 21 6 19 7 21 4 16 12 17 12 18 26 19 26
5 4 0 10 1 20 2 19 3 19 12 4 25 5 15 6 22 7 27 8 25 9 28 10 12 11 15 12 18 13 16 14 10 15 13 8 8 16 9 19 10 16 11 21 12 29 13 17 14 20 15 13 8 4 19 5 21 6 10 7 23 8 28 9 21 10 17 11 23 4 16 11 17 20 18 19 19 15
5 4 0 23 1 21 2 16 3 25 4 8 14 9 11 10 14 11 16 4 4 12 5 16 6 21 7 20 4 8 25 9 21 10 23 11 15 4 16 19 17 10 18 22 19 25
5 4 0 23 1 17 2 14 3 27 8 8 16 9 24 10 16 11 19 12 21 13 13 14 22 15 24 12 4 18 5 25 6 12 7 12 8 20 9 23 10 18 11 29 12 13 13 20 14 28 15 26 4 8 30 9 24 10 23 11 29 4 16 20 17 21 18 18 19 25
5 4 0 18 1 12 2 17 3 30 8 4 15 5 29 6 28 7 12 12 29 13 22 14 28 15 25 8 4 17 5 22 6 29 7 15 8 27 9 12 10 21 11 26 4 4 24 5 25 6 21 7 18 4 16 24 17 25 18 17 19 20
5 4 0 17 1 21 2 26 3 11 4 12 13 13 15 14 23 15 11 8 4 20 5 26 6 26 7 19 8 27 9 12 10 29 11 22 12 4 26 5 19 6 11 7 28 8 22 9 24 10 23 11 18 12 13 13 14 14 21 15 24 4 16 20 17 12 18 30 19 17
5 4 0 16 1 25 2 19 3 27 4 8 15 9 30 10 16 11 30 8 8 20 9 16 10 25 11 17 12 22 13 13 14 12 15 29 8 4 14 5 13 6 28 7 29 12 21 13 12 14 27 15 16 4 16 27 17 24 18 24 19 11
5 4 0 23 1 29 2 24 3 13 4 12 20 13 22 14 20 15 17 12 4 16 5 10 6 14 7 10 8 18 9 15 10 21 11 23 12 20 13 28 14 13 15 18 8 4 16 5 10 6 15 7 30 12 26 13 14 14 24 15 19 4 16 19 17 27 18 22 19 30
5 4 0 14 1 16 2 15 3 15 4 8 10 9 15 10 10 11 14 8 4 14 5 20 6 26 7 14 8 29 9 18 10 12 11 13 4 4 18 5 11 6 25 7 23 4 16 30 17 13 18 27 19 12
5 4 0 15 1 23 2 13 3 30 12 4 23 5 18 6 24 7 28 8 14 9 27 10 21 11 17 12 22 13 30 14 19 15 29 12 4 30 5 16 6 11 7 13 8 30 9 26 10 21 11 22 12 25 13 30 14 22 15 14 8 8 29 9 12 10 17 11 24 12 23 13 17 14 18 15 30 4 16 24 17 17 18 24 19 27
5 4 0 22 1 26 2 14 3 22 4 12 22 13 23 14 26 15 16 8 8 30 9 14 10 28 11 17 12 11 13 19 14 23 15 22 8 4 15 5 21 6 26 7 29 8 16 9 10 10 29 11 22 4 16 18 17 30 18 15 19 15
5 4 0 17 1 27 2 28 3 22 12 4 28 5 28 6 24 7 11 8 16 9 29 10 24 11 21 12 30 13 10 14 23 15 20 4 8 21 9 26 10 29 11 20 8 8 17 9 20 10 14 11 30 12 23 13 28 14 22 15 20 4 16 17 17 19 18 30 19 12
5 4 0 29 1 23 2 23 3 16 8 4 14 5 17 6 21 7 27 12 30 13 18 14 16 15 27 8 8 16 9 17 10 28 11 22 12 20 13 26 14 10 15 13 12 4 29 5 21 6 10 7 13 8 25 9 13 10 18 11 27 12 10 13 30 14 14 15 10 4 16 18 17 30 18 19 19 11
5 4 0 11 1 25 2 25 3 18 12 4 21 5 24 6 22 7 14 8 21 9 28 10 16 11 30 12 29 13 25 14 23 15 29 4 8 29 9 29 10 30 11 20 12 4 13 5 20 6 12 7 23 8 20 9 27 10 11 11 27 12 24 13 11 14 26 15 30 4 16 10 17 12 18 27 19 10
5 4 0 28 1 21 2 28 3 10 4 8 22 9 24 10 25 11 30 12 4 19 5 19 6 21 7 26 8 14 9 21 10 27 11 27 12 24 13 20 14 16 15 28 4 12 27 13 22 14 25 15 24 4 16 22 17 19 18 13 19 22
5 4 0 23 1 28 2 14 3 15 8 4 10 5 30 6 21 7 23 12 19 13 10 14 11 15 27 4 12 28 13 26 14 24 15 24 8 4 22 5 16 6 21 7 12 8 18 9 22 10 12 11 23 4 16 19 17 12 18 21 19 18
5 4 0 27 1 25 2 30 3 18 4 8 24 9 27 10 28 11 30 4 4 15 5 28 6 30 7 13 12 4 15 5 24 6 10 7 24 8 22 9 22 10 28 11 21 12 25 13 24 14 20 15 19 4 16 19 17 12 18 17 19 25
5 4 0 18 1 26 2 25 3 10 4 12 28 13 28 14 21 15 22 4 8 12 9 25 10 21 11 22 8 4 12 5 29 6 30 7 27 8 10 9 13 10 23 11 23 4 16 10 17 17 18 24 19 25
5 4 0 28 1 20 2 11 3 24 4 8 11 9 11 10 10 11 16 8 4 12 5 28 6 29 7 16 12 14 13 20 14 12 15 23 12 4 25 5 24 6 27 7 16 8 25 9 29 10 14 11 21 12 29 13 15 14 19 15 27 4 16 19 17 27 18 13 19 19
