50 20
5 4 0 22 1 25 2 19 3 15 12 4 28 5 25 6 11 7 28 8 26 9 26 10 10 11 10 12 30 13 24 14 13 15 21 12 4 19 5 14 6 25 7 23 8 12 9 17 10 18 11 25 12 19 13 21 14 30 15 13 4 12 10 13 14 14 26 15 28 4 16 12 17 21 18 30 19 20
5 4 0 26 1 18 2 24 3 17 8 8 12 9 23 10 27 11 24 12 15 13 27 14 26 15 25 8 8 24 9 27 10 23 11 16 12 25 13 15 14 23 15 20 4 12 23 13 28 14 25 15 24 4 16 12 17 24 18 19 19 24
5 4 0 29 1 26 2 15 3 21 8 4 13 5 20 6 18 7 30 12 22 13 18 14 28 15 18 8 8 30 9 25 10 11 11 11 12 11 13 15 14 23 15 15 4 12 17 13 24 14 12 15 28 4 16 29 17 14 18 16 19 29
5 4 0 11 1 22 2 18 3 23 4 8 20 9 28 10 26 11 21 12 4 17 5 23 6 28 7 19 8 19 9 19 10 27 11 18 12 11 13 23 14 28 15 26 12 4 29 5 27 6 23 7 17 8 16 9 27 10 22 11 19 12 30 13 18 14 27 15 14 4 16 21 17 24 18 20 19 12
5 4 0 29 1 20 2 17 3 25 12 4 12 5 18 6 28 7 19 8 21 9 14 10 19 11 12 12 30 13 18 14 12 15 15 8 4 24 5 18 6 25 7 17 8 23 9 22 10 26 11 12 12 4 17 5 12 6 12 7 13 8 13 9 29 10 30 11 30 12 29 13 18 14 22 15 11 4 16 23 17 21 18 20 19 11
5 4 0 21 1 19 2 18 3 29 12 4 16 5 22 6 16 7 16 8 29 9 25 10 14 11 26 12 13 13 13 14 18 15 30 8 8 28 9 14 10 25 11 18 12 19 13 15 14 20 15 18 12 4 24 5 10 6 10 7 24 8 11 9 15 10 15 11 29 12 22 13 26 14 21 15 27 4 16 27 17 30 18 12 19 11
5 4 0 28 1 25 2 28 3 30 4 4 12 5 19 6 18 7 28 8 4 22 5 12 6 16 7 28 8 30 9 21 10 30 11 29 8 8 15 9 10 10 25 11 28 12 17 13 16 14 24 15 13 4 16 12 17 26 18 30 19 23
5 4 0 30 1 25 2 12 3 20 12 4 16 5 19 6 22 7 12 8 12 9 15 10 24 11 12 12 20 13 19 14 15 15 19 8 4 20 5 30 6 24 7 12 8 18 9 24 10 17 11 29 4 8 29 9 22 10 14 11 17 4 16 13 17 14 18 26 19 17
5 4 0 14 1 20 2 15 3 15 12 4 16 5 15 6 14 7 23 8 23 9 21 10 21 11 10 12 23 13 10 14 10 15 15 12 4 29 5 10 6 29 7 24 8 17 9 27 10 21 11 11 12 20 13 26 14 16 15 19 8 4 20 5 24 6 23 7 10 12 16 13 15 14 17 15 30 4 16 19 17 23 18 13 19 18
5 4 0 11 1 26 2 20 3 19 8 8 28 9 12 10 10 11 26 12 30 13 13 14 17 15 28 12 4 22 5 28 6 24 7 20 8 24 9 16 10 24 11 10 12 12 13 21 14 19 15 25 4 8 27 9 10 10 10 11 17 4 16 21 17 11 18 26 19 15
5 4 0 30 1 28 2 19 3 17 8 8 22 9 30 10 24 11 11 12 17 13 25 14 21 15 14 4 4 16 5 23 6 15 7 29 4 4 27 5 23 6 26 7 20 4 16 21 17 20 18 13 19 21
5 4 0 24 1 29 2 20 3 22 4 4 30 5 15 6 12 7 25 4 8 15 9 19 10 23 11 25 8 4 12 5 14 6 18 7 10 8 19 9 21 10 21 11 13 4 16 18 17 10 18 27 19 16
5 4 0 16 1 17 2 21 3 20 8 4 12 5 26 6 21 7 24 8 23 9 23 10 18 11 25 12 4 22 5 22 6 25 7 11 8 11 9 24 10 11 11 20 12 28 13 15 14 22 15 20 12 4 20 5 10 6 29 7 25 8 27 9 13 10 17 11 20 12 20 13 27 14 22 15 14 4 16 17 17 22 18 17 19 25
5 4 0 13 1 13 2 30 3 18 12 4 23 5 25 6 23 7 15 8 12 9 10 10 16 11 16 12 18 13 20 14 19 15 23 12 4 26 5 17 6 27 7 19 8 22 9 18 10 25 11 11 12 28 13 14 14 19 15 24 8 8 12 9 22 10 29 11 10 12 12 13 12 14 11 15 29 4 16 10 17 14 18 20 19 16
5 4 0 29 1 18 2 20 3 24 12 4 11 5 16 6 28 7 22 8 25 9 18 10 22 11 26 12 20 13 30 14 20 15 22 8 4 10 5 24 6 28 7 11 12 29 13 23 14 28 15 17 4 8 30 9 28 10 21 11 16 4 16 25 17 15 18 23 19 27
5 4 0 22 1 21 2 11 3 10 4 12 14 13 25 14 25 15 13 4 12 23 13 24 14 12 15 11 12 4 28 5 13 6 20 7 14 8 11 9 10 10 20 11 10 12 18 13 15 14 25 15 15 4 16 13 17 21 18 10 19 20
5 4 0 22 1 27 2 22 3 10 12 4 24 5 22 6 26 7 25 8 27 9 11 10 20 11 14 12 13 13 30 14 17 15 13 8 8 13 9 13 10 24 11 13 12 17 13 24 14 18 15 16 4 8 19 9 23 10 10 11 30 4 16 10 17 30 18 15 19 10
5 4 0 22 1 22 2 20 3 24 4 12 25 13 24 14 20 15 24 12 4 11 5 18 6 21 7 20 8 17 9 28 10 23 11 12 12 15 13 17 14 30 15 11 8 4 12 5 30 6 13 7 22 12 24 13 16 14 13 15 10 4 16 16 17 16 18 20 19 21
5 4 0 10 1 21 2 29 3 24 12 4 13 5 19 6 30 7 24 8 16 9 26 10 10 11 30 12 22 13 12 14 14 15 22 4 4 25 5 18 6 17 7 28 8 4 24 5 18 6 11 7 26 12 28 13 15 14 28 15 28 4 16 18 17 22 18 16 19 23
5 4 0 17 1 12 2 10 3 25 4 12 28 13 15 14 12 15 11 8 4 13 5 28 6 16 7 19 12 18 13 20 14 18 15 15 4 8 13 9 12 10 26 11 27 4 16 13 17 11 18 11 19 23
5 4 0 15 1 17 2 19 3 25 12 4 11 5 18 6 27 7 25 8 23 9 13 10 11 11 24 12 24 13 17 14 25 15 13 8 8 13 9 11 10 27 11 29 12 22 13 23 14 22 15 16 8 8 29 9 22 10 27 11 16 12 18 13 13 14 10 15 24 4 16 23 17 28 18 11 19 17
5 4 0 29 1 23 2 13 3 10 4 4 13 5 10 6 12 7 25 12 4 20 5 11 6 29 7 19 8 11 9 10 10 23 11 15 12 24 13 23 14 15 15 18 12 4 19 5 21 6 27 7 15 8 30 9 21 10 30 11 21 12 15 13 19 14 21 15 18 4 16 27 17 23 18 24 19 25
5 4 0 17 1 27 2 14 3 19 8 4 11 5 27 6 13 7 18 8 29 9 26 10 22 11 11 4 8 19 9 11 10 22 11 20 4 4 19 5 19 6 28 7 14 4 16 28 17 27 18 18 19 14
5 4 0 18 1 12 2 17 3 24 8 4 14 5 13 6 10 7 25 12 13 13 26 14 15 15 19 12 4 13 5 18 6 21 7 15 8 23 9 26 10 26 11 14 12 29 13 25 14 14 15 19 8 4 27 5 15 6 13 7 19 8 30 9 16 10 18 11 16 4 16 23 17 30 18 11 19 30
5 4 0 21 1 13 2 15 3 26 8 8 29 9 22 10 12 11 16 12 19 13 26 14 28 15 18 12 4 15 5 25 6 14 7 30 8 14 9 17 10 18 11 11 12 23 13 23 14 17 15 17 8 4 29 5 22 6 13 7 24 12 30 13 14 14 22 15 12 4 16 27 17 27 18 23 19 25
5 4 0 18 1 30 2 23 3 25 8 4 22 5 13 6 27 7 15 8 18 9 13 10 12 11 16 8 8 26 9 25 10 29 11 21 12 25 13 24 14 13 15 16 12 4 12 5 19 6 17 7 24 8 23 9 25 10 16 11 27 12 24 13 23 14 18 15 30 4 16 27 17 10 18 13 19 30
5 4 0 15 1 25 2 16 3 13 12 4 21 5 12 6 14 7 25 8 12 9 24 10 11 11 15 12 21 13 11 14 18 15 29 8 8 18 9 28 10 21 11 22 12 25 13 10 14 23 15 19 12 4 24 5 22 6 20 7 28 8 12 9 28 10 30 11 21 12 21 13 12 14 16 15 13 4 16 20 17 28 18 19 19 17
5 4 0 10 1 12 2 25 3 10 12 4 14 5 12 6 30 7 12 8 29 9 21 10 30 11 12 12 15 13 11 14 15 15 19 4 8 21 9 24 10 19 11 22 12 4 20 5 16 6 26 7 27 8 21 9 10 10 11 11 21 12 18 13 17 14 24 15 17 4 16 15 17 17 18 25 19 11
5 4 0 22 1 18 2 14 3 16 12 4 15 5 19 6 22 7 24 8 29 9 14 10 12 11 11 12 15 13 10 14 17 15 22 4 4 16 5 22 6 27 7 17 8 8 14 9 22 10 16 11 29 12 26 13 11 14 14 15 28 4 16 26 17 16 18 18 19 11
5 4 0 24 1 28 2 18 3 25 4 12 26 13 11 14 30 15 25 4 8 22 9 21 10 29 11 18 4 12 19 13 11 14 12 15 13 4 16 25 17 28 18 30 19 19
5 4 0 15 1 22 2 22 3 22 4 8 17 9 30 10 17 11 23 4 4 25 5 23 6 26 7 22 8 8 16 9 19 10 14 11 29 12 10 13 27 14 15 15 26 4 16 23 17 27 18 13 19 10
5 4 0 19 1 12 2 22 3 27 8 4 26 5 18 6 18 7 27 8 23 9 25 10 29 11 15 12 4 28 5 22 6 17 7 19 8 18 9 23 10 18 11 29 12 13 13 26 14 11 15 29 8 4 29 5 16 6 14 7 25 8 11 9 15 10 27 11 12 4 16 18 17 30 18 24 19 13
5 4 0 13 1 28 2 25 3 10 12 4 11 5 25 6 25 7 10 8 13 9 15 10 30 11 18 12 27 13 16 14 19 15 23 4 12 14 13 18 14 14 15 20 8 4 27 5 22 6 27 7 26 8 18 9 22 10 28 11 28 4 16 24 17 29 18 23 19 21
5 4 0 23 1 16 2 15 3 22 12 4 30 5 22 6 24 7 21 8 24 9 29 10 29 11 27 12 15 13 28 14 21 15 16 4 8 24 9 21 10 18 11 15 8 8 27 9 15 10 24 11 24 12 23 13 13 14 11 15 26 4 16 13 17 24 18 14 19 27
5 4 0 29 1 27 2 16 3 12 4 12 26 13 27 14 18 15 26 12 4 23 5 11 6 16 7 20 8 11 9 15 10 16 11 20 12 26 13 16 14 10 15 18 4 4 15 5 22 6 13 7 23 4 16 16 17 24 18 28 19 16
5 4 0 22 1 11 2 29 3 26 12 4 19 5 19 6 11 7 18 8 27 9 20 10 17 11 19 12 11 13 26 14 16 15 30 12 4 19 5 29 6 19 7 17 8 28 9 16 10 19 11 14 12 28 13 14 14 19 15 17 8 8 30 9 17 10 12 11 12 12 23 13 23 14 14 15 28 4 16 23 17 14 18 17 19 15
5 4 0 27 1 21 2 24 3 19 8 4 17 5 26 6 19 7 24 12 29 13 12 14 23 15 25 12 4 19 5 23 6 19 7 13 8 23 9 26 10 12 11 18 12 16 13 12 14 17 15 11 12 4 13 5 30 6 11 7 20 8 26 9 26 10 13 11 14 12 21 13 10 14 22 15 15 4 16 15 17 20 18 20 19 30
5 4 0 19 1 13 2 18 3 14 8 4 26 5 18 6 11 7 30 12 21 13 16 14 26 15 18 12 4 14 5 20 6 30 7 26 8 14 9 29 10 28 11 29 12 24 13 15 14 22 15 26 4 8 25 9 22 10 22 11 26 4 16 29 17 23 18 19 19 22
5 4 0 11 1 12 2 25 3 23 8 4 16 5 20 6 18 7 15 12 29 13 13 14 26 15 26 4 8 18 9 26 10 15 11 17 8 8 15 9 29 10 11 11 16 12 28 13 14 14 13 15 17 4 16 30 17 29 18 26 19 15
5 4 0 16 1 25 2 13 3 20 12 4 20 5 12 6 16 7 16 8 10 9 12 10 17 11 28 12 22 13 15 14 13 15 20 4 8 29 9 26 10 13 11 16 4 12 21 13 22 14 13 15 30 4 16 16 17 15 18 25 19 27
5 4 0 18 1 26 2 18 3 29 12 4 22 5 11 6 12 7 25 8 16 9 12 10 10 11 23 12 11 13 12 14 27 15 13 4 4 27 5 24 6 24 7 19 12 4 14 5 28 6 27 7 26 8 19 9 26 10 20 11 17 12 12 13 13 14 29 15 24 4 16 25 17 29 18 13 19 26
5 4 0 29 1 22 2 15 3 15 12 4 10 5 12 6 28 7 13 8 13 9 27 10 30 11 20 12 18 13 13 14 18 15 23 12 4 11 5 23 6 30 7 30 8 23 9 22 10 27 11 10 12 12 13 18 14 26 15 30 12 4 24 5 26 6 25 7 29 8 10 9 24 10 17 11 17 12 20 13 10 14 26 15 10 4 16 16 17 25 18 15 19 27
5 4 0 21 1 17 2 18 3 15 8 4 14 5 10 6 27 7 16 12 24 13 10 14 30 15 20 4 12 11 13 16 14 25 15 29 4 12 12 13 14 14 17 15 13 4 16 18 17 10 18 12 19 27
5 4 0 26 1 28 2 23 3 21 12 4 29 5 17 6 16 7 20 8 10 9 29 10 20 11 21 12 21 13 26 14 18 15 21 4 8 28 9 19 10 18 11 27 4 4 24 5 22 6 14 7 10 4 16 21 17 12 18 25 19 22
5 4 0 20 1 20 2 12 3 19 8 4 27 5 23 6 19 7 25 12 21 13 13 14 15 15 27 8 4 25 5 22 6 10 7 28 12 27 13 20 14 16 15 19 4 12 15 13 19 14 24 15 17 4 16 10 17 17 18 15 19 24
5 4 0 11 1 26 2 10 3 17 4 8 27 9 10 10 28 11 14 4 12 24 13 12 14 25 15 25 4 8 17 9 16 10 13 11 25 4 16 27 17 28 18 30 19 10
5 4 0 25 1 14 2 23 3 22 4 4 13 5 21 6 20 7 14 8 4 21 5 29 6 30 7 22 12 28 13 23 14 24 15 28 4 8 10 9 30 10 14 11 11 4 16 10 17 21 18 24 19 29
5 4 0 17 1 15 2 22 3 12 12 4 18 5 10 6 28 7 17 8 17 9 26 10 10 11 24 12 20 13 27 14 12 15 22 4 4 22 5 24 6 17 7 13 8 8 14 9 24 10 15 11 29 12 10 13 17 14 22 15 21 4 16 19 17 29 18 23 19 20
5 4 0 21 1 25 2 19 3 29 8 4 24 5 10 6 27 7 27 12 22 13 13 14 22 15 18 12 4 11 5 13 6 22 7 11 8 21 9 16 10 26 11 11 12 13 13 21 14 16 15 14 8 8 17 9 14 10 27 11 11 12 29 13 25 14 19 15 22 4 16 10 17 29 18 16 19 17
5 4 0 28 1 29 2 10 3 10 4 12 17 13 19 14 13 15 12 8 8 16 9 28 10 27 11 19 12 29 13 20 14 29 15 21 12 4 18 5 13 6 15 7 10 8 23 9 20 10 20 11 13 12 28 13 27 14 23 15 25 4 16 27 17 17 18 25 19 21
