50 20
5 4 0 18 1 25 2 27 3 21 12 4 23 5 29 6 26 7 16 8 29 9 18 10 28 11 13 12 28 13 21 14 23 15 22 12 4 22 5 17 6 26 7 24 8 11 9 30 10 16 11 26 12 12 13 14 14 10 15 29 12 4 10 5 27 6 15 7 13 8 27 9 24 10 30 11 10 12 13 13 14 14 21 15 25 4 16 14 17 22 18 26 19 10
5 4 0 21 1 26 2 11 3 28 12 4 15 5 30 6 30 7 27 8 30 9 10 10 29 11 19 12 15 13 16 14 25 15 30 4 4 26 5 24 6 28 7 17 12 4 15 5 14 6 30 7 17 8 16 9 10 10 12 11 29 12 10 13 30 14 26 15 10 4 16 10 17 30 18 26 19 10
5 4 0 20 1 16 2 29 3 19 4 4 10 5 11 6 12 7 17 12 4 19 5 17 6 24 7 11 8 21 9 23 10 18 11 22 12 17 13 14 14 24 15 26 4 8 28 9 12 10 17 11 12 4 16 22 17 21 18 14 19 24
5 4 0 27 1 23 2 10 3 27 4 4 10 5 10 6 28 7 14 8 4 16 5 25 6 13 7 12 8 23 9 26 10 25 11 11 8 4 11 5 10 6 30 7 27 12 15 13 29 14 14 15 18 4 16 17 17 23 18 12 19 25
5 4 0 30 1 10 2 18 3 24 12 4 17 5 11 6 30 7 17 8 11 9 12 10 21 11 13 12 18 13 20 14 28 15 10 12 4 13 5 22 6 25 7 21 8 19 9 14 10 16 11 21 12 20 13 25 14 29 15 18 4 4 18 5 30 6 18 7 24 4 16 22 17 11 18 22 19 22
5 4 0 14 1 30 2 11 3 17 8 8 14 9 30 10 18 11 27 12 23 13 13 14 14 15 11 8 8 30 9 14 10 15 11 15 12 21 13 23 14 27 15 13 4 12 11 13 19 14 24 15 20 4 16 16 17 16 18 26 19 22
5 4 0 21 1 25 2 29 3 18 12 4 24 5 20 6 14 7 27 8 26 9 11 10 17 11 15 12 27 13 26 14 21 15 17 8 8 16 9 21 10 26 11 29 12 24 13 23 14 16 15 25 4 12 24 13 11 14 23 15 10 4 16 26 17 27 18 17 19 26
5 4 0 24 1 22 2 13 3 15 4 4 12 5 11 6 28 7 16 12 4 13 5 30 6 28 7 11 8 25 9 13 10 10 11 16 12 12 13 17 14 15 15 22 4 4 15 5 30 6 25 7 15 4 16 27 17 15 18 22 19 20
5 4 0 19 1 19 2 24 3 10 12 4 13 5 26 6 15 7 24 8 29 9 18 10 10 11 28 12 25 13 21 14 21 15 12 8 8 26 9 30 10 28 11 30 12 25 13 16 14 19 15 27 12 4 10 5 15 6 23 7 17 8 20 9 19 10 26 11 19 12 27 13 15 14 12 15 14 4 16 11 17 12 18 24 19 22
5 4 0 24 1 11 2 15 3 10 4 12 15 13 15 14 18 15 11 12 4 12 5 13 6 11 7 10 8 11 9 14 10 26 11 26 12 25 13 10 14 15 15 14 4 12 28 13 26 14 18 15 24 4 16 20 17 25 18 25 19 30
5 4 0 26 1 20 2 19 3 10 4 4 18 5 26 6 21 7 18 8 8 30 9 26 10 25 11 11 12 10 13 18 14 19 15 18 8 4 22 5 16 6 28 7 30 8 22 9 22 10 26 11 26 4 16 30 17 13 18 25 19 25
5 4 0 23 1 14 2 21 3 10 12 4 11 5 28 6 16 7 13 8 11 9 27 10 21 11 15 12 17 13 16 14 16 15 20 4 8 12 9 30 10 20 11 27 12 4 30 5 24 6 17 7 15 8 10 9 11 10 22 11 12 12 27 13 22 14 28 15 19 4 16 23 17 10 18 25 19 24
5 4 0 12 1 14 2 26 3 14 8 4 28 5 12 6 14 7 22 8 26 9 25 10 26 11 23 8 8 20 9 22 10 27 11 18 12 25 13 25 14 17 15 15 12 4 14 5 26 6 19 7 25 8 11 9 10 10 10 11 25 12 13 13 11 14 22 15 29 4 16 30 17 13 18 21 19 17
5 4 0 19 1 15 2 22 3 17 12 4 26 5 17 6 13 7 26 8 25 9 30 10 26 11 13 12 23 13 23 14 16 15 25 4 4 12 5 13 6 24 7 10 8 4 26 5 11 6 15 7 15 12 28 13 17 14 30 15 25 4 16 24 17 28 18 27 19 30
5 4 0 20 1 24 2 21 3 16 8 4 27 5 12 6 25 7 16 12 20 13 14 14 19 15 17 8 4 22 5 29 6 24 7 15 12 12 13 19 14 27 15 28 12 4 22 5 15 6 23 7 21 8 19 9 19 10 24 11 14 12 11 13 22 14 26 15 30 4 16 24 17 10 18 12 19 22
5 4 0 18 1 17 2 10 3 17 12 4 14 5 21 6 11 7 23 8 23 9 27 10 13 11 19 12 25 13 17 14 16 15 26 8 4 19 5 17 6 20 7 11 12 13 13 24 14 10 15 20 12 4 11 5 30 6 22 7 16 8 15 9 29 10 20 11 21 12 25 13 16 14 16 15 20 4 16 24 17 21 18 16 19 15
5 4 0 17 1 25 2 22 3 21 4 4 26 5 19 6 16 7 13 12 4 20 5 21 6 17 7 24 8 30 9 29 10 29 11 11 12 27 13 28 14 15 15 10 12 4 16 5 30 6 11 7 14 8 14 9 21 10 21 11 13 12 17 13 21 14 18 15 14 4 16 17 17 19 18 13 19 28
5 4 0 22 1 12 2 28 3 24 8 8 10 9 23 10 11 11 21 12 30 13 25 14 30 15 15 8 4 20 5 25 6 27 7 19 12 16 13 12 14 19 15 22 4 8 22 9 21 10 21 11 22 4 16 15 17 28 18 11 19 26
5 4 0 28 1 17 2 11 3 10 8 8 24 9 20 10 12 11 21 12 13 13 19 14 14 15 16 8 8 18 9 24 10 29 11 14 12 14 13 26 14 30 15 28 12 4 29 5 30 6 23 7 18 8 28 9 22 10 14 11 14 12 22 13 14 14 23 15 21 4 16 11 17 26 18 13 19 23
5 4 0 16 1 18 2 22 3 23 4 12 12 13 12 14 23 15 30 4 8 13 9 30 10 22 11 25 12 4 27 5 30 6 30 7 17 8 28 9 20 10 18 11 13 12 19 13 12 14 25 15 26 4 16 21 17 13 18 26 19 14
5 4 0 21 1 30 2 23 3 11 12 4 28 5 16 6 24 7 15 8 28 9 24 10 10 11 24 12 22 13 12 14 21 15 11 8 8 12 9 12 10 11 11 28 12 24 13 28 14 23 15 13 4 4 20 5 24 6 10 7 21 4 16 10 17 28 18 26 19 22
5 4 0 15 1 19 2 22 3 16 12 4 23 5 26 6 12 7 28 8 15 9 12 10 29 11 19 12 12 13 14 14 28 15 11 8 4 27 5 22 6 15 7 14 8 20 9 19 10 26 11 10 12 4 10 5 20 6 26 7 16 8 24 9 24 10 12 11 14 12 22 13 16 14 22 15 17 4 16 11 17 25 18 14 19 22
5 4 0 13 1 13 2 21 3 22 4 12 29 13 24 14 18 15 16 4 4 23 5 17 6 24 7 11 12 4 29 5 12 6 20 7 16 8 20 9 27 10 27 11 24 12 18 13 29 14 19 15 21 4 16 20 17 30 18 30 19 24
5 4 0 22 1 17 2 22 3 20 8 4 28 5 26 6 14 7 18 8 11 9 15 10 17 11 24 8 4 27 5 15 6 24 7 28 12 23 13 14 14 10 15 20 12 4 28 5 13 6 12 7 30 8 21 9 13 10 15 11 24 12 29 13 26 14 16 15 23 4 16 30 17 25 18 10 19 29
5 4 0 28 1 10 2 20 3 26 4 4 21 5 13 6 28 7 13 4 4 19 5 20 6 10 7 13 4 4 19 5 20 6 22 7 17 4 16 30 17 13 18 19 19 10
5 4 0 16 1 30 2 20 3 14 4 8 19 9 18 10 12 11 23 4 4 12 5 28 6 25 7 26 12 4 19 5 20 6 11 7 26 8 29 9 17 10 27 11 22 12 21 13 17 14 30 15 16 4 16 16 17 13 18 18 19 24
5 4 0 14 1 30 2 27 3 29 4 8 13 9 10 10 13 11 22 8 4 20 5 17 6 13 7 12 12 10 13 12 14 26 15 25 4 12 19 13 26 14 12 15 18 4 16 20 17 30 18 10 19 18
5 4 0 14 1 14 2 16 3 25 4 4 30 5 27 6 19 7 26 8 4 19 5 26 6 29 7 30 8 25 9 27 10 15 11 10 8 4 22 5 19 6 19 7 24 8 27 9 18 10 24 11 23 4 16 29 17 16 18 15 19 26
5 4 0 22 1 28 2 11 3 22 8 8 19 9 25 10 15 11 30 12 26 13 10 14 14 15 23 4 8 11 9 21 10 28 11 24 8 4 23 5 28 6 12 7 20 12 14 13 13 14 21 15 26 4 16 16 17 13 18 10 19 14
5 4 0 14 1 18 2 12 3 21 4 8 21 9 18 10 21 11 19 8 4 29 5 27 6 16 7 19 8 10 9 21 10 27 11 22 12 4 13 5 17 6 18 7 28 8 21 9 22 10 11 11 16 12 17 13 15 14 30 15 16 4 16 14 17 21 18 19 19 25
5 4 0 20 1 30 2 14 3 28 12 4 27 5 20 6 10 7 28 8 13 9 21 10 17 11 27 12 14 13 20 14 10 15 15 12 4 17 5 27 6 18 7 15 8 24 9 21 10 11 11 27 12 22 13 21 14 18 15 19 12 4 16 5 15 6 18 7 23 8 26 9 22 10 27 11 29 12 13 13 27 14 24 15 16 4 16 20 17 10 18 30 19 19
5 4 0 29 1 23 2 20 3 30 12 4 11 5 24 6 17 7 17 8 27 9 18 10 29 11 16 12 12 13 15 14 30 15 11 8 8 27 9 22 10 13 11 11 12 10 13 12 14 10 15 11 12 4 25 5 12 6 20 7 14 8 29 9 13 10 28 11 27 12 19 13 17 14 29 15 27 4 16 14 17 18 18 17 19 17
5 4 0 20 1 21 2 17 3 21 8 4 22 5 17 6 21 7 11 12 17 13 16 14 26 15 28 12 4 24 5 14 6 25 7 20 8 12 9 11 10 27 11 15 12 15 13 16 14 21 15 15 8 4 22 5 30 6 26 7 26 8 11 9 16 10 16 11 22 4 16 29 17 14 18 15 19 23
5 4 0 30 1 20 2 26 3 29 4 8 24 9 21 10 21 11 28 8 8 26 9 12 10 17 11 29 12 12 13 14 14 23 15 11 8 4 16 5 19 6 26 7 11 8 22 9 17 10 17 11 13 4 16 15 17 18 18 14 19 15
5 4 0 29 1 20 2 28 3 18 4 12 14 13 18 14 17 15 13 8 4 20 5 26 6 25 7 20 8 12 9 13 10 16 11 10 4 12 19 13 12 14 23 15 29 4 16 10 17 20 18 17 19 26
5 4 0 19 1 29 2 25 3 30 4 4 22 5 20 6 14 7 23 12 4 30 5 17 6 13 7 22 8 28 9 21 10 18 11 17 12 28 13 29 14 13 15 14 12 4 30 5 10 6 11 7 23 8 17 9 19 10 27 11 26 12 30 13 19 14 26 15 25 4 16 10 17 18 18 19 19 11
5 4 0 21 1 19 2 17 3 20 8 8 30 9 21 10 23 11 27 12 28 13 16 14 30 15 14 4 8 28 9 11 10 27 11 13 12 4 17 5 27 6 23 7 29 8 10 9 16 10 17 11 14 12 20 13 10 14 27 15 11 4 16 28 17 18 18 20 19 13
5 4 0 11 1 29 2 25 3 20 12 4 12 5 13 6 26 7 15 8 15 9 15 10 14 11 14 12 24 13 10 14 11 15 18 8 8 26 9 26 10 17 11 18 12 22 13 25 14 16 15 12 8 4 24 5 24 6 12 7 26 8 18 9 17 10 29 11 15 4 16 22 17 22 18 13 19 19
5 4 0 18 1 10 2 14 3 18 8 4 13 5 30 6 27 7 22 12 20 13 23 14 15 15 14 4 12 13 13 17 14 10 15 24 8 4 14 5 15 6 12 7 26 8 28 9 13 10 22 11 21 4 16 23 17 13 18 26 19 18
5 4 0 10 1 30 2 19 3 28 4 8 11 9 30 10 29 11 24 8 4 30 5 14 6 14 7 11 12 12 13 26 14 15 15 12 8 8 27 9 19 10 25 11 10 12 22 13 17 14 11 15 19 4 16 16 17 12 18 22 19 29
5 4 0 27 1 27 2 18 3 10 12 4 22 5 26 6 26 7 14 8 29 9 13 10 13 11 28 12 27 13 11 14 22 15 30 4 8 10 9 16 10 12 11 11 12 4 16 5 25 6 29 7 10 8 18 9 15 10 21 11 30 12 15 13 27 14 17 15 27 4 16 26 17 14 18 12 19 18
5 4 0 16 1 24 2 18 3 21 12 4 26 5 14 6 27 7 28 8 12 9 26 10 26 11 24 12 16 13 12 14 14 15 13 4 4 11 5 29 6 11 7 30 12 4 16 5 14 6 14 7 21 8 22 9 22 10 19 11 12 12 13 13 11 14 26 15 14 4 16 25 17 15 18 17 19 12
5 4 0 17 1 16 2 28 3 24 12 4 18 5 29 6 16 7 15 8 21 9 28 10 11 11 26 12 13 13 25 14 21 15 18 12 4 13 5 19 6 20 7 10 8 18 9 12 10 17 11 13 12 27 13 25 14 22 15 24 12 4 19 5 10 6 16 7 21 8 21 9 27 10 11 11 27 12 13 13 29 14 28 15 17 4 16 12 17 11 18 13 19 19
5 4 0 16 1 25 2 19 3 30 12 4 18 5 29 6 29 7 29 8 30 9 11 10 12 11 22 12 14 13 13 14 28 15 22 8 4 17 5 14 6 18 7 19 12 16 13 30 14 24 15 13 12 4 10 5 30 6 24 7 23 8 20 9 13 10 11 11 20 12 24 13 15 14 26 15 11 4 16 24 17 27 18 26 19 11
5 4 0 29 1 26 2 19 3 15 8 8 12 9 29 10 29 11 11 12 11 13 29 14 15 15 30 12 4 25 5 18 6 20 7 29 8 22 9 14 10 14 11 24 12 24 13 22 14 10 15 12 12 4 20 5 12 6 17 7 30 8 29 9 20 10 13 11 22 12 10 13 22 14 29 15 22 4 16 21 17 12 18 24 19 19
5 4 0 21 1 18 2 14 3 16 4 4 25 5 27 6 14 7 12 8 4 29 5 22 6 21 7 26 8 26 9 29 10 29 11 17 4 12 19 13 21 14 21 15 29 4 16 14 17 28 18 21 19 30
5 4 0 19 1 29 2 27 3 13 8 4 28 5 28 6 29 7 26 8 30 9 27 10 26 11 22 12 4 18 5 13 6 30 7 26 8 13 9 17 10 21 11 15 12 14 13 25 14 11 15 26 8 4 28 5 29 6 17 7 15 8 30 9 24 10 28 11 29 4 16 24 17 18 18 18 19 15
5 4 0 10 1 30 2 27 3 22 4 4 15 5 29 6 17 7 29 12 4 14 5 30 6 29 7 23 8 13 9 30 10 10 11 22 12 10 13 11 14 10 15 30 4 4 30 5 11 6 24 7 24 4 16 14 17 13 18 15 19 25
5 4 0 12 1 12 2 29 3 20 4 12 24 13 14 14 12 15 14 12 4 13 5 27 6 14 7 22 8 30 9 20 10 20 11 16 12 18 13 23 14 27 15 15 12 4 13 5 12 6 27 7 21 8 24 9 28 10 26 11 14 12 17 13 30 14 21 15 11 4 16 15 17 10 18 10 19 19
5 4 0 11 1 15 2 16 3 27 8 4 23 5 29 6 25 7 28 8 20 9 15 10 18 11 14 4 8 14 9 11 10 26 11 19 4 12 29 13 27 14 28 15 29 4 16 30 17 20 18 19 19 14
