50 20
5 4 0 11 1 11 2 25 3 23 4 4 13 5 19 6 30 7 12 4 4 15 5 27 6 11 7 24 4 4 15 5 28 6 19 7 10 4 16 12 17 23 18 26 19 12
5 4 0 12 1 30 2 28 3 21 8 4 17 5 14 6 21 7 12 8 21 9 13 10 25 11 11 8 4 13 5 19 6 21 7 22 8 16 9 16 10 25 11 18 12 4 13 5 15 6 30 7 21 8 16 9 16 10 10 11 14 12 17 13 22 14 19 15 12 4 16 15 17 15 18 18 19 27
5 4 0 20 1 22 2 27 3 19 12 4 17 5 10 6 27 7 22 8 22 9 10 10 27 11 29 12 24 13 21 14 30 15 15 4 12 29 13 24 14 24 15 10 8 4 16 5 20 6 18 7 10 8 16 9 25 10 11 11 10 4 16 19 17 15 18 24 19 11
5 4 0 10 1 24 2 10 3 20 8 4 17 5 10 6 26 7 25 8 14 9 11 10 28 11 30 4 12 21 13 14 14 12 15 23 12 4 30 5 15 6 23 7 23 8 21 9 20 10 23 11 12 12 13 13 23 14 11 15 14 4 16 13 17 23 18 26 19 22
5 4 0 27 1 24 2 23 3 28 4 8 30 9 14 10 13 11 27 12 4 21 5 17 6 16 7 15 8 14 9 19 10 13 11 23 12 21 13 17 14 10 15 24 12 4 28 5 28 6 11 7 19 8 15 9 16 10 29 11 13 12 24 13 16 14 14 15 26 4 16 25 17 17 18 15 19 16
5 4 0 10 1 30 2 12 3 19 4 12 22 13 28 14 30 15 28 12 4 16 5 25 6 18 7 11 8 12 9 12 10 14 11 17 12 18 13 21 14 23 15 20 8 8 29 9 17 10 22 11 28 12 24 13 21 14 14 15 30 4 16 21 17 23 18 29 19 23
5 4 0 17 1 20 2 26 3 14 8 4 27 5 13 6 15 7 12 8 30 9 27 10 29 11 27 4 12 30 13 20 14 25 15 17 4 8 30 9 27 10 25 11 21 4 16 22 17 27 18 25 19 22
5 4 0 23 1 18 2 23 3 15 4 8 23 9 26 10 10 11 29 4 8 25 9 10 10 17 11 11 4 4 22 5 10 6 21 7 15 4 16 16 17 29 18 18 19 26
5 4 0 14 1 13 2 29 3 28 4 12 26 13 12 14 13 15 11 12 4 22 5 17 6 23 7 17 8 10 9 16 10 25 11 28 12 28 13 17 14 21 15 21 8 4 29 5 24 6 16 7 30 8 18 9 20 10 30 11 18 4 16 10 17 21 18 22 19 10
5 4 0 29 1 23 2 13 3 29 8 8 16 9 22 10 14 11 29 12 12 13 25 14 27 15 22 12 4 27 5 10 6 27 7 23 8 30 9 16 10 11 11 21 12 25 13 23 14 20 15 22 4 4 10 5 16 6 18 7 27 4 16 28 17 13 18 10 19 12
5 4 0 17 1 15 2 14 3 17 4 12 20 13 29 14 19 15 28 12 4 30 5 30 6 24 7 16 8 20 9 13 10 14 11 28 12 17 13 25 14 11 15 25 12 4 22 5 11 6 23 7 21 8 19 9 21 10 12 11 17 12 24 13 19 14 28 15 26 4 16 14 17 21 18 18 19 27
5 4 0 22 1 28 2 29 3 13 4 12 20 13 11 14 17 15 16 12 4 26 5 17 6 30 7 13 8 24 9 10 10 22 11 13 12 16 13 14 14 28 15 21 8 4 30 5 24 6 25 7 13 8 26 9 21 10 18 11 27 4 16 24 17 14 18 18 19 12
5 4 0 30 1 22 2 23 3 18 4 8 27 9 15 10 19 11 14 12 4 22 5 16 6 22 7 18 8 18 9 23 10 28 11 29 12 25 13 14 14 27 15 27 4 12 12 13 10 14 20 15 10 4 16 17 17 24 18 25 19 28
5 4 0 17 1 30 2 20 3 29 8 4 29 5 19 6 13 7 20 8 21 9 28 10 19 11 15 8 4 22 5 22 6 29 7 26 12 25 13 28 14 15 15 22 8 8 25 9 30 10 30 11 17 12 21 13 20 14 12 15 27 4 16 25 17 14 18 18 19 11
5 4 0 19 1 27 2 11 3 10 12 4 21 5 11 6 30 7 19 8 23 9 19 10 20 11 25 12 28 13 17 14 11 15 13 12 4 11 5 22 6 12 7 13 8 26 9 14 10 26 11 20 12 23 13 24 14 25 15 10 8 4 17 5 26 6 14 7 20 8 10 9 20 10 13 11 18 4 16 18 17 10 18 16 19 18
5 4 0 30 1 26 2 12 3 18 4 8 16 9 30 10 26 11 11 8 4 11 5 14 6 11 7 25 8 19 9 23 10 26 11 16 4 8 26 9 20 10 15 11 26 4 16 12 17 15 18 10 19 22
5 4 0 15 1 17 2 29 3 15 4 4 18 5 28 6 10 7 27 12 4 16 5 16 6 27 7 18 8 10 9 20 10 12 11 27 12 21 13 10 14 27 15 25 4 8 23 9 17 10 14 11 16 4 16 12 17 22 18 27 19 14
5 4 0 15 1 25 2 14 3 28 8 4 10 5 19 6 24 7 29 12 18 13 30 14 12 15 19 4 8 10 9 27 10 16 11 30 8 4 28 5 21 6 27 7 26 12 24 13 26 14 24 15 29 4 16 20 17 25 18 12 19 29
5 4 0 24 1 23 2 15 3 24 4 4 15 5 19 6 11 7 10 4 8 13 9 22 10 30 11 19 4 8 30 9 18 10 21 11 11 4 16 15 17 14 18 16 19 22
5 4 0 20 1 18 2 22 3 13 4 8 19 9 15 10 17 11 10 4 4 11 5 22 6 17 7 19 4 4 28 5 14 6 17 7 14 4 16 20 17 22 18 27 19 26
5 4 0 30 1 23 2 22 3 13 12 4 24 5 22 6 20 7 17 8 19 9 24 10 14 11 10 12 28 13 12 14 12 15 15 12 4 19 5 14 6 18 7 15 8 12 9 20 10 11 11 30 12 16 13 18 14 11 15 26 12 4 23 5 30 6 17 7 18 8 14 9 15 10 13 11 17 12 30 13 16 14 24 15 26 4 16 19 17 29 18 14 19 24
5 4 0 21 1 19 2 22 3 29 12 4 29 5 12 6 27 7 13 8 23 9 20 10 12 11 14 12 30 13 20 14 19 15 20 4 8 12 9 12 10 30 11 27 12 4 16 5 21 6 19 7 16 8 19 9 13 10 30 11 12 12 17 13 28 14 14 15 24 4 16 15 17 21 18 28 19 21
5 4 0 28 1 30 2 17 3 27 4 8 20 9 30 10 15 11 13 4 12 20 13 30 14 11 15 24 8 4 29 5 30 6 28 7 10 8 30 9 15 10 24 11 19 4 16 24 17 22 18 23 19 27
5 4 0 10 1 18 2 27 3 19 4 4 17 5 26 6 19 7 13 12 4 15 5 21 6 27 7 21 8 11 9 24 10 24 11 13 12 12 13 21 14 27 15 16 12 4 16 5 12 6 18 7 15 8 29 9 17 10 24 11 27 12 10 13 16 14 22 15 17 4 16 12 17 19 18 13 19 28
5 4 0 15 1 12 2 25 3 18 8 4 21 5 29 6 13 7 14 12 22 13 10 14 20 15 20 8 4 16 5 22 6 15 7 21 8 13 9 14 10 24 11 11 12 4 19 5 11 6 10 7 16 8 26 9 30 10 16 11 20 12 12 13 30 14 28 15 22 4 16 16 17 24 18 21 19 10
5 4 0 16 1 17 2 26 3 10 4 4 30 5 19 6 15 7 14 8 8 13 9 22 10 24 11 12 12 19 13 18 14 25 15 15 12 4 12 5 13 6 20 7 14 8 14 9 15 10 29 11 15 12 21 13 14 14 17 15 21 4 16 29 17 25 18 13 19 27
5 4 0 30 1 28 2 15 3 11 4 4 21 5 10 6 17 7 19 8 8 15 9 14 10 29 11 23 12 29 13 22 14 13 15 17 12 4 12 5 20 6 19 7 20 8 28 9 20 10 21 11 25 12 14 13 11 14 20 15 20 4 16 21 17 18 18 15 19 15
5 4 0 26 1 13 2 30 3 10 8 4 30 5 17 6 25 7 18 12 18 13 14 14 14 15 29 12 4 23 5 24 6 18 7 19 8 14 9 28 10 19 11 15 12 17 13 27 14 25 15 26 4 4 13 5 14 6 10 7 12 4 16 15 17 22 18 12 19 14
5 4 0 15 1 22 2 29 3 13 12 4 15 5 28 6 27 7 24 8 16 9 14 10 28 11 12 12 18 13 13 14 29 15 28 12 4 11 5 12 6 10 7 15 8 28 9 22 10 15 11 23 12 24 13 14 14 16 15 11 12 4 18 5 13 6 25 7 22 8 16 9 15 10 26 11 16 12 27 13 22 14 25 15 14 4 16 22 17 19 18 19 19 22
5 4 0 24 1 26 2 23 3 29 12 4 24 5 29 6 15 7 23 8 13 9 15 10 11 11 27 12 30 13 23 14 13 15 23 12 4 12 5 22 6 18 7 27 8 27 9 10 10 13 11 11 12 22 13 30 14 21 15 14 12 4 14 5 25 6 13 7 11 8 13 9 29 10 10 11 29 12 17 13 20 14 18 15 16 4 16 10 17 28 18 21 19 28
5 4 0 30 1 12 2 23 3 18 4 4 23 5 29 6 11 7 19 4 8 19 9 19 10 26 11 17 8 4 14 5 11 6 19 7 21 8 11 9 26 10 25 11 29 4 16 15 17 12 18 23 19 16
5 4 0 23 1 10 2 13 3 19 12 4 19 5 12 6 27 7 26 8 16 9 21 10 29 11 29 12 30 13 27 14 10 15 16 12 4 21 5 19 6 12 7 19 8 11 9 20 10 18 11 29 12 24 13 24 14 13 15 27 8 8 10 9 17 10 27 11 17 12 18 13 10 14 10 15 29 4 16 10 17 17 18 18 19 29
5 4 0 14 1 19 2 17 3 26 8 4 12 5 23 6 10 7 13 8 18 9 20 10 29 11 22 4 4 15 5 11 6 28 7 16 8 4 29 5 25 6 28 7 16 12 26 13 21 14 11 15 24 4 16 28 17 29 18 17 19 13
5 4 0 22 1 26 2 11 3 20 4 12 29 13 10 14 24 15 11 12 4 29 5 16 6 15 7 10 8 12 9 20 10 15 11 29 12 25 13 21 14 27 15 22 8 8 22 9 16 10 20 11 23 12 27 13 18 14 14 15 17 4 16 24 17 25 18 23 19 16
5 4 0 15 1 18 2 12 3 23 4 4 18 5 28 6 19 7 23 12 4 15 5 10 6 12 7 11 8 30 9 24 10 18 11 12 12 28 13 21 14 11 15 16 8 4 17 5 26 6 16 7 24 12 18 13 14 14 26 15 17 4 16 13 17 14 18 20 19 27
5 4 0 25 1 18 2 23 3 27 12 4 10 5 27 6 10 7 17 8 22 9 24 10 17 11 13 12 27 13 30 14 11 15 10 4 8 18 9 10 10 10 11 23 4 12 24 13 10 14 12 15 19 4 16 18 17 26 18 11 19 10
5 4 0 20 1 28 2 20 3 19 8 8 15 9 18 10 13 11 25 12 22 13 27 14 19 15 11 12 4 25 5 20 6 21 7 12 8 25 9 20 10 14 11 24 12 22 13 10 14 27 15 21 4 12 23 13 11 14 28 15 18 4 16 10 17 30 18 15 19 13
5 4 0 15 1 29 2 18 3 15 8 8 27 9 27 10 20 11 23 12 26 13 22 14 14 15 11 4 12 10 13 17 14 11 15 11 4 4 24 5 19 6 27 7 19 4 16 26 17 24 18 25 19 29
5 4 0 25 1 29 2 10 3 16 12 4 25 5 30 6 24 7 18 8 27 9 17 10 16 11 30 12 30 13 13 14 25 15 29 12 4 12 5 28 6 10 7 17 8 30 9 14 10 27 11 21 12 15 13 26 14 17 15 21 4 4 13 5 23 6 25 7 22 4 16 20 17 12 18 29 19 18
5 4 0 14 1 14 2 19 3 15 8 8 15 9 10 10 13 11 16 12 21 13 22 14 28 15 16 8 4 26 5 28 6 25 7 12 12 17 13 26 14 10 15 13 12 4 25 5 15 6 13 7 25 8 10 9 15 10 25 11 19 12 12 13 25 14 18 15 20 4 16 22 17 30 18 22 19 17
5 4 0 20 1 21 2 25 3 12 12 4 25 5 25 6 28 7 28 8 26 9 25 10 10 11 28 12 14 13 27 14 13 15 19 4 8 12 9 22 10 26 11 27 8 8 13 9 27 10 16 11 26 12 30 13 13 14 15 15 14 4 16 13 17 26 18 14 19 11
5 4 0 16 1 15 2 12 3 19 12 4 14 5 29 6 16 7 16 8 20 9 25 10 17 11 10 12 17 13 28 14 22 15 11 4 12 17 13 10 14 18 15 29 8 4 30 5 16 6 25 7 25 8 13 9 26 10 21 11 27 4 16 18 17 18 18 17 19 18
5 4 0 25 1 15 2 14 3 20 4 12 29 13 17 14 30 15 24 4 4 17 5 12 6 17 7 23 12 4 12 5 16 6 22 7 10 8 11 9 16 10 19 11 15 12 14 13 25 14 26 15 27 4 16 23 17 24 18 30 19 25
5 4 0 17 1 19 2 12 3 29 12 4 19 5 22 6 22 7 23 8 21 9 11 10 17 11 19 12 11 13 20 14 23 15 16 4 4 16 5 29 6 20 7 20 8 8 13 9 27 10 10 11 21 12 21 13 11 14 14 15 19 4 16 22 17 11 18 13 19 19
5 4 0 11 1 18 2 15 3 23 12 4 12 5 30 6 17 7 27 8 11 9 11 10 23 11 19 12 30 13 17 14 19 15 23 12 4 23 5 16 6 15 7 26 8 22 9 12 10 20 11 24 12 26 13 11 14 12 15 23 8 4 22 5 27 6 26 7 13 8 18 9 20 10 26 11 18 4 16 13 17 12 18 25 19 30
5 4 0 24 1 28 2 27 3 22 12 4 29 5 19 6 15 7 19 8 11 9 13 10 20 11 23 12 19 13 16 14 10 15 25 4 4 29 5 27 6 17 7 17 4 8 13 9 29 10 27 11 23 4 16 23 17 24 18 17 19 19
5 4 0 22 1 11 2 14 3 15 4 12 25 13 23 14 27 15 27 4 4 15 5 10 6 14 7 18 8 8 30 9 28 10 17 11 11 12 14 13 12 14 28 15 30 4 16 18 17 21 18 12 19 19
5 4 0 10 1 20 2 12 3 15 12 4 15 5 30 6 12 7 28 8 11 9 14 10 16 11 14 12 30 13 26 14 22 15 19 4 12 22 13 25 14 12 15 27 4 12 14 13 19 14 24 15 28 4 16 10 17 28 18 17 19 26
5 4 0 24 1 11 2 25 3 11 8 4 14 5 29 6 25 7 16 12 28 13 27 14 10 15 15 8 4 28 5 17 6 22 7 28 12 20 13 10 14 11 15 11 4 4 18 5 21 6 24 7 10 4 16 29 17 30 18 24 19 21
5 4 0 22 1 13 2 18 3 19 12 4 26 5 22 6 19 7 24 8 22 9 21 10 19 11 18 12 23 13 17 14 25 15 28 12 4 13 5 30 6 22 7 13 8 29 9 30 10 11 11 21 12 20 13 23 14 21 15 16 8 4 21 5 29 6 19 7 29 8 26 9 29 10 14 11 22 4 16 17 17 17 18 10 19 12
