100 20
5 4 0 11 1 27 2 13 3 16 8 4 24 5 24 6 11 7 29 8 23 9 14 10 17 11 16 12 4 12 5 26 6 12 7 29 8 23 9 20 10 28 11 21 12 27 13 17 14 23 15 27 12 4 27 5 15 6 20 7 19 8 30 9 30 10 21 11 17 12 26 13 25 14 11 15 10 4 16 10 17 27 18 17 19 13
5 4 0 21 1 17 2 22 3 27 8 8 12 9 22 10 24 11 25 12 30 13 20 14 20 15 27 8 8 25 9 20 10 23 11 24 12 29 13 17 14 14 15 26 12 4 24 5 14 6 11 7 28 8 19 9 24 10 10 11 28 12 14 13 11 14 24 15 27 4 16 11 17 12 18 15 19 14
5 4 0 28 1 17 2 13 3 26 8 4 22 5 24 6 15 7 18 12 30 13 28 14 22 15 24 8 4 12 5 17 6 16 7 27 8 17 9 30 10 11 11 13 8 8 22 9 27 10 25 11 25 12 28 13 22 14 22 15 15 4 16 16 17 16 18 27 19 30
5 4 0 21 1 28 2 29 3 14 8 4 17 5 27 6 27 7 18 12 23 13 11 14 30 15 22 12 4 27 5 20 6 23 7 12 8 14 9 21 10 18 11 10 12 13 13 22 14 28 15 25 8 8 20 9 14 10 22 11 10 12 22 13 30 14 17 15 10 4 16 17 17 19 18 10 19 27
5 4 0 28 1 13 2 23 3 16 4 8 22 9 21 10 24 11 13 12 4 26 5 13 6 24 7 25 8 28 9 25 10 12 11 20 12 24 13 18 14 20 15 14 8 4 13 5 20 6 26 7 21 12 15 13 22 14 19 15 30 4 16 30 17 26 18 28 19 17
5 4 0 20 1 30 2 27 3 18 12 4 30 5 16 6 23 7 12 8 12 9 22 10 15 11 25 12 21 13 20 14 29 15 25 4 4 16 5 30 6 23 7 25 8 4 28 5 19 6 10 7 23 12 30 13 24 14 10 15 18 4 16 20 17 30 18 25 19 26
5 4 0 17 1 11 2 27 3 25 4 4 28 5 19 6 29 7 13 4 12 17 13 15 14 23 15 14 12 4 21 5 16 6 26 7 16 8 17 9 13 10 28 11 17 12 14 13 20 14 17 15 28 4 16 22 17 24 18 20 19 10
5 4 0 23 1 20 2 16 3 24 8 4 24 5 23 6 27 7 27 8 13 9 24 10 29 11 22 4 4 30 5 18 6 23 7 27 4 4 25 5 28 6 19 7 21 4 16 13 17 18 18 29 19 23
5 4 0 15 1 14 2 21 3 17 4 4 17 5 30 6 25 7 28 12 4 18 5 18 6 18 7 16 8 10 9 10 10 14 11 13 12 30 13 10 14 10 15 20 12 4 16 5 10 6 20 7 20 8 28 9 17 10 26 11 16 12 10 13 17 14 14 15 16 4 16 16 17 12 18 23 19 30
5 4 0 18 1 18 2 13 3 18 12 4 19 5 24 6 19 7 10 8 27 9 10 10 28 11 13 12 14 13 24 14 10 15 25 12 4 23 5 22 6 28 7 14 8 26 9 20 10 24 11 23 12 12 13 10 14 11 15 15 4 8 19 9 14 10 10 11 23 4 16 22 17 28 18 30 19 30
5 4 0 27 1 16 2 15 3 23 12 4 12 5 17 6 25 7 19 8 24 9 20 10 30 11 30 12 18 13 28 14 19 15 23 8 8 24 9 27 10 14 11 23 12 17 13 17 14 27 15 27 12 4 25 5 16 6 20 7 18 8 20 9 10 10 21 11 24 12 13 13 22 14 21 15 11 4 16 12 17 20 18 16 19 23
5 4 0 23 1 15 2 28 3 23 4 4 23 5 24 6 25 7 16 12 4 25 5 29 6 25 7 16 8 26 9 17 10 18 11 18 12 14 13 29 14 26 15 22 8 8 20 9 16 10 29 11 12 12 29 13 23 14 29 15 10 4 16 14 17 10 18 15 19 19
5 4 0 16 1 20 2 16 3 25 12 4 26 5 18 6 24 7 29 8 22 9 18 10 20 11 12 12 10 13 11 14 10 15 17 8 8 11 9 18 10 14 11 26 12 22 13 26 14 15 15 13 12 4 18 5 27 6 29 7 15 8 28 9 21 10 13 11 30 12 15 13 14 14 10 15 18 4 16 14 17 15 18 26 19 24
5 4 0 25 1 29 2 29 3 26 8 4 10 5 15 6 24 7 24 8 15 9 27 10 27 11 18 8 4 13 5 10 6 21 7 23 12 30 13 15 14 17 15 15 8 4 10 5 27 6 18 7 21 12 29 13 28 14 14 15 15 4 16 25 17 19 18 18 19 19
5 4 0 26 1 30 2 12 3 13 4 8 15 9 18 10 14 11 23 8 8 25 9 30 10 27 11 10 12 28 13 30 14 12 15 10 12 4 25 5 14 6 11 7 30 8 17 9 27 10 20 11 21 12 11 13 19 14 11 15 11 4 16 18 17 29 18 19 19 19
5 4 0 19 1 28 2 15 3 19 8 8 30 9 16 10 20 11 23 12 20 13 25 14 17 15 28 8 4 24 5 15 6 27 7 23 8 14 9 30 10 16 11 22 4 12 14 13 12 14 21 15 21 4 16 20 17 11 18 24 19 25
5 4 0 30 1 10 2 28 3 18 8 8 26 9 21 10 23 11 25 12 11 13 30 14 29 15 20 4 4 24 5 30 6 21 7 17 12 4 27 5 19 6 16 7 27 8 26 9 25 10 24 11 28 12 23 13 10 14 24 15 29 4 16 29 17 16 18 14 19 15
5 4 0 17 1 15 2 12 3 21 4 12 18 13 30 14 24 15 13 8 4 16 5 30 6 14 7 20 12 22 13 25 14 16 15 16 4 4 30 5 19 6 30 7 21 4 16 29 17 13 18 14 19 29
5 4 0 27 1 18 2 28 3 27 8 4 27 5 20 6 29 7 19 8 26 9 19 10 18 11 20 12 4 25 5 16 6 24 7 13 8 28 9 22 10 26 11 17 12 18 13 17 14 10 15 16 4 12 12 13 25 14 16 15 22 4 16 29 17 22 18 10 19 25
5 4 0 23 1 21 2 30 3 26 4 12 29 13 10 14 22 15 11 8 4 19 5 22 6 17 7 12 12 24 13 18 14 11 15 22 12 4 13 5 16 6 18 7 27 8 27 9 24 10 23 11 16 12 11 13 20 14 27 15 16 4 16 30 17 13 18 15 19 25
5 4 0 28 1 19 2 30 3 21 4 8 10 9 14 10 17 11 22 4 4 15 5 14 6 22 7 26 8 4 12 5 10 6 19 7 27 8 25 9 10 10 24 11 16 4 16 24 17 16 18 29 19 28
5 4 0 20 1 17 2 18 3 30 4 8 29 9 16 10 28 11 15 12 4 13 5 22 6 14 7 27 8 13 9 10 10 30 11 16 12 18 13 24 14 12 15 15 4 12 20 13 11 14 23 15 13 4 16 18 17 23 18 15 19 21
5 4 0 13 1 15 2 15 3 17 4 8 22 9 24 10 16 11 17 12 4 19 5 28 6 23 7 25 8 27 9 12 10 19 11 15 12 12 13 27 14 14 15 27 8 8 11 9 10 10 28 11 19 12 15 13 14 14 16 15 20 4 16 21 17 30 18 30 19 27
5 4 0 26 1 23 2 15 3 29 8 4 12 5 28 6 14 7 16 12 30 13 30 14 20 15 17 4 8 28 9 28 10 12 11 19 4 8 20 9 27 10 26 11 10 4 16 15 17 28 18 19 19 29
5 4 0 16 1 15 2 26 3 16 12 4 15 5 12 6 16 7 13 8 19 9 16 10 30 11 26 12 16 13 29 14 17 15 29 4 4 15 5 28 6 10 7 11 12 4 14 5 22 6 29 7 11 8 20 9 25 10 19 11 18 12 14 13 10 14 29 15 17 4 16 24 17 21 18 20 19 12
5 4 0 11 1 21 2 16 3 14 8 4 19 5 30 6 15 7 25 12 27 13 30 14 17 15 28 8 4 16 5 28 6 11 7 26 8 29 9 29 10 13 11 27 12 4 26 5 16 6 27 7 29 8 15 9 11 10 17 11 25 12 14 13 21 14 26 15 18 4 16 16 17 27 18 18 19 15
5 4 0 17 1 15 2 14 3 30 4 12 30 13 29 14 24 15 12 12 4 11 5 14 6 26 7 12 8 12 9 26 10 30 11 14 12 26 13 27 14 14 15 19 8 4 21 5 28 6 10 7 29 8 19 9 24 10 23 11 23 4 16 17 17 24 18 16 19 17
5 4 0 19 1 17 2 26 3 18 12 4 17 5 16 6 16 7 12 8 18 9 24 10 30 11 16 12 28 13 13 14 24 15 13 4 4 27 5 16 6 27 7 16 4 12 30 13 14 14 25 15 26 4 16 20 17 29 18 21 19 24
5 4 0 19 1 19 2 19 3 14 8 4 24 5 30 6 13 7 28 12 23 13 16 14 24 15 10 4 12 26 13 29 14 14 15 15 8 8 27 9 29 10 22 11 17 12 26 13 23 14 28 15 13 4 16 20 17 12 18 12 19 13
5 4 0 10 1 21 2 27 3 29 8 8 10 9 25 10 15 11 14 12 19 13 11 14 15 15 12 8 4 29 5 23 6 30 7 20 8 18 9 10 10 10 11 21 12 4 14 5 17 6 22 7 21 8 25 9 15 10 10 11 23 12 10 13 13 14 18 15 13 4 16 27 17 18 18 30 19 24
5 4 0 16 1 21 2 16 3 14 12 4 14 5 23 6 22 7 21 8 21 9 13 10 26 11 14 12 30 13 24 14 25 15 27 12 4 21 5 20 6 21 7 15 8 20 9 15 10 11 11 29 12 24 13 11 14 15 15 16 4 12 24 13 18 14 11 15 28 4 16 19 17 19 18 21 19 11
5 4 0 18 1 19 2 10 3 30 4 12 15 13 22 14 26 15 16 8 4 22 5 19 6 29 7 15 8 21 9 24 10 28 11 13 4 12 23 13 24 14 14 15 27 4 16 21 17 18 18 17 19 11
5 4 0 17 1 17 2 22 3 30 12 4 13 5 24 6 19 7 11 8 24 9 29 10 23 11 17 12 30 13 30 14 11 15 21 12 4 25 5 13 6 14 7 20 8 22 9 28 10 29 11 15 12 10 13 15 14 18 15 23 8 4 18 5 13 6 10 7 10 8 28 9 26 10 21 11 26 4 16 21 17 24 18 20 19 26
5 4 0 18 1 17 2 12 3 17 12 4 14 5 26 6 12 7 12 8 30 9 16 10 29 11 23 12 23 13 20 14 23 15 12 8 4 11 5 25 6 30 7 19 8 15 9 25 10 29 11 23 12 4 10 5 21 6 16 7 14 8 14 9 19 10 26 11 28 12 21 13 17 14 20 15 27 4 16 16 17 12 18 22 19 10
5 4 0 18 1 11 2 20 3 26 8 4 14 5 15 6 12 7 11 8 12 9 11 10 12 11 21 8 8 12 9 22 10 20 11 28 12 13 13 25 14 21 15 24 4 12 14 13 27 14 19 15 25 4 16 16 17 23 18 17 19 25
5 4 0 28 1 20 2 15 3 24 8 8 19 9 22 10 30 11 22 12 29 13 19 14 22 15 17 8 4 20 5 18 6 25 7 18 8 12 9 24 10 18 11 23 8 8 24 9 22 10 14 11 10 12 19 13 16 14 29 15 10 4 16 17 17 20 18 30 19 30
5 4 0 15 1 23 2 16 3 21 4 4 10 5 27 6 15 7 21 4 8 22 9 22 10 10 11 28 8 8 21 9 15 10 30 11 20 12 25 13 22 14 15 15 13 4 16 12 17 23 18 17 19 13
5 4 0 30 1 21 2 22 3 23 8 4 16 5 18 6 18 7 29 12 29 13 24 14 20 15 20 4 12 19 13 16 14 11 15 27 8 4 25 5 29 6 15 7 20 8 10 9 19 10 13 11 11 4 16 27 17 20 18 12 19 20
5 4 0 28 1 17 2 14 3 29 4 12 16 13 28 14 26 15 25 12 4 10 5 27 6 21 7 13 8 11 9 12 10 12 11 26 12 10 13 18 14 13 15 16 12 4 22 5 16 6 10 7 25 8 19 9 16 10 28 11 28 12 29 13 20 14 24 15 22 4 16 13 17 29 18 25 19 19
5 4 0 14 1 16 2 27 3 16 12 4 15 5 19 6 21 7 18 8 24 9 17 10 20 11 26 12 26 13 14 14 13 15 27 4 4 26 5 18 6 11 7 16 12 4 30 5 27 6 27 7 22 8 27 9 26 10 18 11 29 12 11 13 23 14 18 15 15 4 16 22 17 20 18 11 19 24
5 4 0 13 1 26 2 29 3 25 8 4 20 5 17 6 23 7 27 8 25 9 21 10 16 11 23 8 4 13 5 28 6 26 7 14 8 24 9 26 10 30 11 11 4 8 26 9 18 10 12 11 10 4 16 15 17 18 18 25 19 26
5 4 0 29 1 25 2 14 3 16 4 8 24 9 22 10 30 11 26 12 4 16 5 15 6 15 7 26 8 18 9 26 10 12 11 30 12 16 13 12 14 21 15 30 12 4 11 5 16 6 15 7 28 8 10 9 23 10 18 11 23 12 19 13 17 14 10 15 13 4 16 11 17 12 18 11 19 24
5 4 0 25 1 15 2 16 3 25 4 4 24 5 17 6 11 7 29 8 4 18 5 13 6 26 7 10 8 11 9 19 10 26 11 11 12 4 20 5 19 6 14 7 30 8 29 9 20 10 22 11 24 12 14 13 17 14 23 15 24 4 16 24 17 16 18 28 19 29
5 4 0 29 1 16 2 14 3 30 12 4 18 5 24 6 11 7 18 8 14 9 10 10 22 11 26 12 16 13 12 14 21 15 20 8 4 10 5 14 6 12 7 18 12 17 13 30 14 16 15 21 12 4 29 5 16 6 10 7 29 8 30 9 27 10 20 11 20 12 15 13 11 14 28 15 12 4 16 21 17 24 18 14 19 16
5 4 0 23 1 19 2 26 3 14 4 4 16 5 30 6 10 7 30 4 8 22 9 20 10 26 11 23 4 12 14 13 21 14 28 15 11 4 16 13 17 11 18 12 19 15
5 4 0 29 1 21 2 25 3 30 8 8 27 9 26 10 27 11 25 12 27 13 13 14 15 15 23 4 4 23 5 20 6 18 7 27 12 4 23 5 20 6 20 7 17 8 10 9 15 10 10 11 23 12 16 13 24 14 14 15 25 4 16 13 17 25 18 28 19 19
5 4 0 20 1 20 2 25 3 25 12 4 27 5 24 6 10 7 30 8 10 9 18 10 24 11 11 12 18 13 24 14 11 15 25 12 4 24 5 28 6 23 7 28 8 23 9 24 10 14 11 28 12 14 13 21 14 19 15 19 4 4 15 5 23 6 13 7 24 4 16 30 17 15 18 27 19 14
5 4 0 22 1 30 2 11 3 30 12 4 24 5 19 6 23 7 29 8 16 9 10 10 14 11 28 12 16 13 12 14 22 15 25 12 4 18 5 17 6 30 7 17 8 20 9 20 10 19 11 19 12 30 13 10 14 16 15 25 12 4 24 5 28 6 12 7 29 8 17 9 14 10 30 11 28 12 13 13 28 14 10 15 12 4 16 14 17 30 18 19 19 26
5 4 0 29 1 22 2 14 3 30 12 4 11 5 29 6 16 7 21 8 10 9 11 10 14 11 13 12 15 13 24 14 17 15 21 8 4 28 5 29 6 14 7 25 8 23 9 21 10 17 11 23 4 8 22 9 15 10 24 11 25 4 16 27 17 10 18 17 19 28
5 4 0 17 1 14 2 28 3 19 12 4 14 5 24 6 19 7 11 8 15 9 28 10 28 11 25 12 16 13 19 14 24 15 16 8 4 11 5 17 6 13 7 10 12 30 13 23 14 18 15 27 4 12 25 13 24 14 16 15 27 4 16 12 17 22 18 28 19 27
5 4 0 21 1 27 2 12 3 15 4 4 16 5 28 6 26 7 17 4 12 25 13 12 14 20 15 21 12 4 22 5 17 6 18 7 18 8 12 9 13 10 28 11 12 12 22 13 14 14 13 15 24 4 16 24 17 14 18 15 19 28
5 4 0 20 1 16 2 25 3 11 4 12 10 13 11 14 17 15 20 12 4 12 5 10 6 19 7 19 8 16 9 10 10 19 11 15 12 21 13 15 14 28 15 14 4 12 30 13 22 14 26 15 18 4 16 28 17 16 18 15 19 30
5 4 0 17 1 12 2 11 3 29 8 8 15 9 13 10 22 11 13 12 24 13 16 14 29 15 11 8 4 13 5 19 6 14 7 13 12 13 13 19 14 22 15 18 12 4 11 5 13 6 11 7 17 8 20 9 20 10 20 11 19 12 23 13 29 14 27 15 25 4 16 26 17 17 18 29 19 11
5 4 0 29 1 18 2 11 3 28 8 4 11 5 28 6 29 7 29 8 28 9 27 10 22 11 10 12 4 19 5 20 6 27 7 20 8 10 9 18 10 13 11 21 12 29 13 14 14 30 15 30 12 4 14 5 12 6 15 7 21 8 10 9 19 10 27 11 17 12 22 13 16 14 13 15 26 4 16 12 17 23 18 14 19 15
5 4 0 20 1 27 2 25 3 13 12 4 21 5 23 6 10 7 25 8 29 9 19 10 16 11 12 12 18 13 26 14 17 15 10 12 4 24 5 22 6 20 7 21 8 17 9 20 10 13 11 29 12 13 13 23 14 29 15 23 8 4 19 5 25 6 22 7 26 12 29 13 14 14 15 15 21 4 16 23 17 16 18 13 19 29
5 4 0 11 1 24 2 24 3 26 4 12 30 13 27 14 26 15 23 8 4 16 5 26 6 25 7 27 12 15 13 19 14 27 15 30 4 12 30 13 13 14 17 15 28 4 16 18 17 27 18 25 19 11
5 4 0 24 1 25 2 11 3 23 4 4 14 5 15 6 19 7 15 12 4 16 5 27 6 29 7 27 8 26 9 21 10 22 11 24 12 16 13 15 14 28 15 10 12 4 12 5 19 6 26 7 14 8 29 9 20 10 26 11 28 12 22 13 22 14 18 15 25 4 16 12 17 28 18 25 19 15
5 4 0 14 1 13 2 25 3 20 4 8 13 9 23 10 22 11 11 12 4 21 5 25 6 21 7 25 8 20 9 13 10 13 11 11 12 22 13 16 14 13 15 18 12 4 18 5 19 6 29 7 13 8 30 9 27 10 23 11 17 12 25 13 12 14 21 15 29 4 16 20 17 12 18 13 19 16
5 4 0 29 1 29 2 26 3 23 4 12 16 13 24 14 29 15 11 4 12 11 13 20 14 10 15 19 12 4 13 5 10 6 11 7 17 8 25 9 11 10 24 11 28 12 11 13 13 14 24 15 22 4 16 18 17 12 18 18 19 17
5 4 0 27 1 18 2 24 3 10 8 4 13 5 30 6 29 7 11 12 28 13 16 14 11 15 16 4 4 27 5 23 6 30 7 13 12 4 30 5 26 6 21 7 19 8 15 9 19 10 18 11 27 12 27 13 23 14 29 15 21 4 16 19 17 27 18 29 19 17
5 4 0 15 1 12 2 28 3 18 8 4 30 5 29 6 19 7 23 12 30 13 15 14 29 15 13 12 4 26 5 21 6 12 7 24 8 27 9 21 10 17 11 25 12 20 13 25 14 23 15 14 4 12 20 13 30 14 13 15 29 4 16 10 17 27 18 25 19 29
5 4 0 30 1 15 2 29 3 11 4 4 16 5 30 6 14 7 27 12 4 18 5 18 6 15 7 20 8 19 9 14 10 15 11 21 12 13 13 15 14 10 15 11 8 4 22 5 15 6 14 7 20 8 16 9 18 10 17 11 22 4 16 25 17 11 18 23 19 13
5 4 0 17 1 20 2 24 3 23 8 4 25 5 16 6 23 7 26 12 20 13 25 14 11 15 30 4 8 22 9 17 10 16 11 13 4 8 13 9 17 10 21 11 17 4 16 15 17 14 18 27 19 10
5 4 0 23 1 19 2 24 3 10 12 4 19 5 22 6 15 7 20 8 10 9 15 10 30 11 29 12 21 13 27 14 20 15 17 12 4 28 5 16 6 10 7 26 8 19 9 21 10 27 11 22 12 14 13 24 14 10 15 30 4 4 26 5 23 6 16 7 11 4 16 21 17 11 18 19 19 25
5 4 0 25 1 27 2 29 3 23 8 4 11 5 10 6 27 7 26 8 17 9 10 10 26 11 28 8 4 21 5 24 6 16 7 22 12 25 13 30 14 16 15 18 4 12 13 13 10 14 14 15 29 4 16 12 17 25 18 12 19 11
5 4 0 13 1 21 2 30 3 13 4 12 26 13 26 14 28 15 19 8 4 30 5 18 6 29 7 10 12 28 13 16 14 25 15 17 12 4 20 5 28 6 10 7 27 8 15 9 10 10 23 11 15 12 17 13 28 14 24 15 16 4 16 21 17 25 18 28 19 30
5 4 0 18 1 18 2 10 3 12 12 4 12 5 19 6 16 7 16 8 13 9 24 10 11 11 19 12 10 13 24 14 15 15 12 12 4 13 5 18 6 12 7 11 8 25 9 30 10 22 11 15 12 23 13 16 14 12 15 20 8 4 21 5 20 6 21 7 12 8 11 9 11 10 26 11 25 4 16 18 17 17 18 13 19 15
5 4 0 30 1 24 2 18 3 17 4 12 18 13 29 14 29 15 15 8 8 12 9 13 10 18 11 13 12 24 13 27 14 25 15 26 8 4 26 5 30 6 24 7 15 8 11 9 30 10 26 11 16 4 16 16 17 23 18 19 19 17
5 4 0 25 1 22 2 30 3 18 4 12 30 13 17 14 18 15 18 12 4 11 5 24 6 17 7 29 8 24 9 12 10 24 11 23 12 10 13 29 14 24 15 11 12 4 11 5 15 6 27 7 22 8 29 9 25 10 19 11 29 12 13 13 20 14 14 15 27 4 16 20 17 19 18 21 19 21
5 4 0 22 1 29 2 22 3 17 12 4 13 5 15 6 19 7 29 8 22 9 10 10 14 11 27 12 12 13 22 14 19 15 23 12 4 11 5 16 6 12 7 22 8 13 9 16 10 10 11 29 12 19 13 15 14 17 15 12 8 4 30 5 22 6 28 7 21 12 17 13 29 14 15 15 29 4 16 24 17 18 18 23 19 26
5 4 0 14 1 22 2 15 3 10 4 12 26 13 24 14 15 15 27 12 4 16 5 20 6 24 7 27 8 19 9 26 10 25 11 10 12 24 13 28 14 28 15 27 4 12 20 13 18 14 11 15 19 4 16 19 17 13 18 29 19 17
5 4 0 21 1 20 2 24 3 23 12 4 17 5 10 6 27 7 16 8 24 9 11 10 23 11 11 12 14 13 17 14 14 15 16 8 8 12 9 14 10 22 11 19 12 24 13 14 14 14 15 24 8 8 16 9 20 10 17 11 27 12 10 13 14 14 12 15 18 4 16 15 17 26 18 22 19 23
5 4 0 11 1 17 2 20 3 17 12 4 20 5 15 6 13 7 18 8 19 9 16 10 30 11 22 12 25 13 19 14 11 15 18 8 4 29 5 25 6 20 7 20 8 11 9 18 10 16 11 29 12 4 27 5 25 6 10 7 25 8 11 9 15 10 15 11 30 12 23 13 28 14 15 15 13 4 16 24 17 19 18 29 19 11
5 4 0 22 1 14 2 12 3 24 8 4 27 5 28 6 14 7 10 8 28 9 26 10 18 11 24 12 4 24 5 15 6 27 7 12 8 29 9 21 10 15 11 20 12 26 13 15 14 20 15 20 8 8 13 9 14 10 18 11 19 12 21 13 28 14 16 15 25 4 16 17 17 18 18 13 19 15
5 4 0 16 1 12 2 10 3 25 4 8 12 9 14 10 30 11 24 4 12 22 13 14 14 24 15 25 4 12 17 13 11 14 17 15 21 4 16 11 17 16 18 23 19 30
5 4 0 15 1 29 2 28 3 24 4 8 26 9 24 10 26 11 10 8 8 27 9 23 10 22 11 16 12 14 13 15 14 27 15 20 12 4 25 5 18 6 24 7 27 8 12 9 18 10 12 11 11 12 23 13 10 14 14 15 25 4 16 23 17 29 18 25 19 11
5 4 0 11 1 12 2 22 3 24 4 4 21 5 27 6 10 7 20 8 8 14 9 13 10 20 11 20 12 11 13 20 14 29 15 13 8 8 15 9 26 10 30 11 18 12 15 13 22 14 30 15 11 4 16 29 17 19 18 30 19 16
5 4 0 12 1 19 2 28 3 18 8 8 27 9 17 10 17 11 18 12 11 13 12 14 24 15 22 8 4 10 5 20 6 23 7 11 8 20 9 11 10 29 11 17 4 4 26 5 25 6 19 7 25 4 16 21 17 17 18 10 19 17
5 4 0 17 1 20 2 23 3 29 4 12 16 13 24 14 11 15 28 8 4 18 5 21 6 24 7 13 8 29 9 10 10 25 11 27 8 4 15 5 12 6 27 7 15 8 30 9 23 10 13 11 19 4 16 10 17 22 18 15 19 24
5 4 0 19 1 11 2 18 3 30 8 4 10 5 30 6 11 7 21 8 24 9 18 10 29 11 29 8 4 16 5 18 6 25 7 16 8 12 9 21 10 20 11 16 8 4 11 5 14 6 23 7 12 12 27 13 22 14 21 15 15 4 16 23 17 12 18 15 19 11
5 4 0 10 1 19 2 12 3 17 12 4 21 5 13 6 18 7 13 8 28 9 22 10 18 11 22 12 30 13 25 14 25 15 20 12 4 17 5 12 6 20 7 12 8 25 9 20 10 26 11 11 12 23 13 25 14 18 15 16 12 4 23 5 19 6 26 7 23 8 10 9 21 10 12 11 12 12 19 13 14 14 15 15 10 4 16 28 17 16 18 19 19 10
5 4 0 10 1 19 2 15 3 13 4 12 21 13 19 14 21 15 19 8 4 28 5 28 6 15 7 15 8 18 9 13 10 14 11 18 4 12 26 13 25 14 12 15 29 4 16 12 17 24 18 25 19 18
5 4 0 19 1 25 2 25 3 20 8 4 21 5 14 6 23 7 23 8 19 9 23 10 23 11 14 4 8 11 9 28 10 12 11 14 12 4 12 5 23 6 22 7 30 8 15 9 19 10 12 11 16 12 11 13 13 14 13 15 28 4 16 14 17 14 18 29 19 13
5 4 0 30 1 26 2 23 3 14 12 4 21 5 13 6 27 7 16 8 25 9 13 10 19 11 11 12 30 13 21 14 22 15 28 12 4 11 5 18 6 10 7 28 8 26 9 20 10 13 11 13 12 30 13 12 14 11 15 24 4 8 12 9 12 10 20 11 11 4 16 23 17 25 18 13 19 11
5 4 0 14 1 28 2 30 3 10 4 4 20 5 30 6 14 7 26 8 4 24 5 17 6 21 7 10 12 21 13 19 14 16 15 22 4 4 26 5 21 6 13 7 19 4 16 18 17 30 18 20 19 28
5 4 0 20 1 20 2 18 3 10 4 8 28 9 12 10 18 11 29 12 4 26 5 12 6 11 7 19 8 24 9 27 10 11 11 26 12 11 13 22 14 27 15 27 4 8 16 9 13 10 28 11 27 4 16 17 17 17 18 25 19 16
5 4 0 22 1 22 2 16 3 22 8 4 14 5 24 6 13 7 27 8 14 9 15 10 12 11 17 4 8 27 9 25 10 21 11 18 8 4 22 5 25 6 12 7 21 12 21 13 10 14 29 15 15 4 16 17 17 27 18 26 19 13
5 4 0 14 1 21 2 11 3 14 8 4 12 5 11 6 29 7 10 8 11 9 10 10 18 11 17 12 4 18 5 30 6 28 7 14 8 29 9 12 10 25 11 17 12 17 13 21 14 16 15 27 12 4 23 5 30 6 17 7 24 8 23 9 29 10 23 11 12 12 10 13 28 14 28 15 24 4 16 29 17 18 18 11 19 11
5 4 0 24 1 12 2 23 3 21 4 4 15 5 29 6 26 7 21 8 4 23 5 26 6 27 7 23 12 27 13 13 14 21 15 21 12 4 16 5 16 6 24 7 21 8 12 9 21 10 24 11 19 12 25 13 11 14 26 15 25 4 16 22 17 26 18 12 19 12
5 4 0 26 1 19 2 26 3 14 8 4 14 5 26 6 14 7 10 12 25 13 23 14 20 15 22 12 4 13 5 23 6 26 7 15 8 14 9 25 10 14 11 12 12 25 13 21 14 20 15 25 8 4 28 5 29 6 10 7 21 8 10 9 10 10 27 11 11 4 16 25 17 29 18 25 19 12
5 4 0 19 1 30 2 24 3 14 12 4 30 5 18 6 23 7 16 8 30 9 15 10 12 11 14 12 16 13 20 14 20 15 14 12 4 20 5 28 6 23 7 18 8 13 9 23 10 29 11 22 12 28 13 25 14 28 15 16 4 8 25 9 30 10 24 11 20 4 16 20 17 15 18 19 19 13
5 4 0 23 1 22 2 27 3 14 8 8 11 9 24 10 18 11 24 12 12 13 19 14 20 15 24 8 8 11 9 28 10 19 11 26 12 24 13 23 14 30 15 17 12 4 12 5 11 6 22 7 17 8 23 9 28 10 24 11 10 12 19 13 21 14 15 15 15 4 16 24 17 28 18 27 19 11
5 4 0 30 1 20 2 30 3 13 4 12 20 13 17 14 21 15 20 12 4 14 5 28 6 19 7 14 8 16 9 22 10 23 11 17 12 16 13 26 14 16 15 20 4 8 23 9 13 10 21 11 19 4 16 13 17 14 18 14 19 25
5 4 0 19 1 10 2 17 3 24 12 4 28 5 19 6 20 7 18 8 29 9 30 10 28 11 14 12 22 13 30 14 15 15 16 4 4 20 5 11 6 21 7 18 12 4 15 5 25 6 13 7 19 8 24 9 15 10 25 11 25 12 14 13 25 14 26 15 10 4 16 11 17 28 18 11 19 27
5 4 0 10 1 22 2 16 3 29 4 4 19 5 16 6 16 7 19 8 4 20 5 30 6 21 7 12 8 11 9 17 10 11 11 18 4 8 25 9 11 10 11 11 28 4 16 10 17 24 18 12 19 27
5 4 0 13 1 16 2 11 3 29 4 4 10 5 17 6 12 7 15 4 12 14 13 17 14 30 15 28 4 4 19 5 29 6 24 7 16 4 16 29 17 27 18 27 19 11
5 4 0 17 1 30 2 19 3 29 4 8 14 9 17 10 21 11 12 4 4 27 5 27 6 24 7 14 12 4 16 5 12 6 28 7 19 8 27 9 16 10 29 11 12 12 29 13 15 14 29 15 14 4 16 29 17 23 18 15 19 24
5 4 0 18 1 11 2 25 3 16 4 8 28 9 30 10 28 11 24 12 4 24 5 22 6 19 7 28 8 10 9 27 10 24 11 10 12 29 13 22 14 30 15 17 12 4 10 5 22 6 10 7 29 8 30 9 18 10 10 11 11 12 22 13 25 14 15 15 18 4 16 19 17 30 18 25 19 13
5 4 0 16 1 13 2 12 3 25 4 4 18 5 20 6 22 7 19 12 4 25 5 24 6 19 7 15 8 26 9 21 10 11 11 28 12 19 13 15 14 30 15 16 4 4 21 5 21 6 10 7 20 4 16 30 17 17 18 22 19 16
5 4 0 21 1 26 2 10 3 21 4 12 14 13 23 14 25 15 20 4 8 30 9 28 10 21 11 30 8 4 20 5 18 6 24 7 15 12 10 13 12 14 23 15 11 4 16 11 17 13 18 14 19 15
